ano,mes,estacao,chuva,codigo_estacao,municipio,uf,areakm,estado,precipitacao_total_mm,pressao_nivel_estacao_mb,pressao_max_ant_mb,pressao_min_ant_mb,radiacao_global_kj_m2,temperatura_bulbo_seco_c,temperatura_orvalho_c,temperatura_max_ant_c,temperatura_min_ant_c,orvalho_max_ant_c,orvalho_min_ant_c,umidade_max_ant_pct,umidade_min_ant_pct,umidade_ar_pct,vento_direcao_graus,vento_rajada_max_ms,vento_velocidade_ms
1991,1,51002,14.34909090909091,51002,mazagao,AP,,,,,,,,,,,,,,,,,,,
1991,1,771001,2.3870967741935485,771001,tarauaca,AC,,,,,,,,,,,,,,,,,,,
1991,1,872000,5.429032258064517,872000,marechal thaumaturgo,AC,,,,,,,,,,,,,,,,,,,
1991,1,972000,7.888709677419355,972000,marechal thaumaturgo,AC,,,,,,,,,,,,,,,,,,,
1991,1,1068000,13.664516129032258,1068000,xapuri,AC,,,,,,,,,,,,,,,,,,,
1991,1,8050000,12.735483870967743,8050000,macapa,AP,,,,,,,,,,,,,,,,,,,
1991,1,8051010,9.626666666666667,8051010,macapa,AP,,,,,,,,,,,,,,,,,,,
1991,1,8052000,8.948387096774193,8052000,serra do navio,AP,,,,,,,,,,,,,,,,,,,
1991,1,8150000,15.245161290322581,8150000,tartarugalzinho,AP,,,,,,,,,,,,,,,,,,,
1991,1,8251001,34.377419354838715,8251001,calcoene,AP,,,,,,,,,,,,,,,,,,,
1991,2,51002,33.14782608695652,51002,mazagao,AP,,,,,,,,,,,,,,,,,,,
1991,2,771001,1.7285714285714284,771001,tarauaca,AC,,,,,,,,,,,,,,,,,,,
1991,2,872000,1.9214285714285713,872000,marechal thaumaturgo,AC,,,,,,,,,,,,,,,,,,,
1991,2,972000,11.37142857142857,972000,marechal thaumaturgo,AC,,,,,,,,,,,,,,,,,,,
1991,2,1068000,9.385714285714286,1068000,xapuri,AC,,,,,,,,,,,,,,,,,,,
1991,2,8050000,8.4,8050000,macapa,AP,,,,,,,,,,,,,,,,,,,
1991,2,8051010,13.207142857142857,8051010,macapa,AP,,,,,,,,,,,,,,,,,,,
1991,2,8052000,11.292857142857143,8052000,serra do navio,AP,,,,,,,,,,,,,,,,,,,
1991,2,8150000,13.346428571428572,8150000,tartarugalzinho,AP,,,,,,,,,,,,,,,,,,,
1991,2,8251001,31.014285714285712,8251001,calcoene,AP,,,,,,,,,,,,,,,,,,,
1991,3,51002,16.823809523809523,51002,mazagao,AP,,,,,,,,,,,,,,,,,,,
1991,3,771001,6.161290322580645,771001,tarauaca,AC,,,,,,,,,,,,,,,,,,,
1991,3,872000,8.748387096774193,872000,marechal thaumaturgo,AC,,,,,,,,,,,,,,,,,,,
1991,3,972000,6.538709677419354,972000,marechal thaumaturgo,AC,,,,,,,,,,,,,,,,,,,
1991,3,1068000,9.432258064516128,1068000,xapuri,AC,,,,,,,,,,,,,,,,,,,
1991,3,8050000,9.941935483870967,8050000,macapa,AP,,,,,,,,,,,,,,,,,,,
1991,3,8051010,8.59032258064516,8051010,macapa,AP,,,,,,,,,,,,,,,,,,,
1991,3,8052000,12.44516129032258,8052000,serra do navio,AP,,,,,,,,,,,,,,,,,,,
1991,3,8150000,11.654838709677419,8150000,tartarugalzinho,AP,,,,,,,,,,,,,,,,,,,
1991,3,8251001,38.354838709677416,8251001,calcoene,AP,,,,,,,,,,,,,,,,,,,
1991,4,51002,14.221052631578948,51002,mazagao,AP,,,,,,,,,,,,,,,,,,,
1991,4,771001,9.5,771001,tarauaca,AC,,,,,,,,,,,,,,,,,,,
1991,4,872000,5.680000000000001,872000,marechal thaumaturgo,AC,,,,,,,,,,,,,,,,,,,
1991,4,972000,5.753333333333333,972000,marechal thaumaturgo,AC,,,,,,,,,,,,,,,,,,,
1991,4,1068000,2.4466666666666668,1068000,xapuri,AC,,,,,,,,,,,,,,,,,,,
1991,4,8050000,8.623333333333333,8050000,macapa,AP,,,,,,,,,,,,,,,,,,,
1991,4,8051010,8.264285714285714,8051010,macapa,AP,,,,,,,,,,,,,,,,,,,
1991,4,8052000,7.053333333333333,8052000,serra do navio,AP,,,,,,,,,,,,,,,,,,,
1991,4,8150000,11.283333333333333,8150000,tartarugalzinho,AP,,,,,,,,,,,,,,,,,,,
1991,4,8251001,14.9,8251001,calcoene,AP,,,,,,,,,,,,,,,,,,,
1991,5,51002,4.714814814814814,51002,mazagao,AP,,,,,,,,,,,,,,,,,,,
1991,5,771001,3.7419354838709675,771001,tarauaca,AC,,,,,,,,,,,,,,,,,,,
1991,5,872000,1.396774193548387,872000,marechal thaumaturgo,AC,,,,,,,,,,,,,,,,,,,
1991,5,972000,1.5548387096774194,972000,marechal thaumaturgo,AC,,,,,,,,,,,,,,,,,,,
1991,5,1068000,1.9645161290322581,1068000,xapuri,AC,,,,,,,,,,,,,,,,,,,
1991,5,8050000,8.72258064516129,8050000,macapa,AP,,,,,,,,,,,,,,,,,,,
1991,5,8051010,9.33548387096774,8051010,macapa,AP,,,,,,,,,,,,,,,,,,,
1991,5,8052000,15.593548387096773,8052000,serra do navio,AP,,,,,,,,,,,,,,,,,,,
1991,5,8150000,14.558064516129033,8150000,tartarugalzinho,AP,,,,,,,,,,,,,,,,,,,
1991,5,8251001,,8251001,calcoene,AP,,,,,,,,,,,,,,,,,,,
1991,6,51002,17.041666666666668,51002,mazagao,AP,,,,,,,,,,,,,,,,,,,
1991,6,771001,0.7,771001,tarauaca,AC,,,,,,,,,,,,,,,,,,,
1991,6,872000,0.7066666666666667,872000,marechal thaumaturgo,AC,,,,,,,,,,,,,,,,,,,
1991,6,972000,4.293333333333334,972000,marechal thaumaturgo,AC,,,,,,,,,,,,,,,,,,,
1991,6,1068000,1.72,1068000,xapuri,AC,,,,,,,,,,,,,,,,,,,
1991,6,8050000,2.547169811320755,8050000,macapa,AP,,,,,,,,,,,,,,,,,,,
1991,6,8051010,8.706666666666667,8051010,macapa,AP,,,,,,,,,,,,,,,,,,,
1991,6,8052000,10.686666666666667,8052000,serra do navio,AP,,,,,,,,,,,,,,,,,,,
1991,6,8150000,10.413333333333332,8150000,tartarugalzinho,AP,,,,,,,,,,,,,,,,,,,
1991,6,8251001,,8251001,calcoene,AP,,,,,,,,,,,,,,,,,,,
1991,7,51002,,51002,mazagao,AP,,,,,,,,,,,,,,,,,,,
1991,7,771001,2.2580645161290325,771001,tarauaca,AC,,,,,,,,,,,,,,,,,,,
1991,7,872000,0.9161290322580645,872000,marechal thaumaturgo,AC,,,,,,,,,,,,,,,,,,,
1991,7,972000,3.0903225806451613,972000,marechal thaumaturgo,AC,,,,,,,,,,,,,,,,,,,
1991,7,1068000,0.0,1068000,xapuri,AC,,,,,,,,,,,,,,,,,,,
1991,7,8050000,2.9,8050000,macapa,AP,,,,,,,,,,,,,,,,,,,
1991,7,8051010,4.767741935483872,8051010,macapa,AP,,,,,,,,,,,,,,,,,,,
1991,7,8052000,7.354838709677419,8052000,serra do navio,AP,,,,,,,,,,,,,,,,,,,
1991,7,8150000,5.611290322580645,8150000,tartarugalzinho,AP,,,,,,,,,,,,,,,,,,,
1991,7,8251001,28.015000000000004,8251001,calcoene,AP,,,,,,,,,,,,,,,,,,,
1991,8,51002,,51002,mazagao,AP,,,,,,,,,,,,,,,,,,,
1991,8,771001,0.9032258064516129,771001,tarauaca,AC,,,,,,,,,,,,,,,,,,,
1991,8,872000,2.3451612903225807,872000,marechal thaumaturgo,AC,,,,,,,,,,,,,,,,,,,
1991,8,972000,1.5225806451612904,972000,marechal thaumaturgo,AC,,,,,,,,,,,,,,,,,,,
1991,8,1068000,1.2774193548387098,1068000,xapuri,AC,,,,,,,,,,,,,,,,,,,
1991,8,8050000,5.687096774193549,8050000,macapa,AP,,,,,,,,,,,,,,,,,,,
1991,8,8051010,1.967741935483871,8051010,macapa,AP,,,,,,,,,,,,,,,,,,,
1991,8,8052000,3.832258064516129,8052000,serra do navio,AP,,,,,,,,,,,,,,,,,,,
1991,8,8150000,1.6419354838709677,8150000,tartarugalzinho,AP,,,,,,,,,,,,,,,,,,,
1991,8,8251001,18.083870967741937,8251001,calcoene,AP,,,,,,,,,,,,,,,,,,,
1991,9,51002,,51002,mazagao,AP,,,,,,,,,,,,,,,,,,,
1991,9,771001,3.966666666666667,771001,tarauaca,AC,,,,,,,,,,,,,,,,,,,
1991,9,872000,1.0733333333333335,872000,marechal thaumaturgo,AC,,,,,,,,,,,,,,,,,,,
1991,9,972000,5.680000000000001,972000,marechal thaumaturgo,AC,,,,,,,,,,,,,,,,,,,
1991,9,1068000,2.8766666666666665,1068000,xapuri,AC,,,,,,,,,,,,,,,,,,,
1991,9,8050000,0.45,8050000,macapa,AP,,,,,,,,,,,,,,,,,,,
1991,9,8051010,0.1,8051010,macapa,AP,,,,,,,,,,,,,,,,,,,
1991,9,8052000,1.0,8052000,serra do navio,AP,,,,,,,,,,,,,,,,,,,
1991,9,8150000,0.08333333333333333,8150000,tartarugalzinho,AP,,,,,,,,,,,,,,,,,,,
1991,9,8251001,0.5933333333333334,8251001,calcoene,AP,,,,,,,,,,,,,,,,,,,
1991,10,51002,,51002,mazagao,AP,,,,,,,,,,,,,,,,,,,
1991,10,771001,5.419354838709677,771001,tarauaca,AC,,,,,,,,,,,,,,,,,,,
1991,10,872000,2.3096774193548386,872000,marechal thaumaturgo,AC,,,,,,,,,,,,,,,,,,,
1991,10,972000,5.490322580645162,972000,marechal thaumaturgo,AC,,,,,,,,,,,,,,,,,,,
1991,10,1068000,4.303225806451613,1068000,xapuri,AC,,,,,,,,,,,,,,,,,,,
1991,10,8050000,0.16451612903225804,8050000,macapa,AP,,,,,,,,,,,,,,,,,,,
1991,10,8051010,0.0,8051010,macapa,AP,,,,,,,,,,,,,,,,,,,
1991,10,8052000,1.7483870967741937,8052000,serra do navio,AP,,,,,,,,,,,,,,,,,,,
1991,10,8150000,0.0,8150000,tartarugalzinho,AP,,,,,,,,,,,,,,,,,,,
1991,10,8251001,3.835483870967742,8251001,calcoene,AP,,,,,,,,,,,,,,,,,,,
1991,11,51002,1.5999999999999999,51002,mazagao,AP,,,,,,,,,,,,,,,,,,,
1991,11,771001,8.8,771001,tarauaca,AC,,,,,,,,,,,,,,,,,,,
1991,11,872000,3.24,872000,marechal thaumaturgo,AC,,,,,,,,,,,,,,,,,,,
1991,11,972000,4.526666666666667,972000,marechal thaumaturgo,AC,,,,,,,,,,,,,,,,,,,
1991,11,1068000,4.753333333333333,1068000,xapuri,AC,,,,,,,,,,,,,,,,,,,
1991,11,8050000,,8050000,macapa,AP,,,,,,,,,,,,,,,,,,,
1991,11,8051010,0.0,8051010,macapa,AP,,,,,,,,,,,,,,,,,,,
1991,11,8052000,0.15,8052000,serra do navio,AP,,,,,,,,,,,,,,,,,,,
1991,11,8150000,0.06666666666666667,8150000,tartarugalzinho,AP,,,,,,,,,,,,,,,,,,,
1991,11,8251001,0.58,8251001,calcoene,AP,,,,,,,,,,,,,,,,,,,
1991,12,51002,0.0,51002,mazagao,AP,,,,,,,,,,,,,,,,,,,
1991,12,771001,6.548387096774194,771001,tarauaca,AC,,,,,,,,,,,,,,,,,,,
1991,12,872000,2.97741935483871,872000,marechal thaumaturgo,AC,,,,,,,,,,,,,,,,,,,
1991,12,972000,5.606451612903225,972000,marechal thaumaturgo,AC,,,,,,,,,,,,,,,,,,,
1991,12,1068000,5.054838709677419,1068000,xapuri,AC,,,,,,,,,,,,,,,,,,,
1991,12,8050000,0.8419354838709678,8050000,macapa,AP,,,,,,,,,,,,,,,,,,,
1991,12,8051010,1.8258064516129033,8051010,macapa,AP,,,,,,,,,,,,,,,,,,,
1991,12,8052000,4.34516129032258,8052000,serra do navio,AP,,,,,,,,,,,,,,,,,,,
1991,12,8150000,1.932258064516129,8150000,tartarugalzinho,AP,,,,,,,,,,,,,,,,,,,
1991,12,8251001,1.038709677419355,8251001,calcoene,AP,,,,,,,,,,,,,,,,,,,
1992,1,51002,1.009090909090909,51002,mazagao,AP,,,,,,,,,,,,,,,,,,,
1992,1,771001,3.7419354838709675,771001,tarauaca,AC,,,,,,,,,,,,,,,,,,,
1992,1,872000,3.3,872000,marechal thaumaturgo,AC,,,,,,,,,,,,,,,,,,,
1992,1,972000,4.754838709677419,972000,marechal thaumaturgo,AC,,,,,,,,,,,,,,,,,,,
1992,1,1068000,4.780645161290322,1068000,xapuri,AC,,,,,,,,,,,,,,,,,,,
1992,1,8050000,3.561290322580645,8050000,macapa,AP,,,,,,,,,,,,,,,,,,,
1992,1,8051010,3.2548387096774194,8051010,macapa,AP,,,,,,,,,,,,,,,,,,,
1992,1,8051012,,8051012,porto grande,AP,,,,,,,,,,,,,,,,,,,
1992,1,8052000,3.5870967741935487,8052000,serra do navio,AP,,,,,,,,,,,,,,,,,,,
1992,1,8150000,3.9096774193548387,8150000,tartarugalzinho,AP,,,,,,,,,,,,,,,,,,,
1992,1,8251001,11.44,8251001,calcoene,AP,,,,,,,,,,,,,,,,,,,
1992,2,51002,10.579310344827586,51002,mazagao,AP,,,,,,,,,,,,,,,,,,,
1992,2,771001,2.1724137931034484,771001,tarauaca,AC,,,,,,,,,,,,,,,,,,,
1992,2,872000,2.2140350877192985,872000,marechal thaumaturgo,AC,,,,,,,,,,,,,,,,,,,
1992,2,972000,6.820689655172414,972000,marechal thaumaturgo,AC,,,,,,,,,,,,,,,,,,,
1992,2,1068000,5.748275862068965,1068000,xapuri,AC,,,,,,,,,,,,,,,,,,,
1992,2,8050000,11.50357142857143,8050000,macapa,AP,,,,,,,,,,,,,,,,,,,
1992,2,8051010,12.351724137931035,8051010,macapa,AP,,,,,,,,,,,,,,,,,,,
1992,2,8051012,,8051012,porto grande,AP,,,,,,,,,,,,,,,,,,,
1992,2,8052000,9.979310344827585,8052000,serra do navio,AP,,,,,,,,,,,,,,,,,,,
1992,2,8150000,18.06206896551724,8150000,tartarugalzinho,AP,,,,,,,,,,,,,,,,,,,
1992,2,8251001,6.714285714285714,8251001,calcoene,AP,,,,,,,,,,,,,,,,,,,
1992,3,51002,5.877419354838709,51002,mazagao,AP,,,,,,,,,,,,,,,,,,,
1992,3,771001,6.032258064516129,771001,tarauaca,AC,,,,,,,,,,,,,,,,,,,
1992,3,872000,3.2225806451612904,872000,marechal thaumaturgo,AC,,,,,,,,,,,,,,,,,,,
1992,3,972000,7.096774193548387,972000,marechal thaumaturgo,AC,,,,,,,,,,,,,,,,,,,
1992,3,1068000,6.835483870967742,1068000,xapuri,AC,,,,,,,,,,,,,,,,,,,
1992,3,8050000,6.435483870967742,8050000,macapa,AP,,,,,,,,,,,,,,,,,,,
1992,3,8051010,14.790322580645162,8051010,macapa,AP,,,,,,,,,,,,,,,,,,,
1992,3,8051012,12.865,8051012,porto grande,AP,,,,,,,,,,,,,,,,,,,
1992,3,8052000,10.1,8052000,serra do navio,AP,,,,,,,,,,,,,,,,,,,
1992,3,8150000,15.454838709677418,8150000,tartarugalzinho,AP,,,,,,,,,,,,,,,,,,,
1992,3,8251001,7.870967741935484,8251001,calcoene,AP,,,,,,,,,,,,,,,,,,,
1992,4,51002,8.816666666666666,51002,mazagao,AP,,,,,,,,,,,,,,,,,,,
1992,4,771001,1.8666666666666667,771001,tarauaca,AC,,,,,,,,,,,,,,,,,,,
1992,4,872000,2.3666666666666667,872000,marechal thaumaturgo,AC,,,,,,,,,,,,,,,,,,,
1992,4,972000,5.253333333333333,972000,marechal thaumaturgo,AC,,,,,,,,,,,,,,,,,,,
1992,4,1068000,2.8266666666666667,1068000,xapuri,AC,,,,,,,,,,,,,,,,,,,
1992,4,8050000,7.206666666666666,8050000,macapa,AP,,,,,,,,,,,,,,,,,,,
1992,4,8051010,13.051724137931034,8051010,macapa,AP,,,,,,,,,,,,,,,,,,,
1992,4,8051012,11.676666666666668,8051012,porto grande,AP,,,,,,,,,,,,,,,,,,,
1992,4,8052000,12.469999999999999,8052000,serra do navio,AP,,,,,,,,,,,,,,,,,,,
1992,4,8150000,10.603333333333333,8150000,tartarugalzinho,AP,,,,,,,,,,,,,,,,,,,
1992,4,8251001,8.266666666666667,8251001,calcoene,AP,,,,,,,,,,,,,,,,,,,
1992,5,51002,7.233333333333333,51002,mazagao,AP,,,,,,,,,,,,,,,,,,,
1992,5,771001,5.864516129032259,771001,tarauaca,AC,,,,,,,,,,,,,,,,,,,
1992,5,872000,1.432258064516129,872000,marechal thaumaturgo,AC,,,,,,,,,,,,,,,,,,,
1992,5,972000,2.6193548387096772,972000,marechal thaumaturgo,AC,,,,,,,,,,,,,,,,,,,
1992,5,1068000,0.8354838709677419,1068000,xapuri,AC,,,,,,,,,,,,,,,,,,,
1992,5,8050000,1.6451612903225807,8050000,macapa,AP,,,,,,,,,,,,,,,,,,,
1992,5,8051010,2.4099999999999997,8051010,macapa,AP,,,,,,,,,,,,,,,,,,,
1992,5,8051012,4.851612903225806,8051012,porto grande,AP,,,,,,,,,,,,,,,,,,,
1992,5,8052000,4.064516129032258,8052000,serra do navio,AP,,,,,,,,,,,,,,,,,,,
1992,5,8150000,1.6258064516129032,8150000,tartarugalzinho,AP,,,,,,,,,,,,,,,,,,,
1992,5,8251001,,8251001,calcoene,AP,,,,,,,,,,,,,,,,,,,
1992,6,51002,5.793333333333334,51002,mazagao,AP,,,,,,,,,,,,,,,,,,,
1992,6,771001,0.33999999999999997,771001,tarauaca,AC,,,,,,,,,,,,,,,,,,,
1992,6,872000,0.2966666666666667,872000,marechal thaumaturgo,AC,,,,,,,,,,,,,,,,,,,
1992,6,972000,2.4,972000,marechal thaumaturgo,AC,,,,,,,,,,,,,,,,,,,
1992,6,1068000,0.4766666666666667,1068000,xapuri,AC,,,,,,,,,,,,,,,,,,,
1992,6,8050000,0.9299999999999999,8050000,macapa,AP,,,,,,,,,,,,,,,,,,,
1992,6,8051010,3.279310344827586,8051010,macapa,AP,,,,,,,,,,,,,,,,,,,
1992,6,8051012,5.576666666666667,8051012,porto grande,AP,,,,,,,,,,,,,,,,,,,
1992,6,8052000,4.846666666666667,8052000,serra do navio,AP,,,,,,,,,,,,,,,,,,,
1992,6,8150000,3.3433333333333333,8150000,tartarugalzinho,AP,,,,,,,,,,,,,,,,,,,
1992,6,8251001,6.2375,8251001,calcoene,AP,,,,,,,,,,,,,,,,,,,
1992,7,51002,5.745161290322581,51002,mazagao,AP,,,,,,,,,,,,,,,,,,,
1992,7,771001,1.2516129032258063,771001,tarauaca,AC,,,,,,,,,,,,,,,,,,,
1992,7,872000,0.6967741935483871,872000,marechal thaumaturgo,AC,,,,,,,,,,,,,,,,,,,
1992,7,972000,3.9612903225806453,972000,marechal thaumaturgo,AC,,,,,,,,,,,,,,,,,,,
1992,7,1068000,2.2451612903225806,1068000,xapuri,AC,,,,,,,,,,,,,,,,,,,
1992,7,8050000,0.47096774193548385,8050000,macapa,AP,,,,,,,,,,,,,,,,,,,
1992,7,8051010,4.425806451612903,8051010,macapa,AP,,,,,,,,,,,,,,,,,,,
1992,7,8051012,7.787096774193548,8051012,porto grande,AP,,,,,,,,,,,,,,,,,,,
1992,7,8052000,3.106451612903226,8052000,serra do navio,AP,,,,,,,,,,,,,,,,,,,
1992,7,8150000,3.4387096774193546,8150000,tartarugalzinho,AP,,,,,,,,,,,,,,,,,,,
1992,7,8251001,2.6258064516129034,8251001,calcoene,AP,,,,,,,,,,,,,,,,,,,
1992,8,51002,3.1,51002,mazagao,AP,,,,,,,,,,,,,,,,,,,
1992,8,771001,1.7548387096774196,771001,tarauaca,AC,,,,,,,,,,,,,,,,,,,
1992,8,872000,0.6870967741935483,872000,marechal thaumaturgo,AC,,,,,,,,,,,,,,,,,,,
1992,8,972000,1.5483870967741935,972000,marechal thaumaturgo,AC,,,,,,,,,,,,,,,,,,,
1992,8,1068000,0.9741935483870967,1068000,xapuri,AC,,,,,,,,,,,,,,,,,,,
1992,8,8050000,1.464516129032258,8050000,macapa,AP,,,,,,,,,,,,,,,,,,,
1992,8,8051010,1.435483870967742,8051010,macapa,AP,,,,,,,,,,,,,,,,,,,
1992,8,8051012,4.639130434782609,8051012,porto grande,AP,,,,,,,,,,,,,,,,,,,
1992,8,8052000,4.209677419354839,8052000,serra do navio,AP,,,,,,,,,,,,,,,,,,,
1992,8,8150000,3.4645161290322584,8150000,tartarugalzinho,AP,,,,,,,,,,,,,,,,,,,
1992,8,8251001,2.7096774193548385,8251001,calcoene,AP,,,,,,,,,,,,,,,,,,,
1992,9,51002,1.1166666666666667,51002,mazagao,AP,,,,,,,,,,,,,,,,,,,
1992,9,771001,2.0633333333333335,771001,tarauaca,AC,,,,,,,,,,,,,,,,,,,
1992,9,872000,1.6033333333333333,872000,marechal thaumaturgo,AC,,,,,,,,,,,,,,,,,,,
1992,9,972000,1.8066666666666669,972000,marechal thaumaturgo,AC,,,,,,,,,,,,,,,,,,,
1992,9,1068000,3.7066666666666666,1068000,xapuri,AC,,,,,,,,,,,,,,,,,,,
1992,9,8050000,0.04,8050000,macapa,AP,,,,,,,,,,,,,,,,,,,
1992,9,8051010,0.0,8051010,macapa,AP,,,,,,,,,,,,,,,,,,,
1992,9,8051012,2.7333333333333334,8051012,porto grande,AP,,,,,,,,,,,,,,,,,,,
1992,9,8052000,3.103333333333333,8052000,serra do navio,AP,,,,,,,,,,,,,,,,,,,
1992,9,8150000,0.19666666666666668,8150000,tartarugalzinho,AP,,,,,,,,,,,,,,,,,,,
1992,9,8251001,0.6300000000000001,8251001,calcoene,AP,,,,,,,,,,,,,,,,,,,
1992,10,51002,0.0,51002,mazagao,AP,,,,,,,,,,,,,,,,,,,
1992,10,771001,2.3169811320754716,771001,tarauaca,AC,,,,,,,,,,,,,,,,,,,
1992,10,872000,1.2229508196721313,872000,marechal thaumaturgo,AC,,,,,,,,,,,,,,,,,,,
1992,10,972000,4.858064516129033,972000,marechal thaumaturgo,AC,,,,,,,,,,,,,,,,,,,
1992,10,1068000,2.8774193548387097,1068000,xapuri,AC,,,,,,,,,,,,,,,,,,,
1992,10,8050000,0.0,8050000,macapa,AP,,,,,,,,,,,,,,,,,,,
1992,10,8051010,0.0,8051010,macapa,AP,,,,,,,,,,,,,,,,,,,
1992,10,8051012,3.858064516129032,8051012,porto grande,AP,,,,,,,,,,,,,,,,,,,
1992,10,8052000,0.42903225806451617,8052000,serra do navio,AP,,,,,,,,,,,,,,,,,,,
1992,10,8150000,0.016129032258064516,8150000,tartarugalzinho,AP,,,,,,,,,,,,,,,,,,,
1992,10,8251001,1.7483870967741937,8251001,calcoene,AP,,,,,,,,,,,,,,,,,,,
1992,11,51002,2.89,51002,mazagao,AP,,,,,,,,,,,,,,,,,,,
1992,11,771001,3.821276595744681,771001,tarauaca,AC,,,,,,,,,,,,,,,,,,,
1992,11,872000,1.45,872000,marechal thaumaturgo,AC,,,,,,,,,,,,,,,,,,,
1992,11,972000,5.2,972000,marechal thaumaturgo,AC,,,,,,,,,,,,,,,,,,,
1992,11,1068000,4.26,1068000,xapuri,AC,,,,,,,,,,,,,,,,,,,
1992,11,8050000,0.7466666666666666,8050000,macapa,AP,,,,,,,,,,,,,,,,,,,
1992,11,8051010,0.6833333333333333,8051010,macapa,AP,,,,,,,,,,,,,,,,,,,
1992,11,8051012,1.8166666666666667,8051012,porto grande,AP,,,,,,,,,,,,,,,,,,,
1992,11,8052000,2.0966666666666667,8052000,serra do navio,AP,,,,,,,,,,,,,,,,,,,
1992,11,8150000,0.7266666666666667,8150000,tartarugalzinho,AP,,,,,,,,,,,,,,,,,,,
1992,11,8251001,2.23,8251001,calcoene,AP,,,,,,,,,,,,,,,,,,,
1992,12,51002,1.1354838709677417,51002,mazagao,AP,,,,,,,,,,,,,,,,,,,
1992,12,771001,,771001,tarauaca,AC,,,,,,,,,,,,,,,,,,,
1992,12,872000,1.9967741935483871,872000,marechal thaumaturgo,AC,,,,,,,,,,,,,,,,,,,
1992,12,972000,9.980645161290322,972000,marechal thaumaturgo,AC,,,,,,,,,,,,,,,,,,,
1992,12,1068000,8.819354838709678,1068000,xapuri,AC,,,,,,,,,,,,,,,,,,,
1992,12,8050000,1.0357142857142858,8050000,macapa,AP,,,,,,,,,,,,,,,,,,,
1992,12,8051010,1.474193548387097,8051010,macapa,AP,,,,,,,,,,,,,,,,,,,
1992,12,8051012,5.315789473684211,8051012,porto grande,AP,,,,,,,,,,,,,,,,,,,
1992,12,8052000,2.8193548387096774,8052000,serra do navio,AP,,,,,,,,,,,,,,,,,,,
1992,12,8150000,2.8870967741935485,8150000,tartarugalzinho,AP,,,,,,,,,,,,,,,,,,,
1992,12,8251001,7.283870967741936,8251001,calcoene,AP,,,,,,,,,,,,,,,,,,,
1993,1,51002,7.9772727272727275,51002,mazagao,AP,,,,,,,,,,,,,,,,,,,
1993,1,771001,8.709677419354838,771001,tarauaca,AC,,,,,,,,,,,,,,,,,,,
1993,1,872000,2.164516129032258,872000,marechal thaumaturgo,AC,,,,,,,,,,,,,,,,,,,
1993,1,972000,11.23225806451613,972000,marechal thaumaturgo,AC,,,,,,,,,,,,,,,,,,,
1993,1,1067003,9.399999999999999,1067003,capixaba,AC,,,,,,,,,,,,,,,,,,,
1993,1,1068000,6.280645161290322,1068000,xapuri,AC,,,,,,,,,,,,,,,,,,,
1993,1,8050000,4.051612903225807,8050000,macapa,AP,,,,,,,,,,,,,,,,,,,
1993,1,8051010,6.312903225806452,8051010,macapa,AP,,,,,,,,,,,,,,,,,,,
1993,1,8051012,7.495833333333334,8051012,porto grande,AP,,,,,,,,,,,,,,,,,,,
1993,1,8052000,8.847999999999999,8052000,serra do navio,AP,,,,,,,,,,,,,,,,,,,
1993,1,8150000,7.096774193548387,8150000,tartarugalzinho,AP,,,,,,,,,,,,,,,,,,,
1993,1,8250002,,8250002,calcoene,AP,,,,,,,,,,,,,,,,,,,
1993,1,8250003,,8250003,amapa,AP,,,,,,,,,,,,,,,,,,,
1993,1,8251001,3.1322580645161286,8251001,calcoene,AP,,,,,,,,,,,,,,,,,,,
1993,2,51002,9.110714285714286,51002,mazagao,AP,,,,,,,,,,,,,,,,,,,
1993,2,771001,3.6535714285714285,771001,tarauaca,AC,,,,,,,,,,,,,,,,,,,
1993,2,872000,2.507142857142857,872000,marechal thaumaturgo,AC,,,,,,,,,,,,,,,,,,,
1993,2,972000,9.7,972000,marechal thaumaturgo,AC,,,,,,,,,,,,,,,,,,,
1993,2,1067003,11.12857142857143,1067003,capixaba,AC,,,,,,,,,,,,,,,,,,,
1993,2,1068000,9.021428571428572,1068000,xapuri,AC,,,,,,,,,,,,,,,,,,,
1993,2,8050000,3.7178571428571425,8050000,macapa,AP,,,,,,,,,,,,,,,,,,,
1993,2,8051010,12.996296296296295,8051010,macapa,AP,,,,,,,,,,,,,,,,,,,
1993,2,8051012,8.253571428571428,8051012,porto grande,AP,,,,,,,,,,,,,,,,,,,
1993,2,8052000,9.716000000000001,8052000,serra do navio,AP,,,,,,,,,,,,,,,,,,,
1993,2,8150000,7.325,8150000,tartarugalzinho,AP,,,,,,,,,,,,,,,,,,,
1993,2,8250002,,8250002,calcoene,AP,,,,,,,,,,,,,,,,,,,
1993,2,8250003,,8250003,amapa,AP,,,,,,,,,,,,,,,,,,,
1993,2,8251001,4.475,8251001,calcoene,AP,,,,,,,,,,,,,,,,,,,
1993,3,51002,13.889999999999999,51002,mazagao,AP,,,,,,,,,,,,,,,,,,,
1993,3,771001,4.199999999999999,771001,tarauaca,AC,,,,,,,,,,,,,,,,,,,
1993,3,872000,2.045161290322581,872000,marechal thaumaturgo,AC,,,,,,,,,,,,,,,,,,,
1993,3,972000,11.490322580645161,972000,marechal thaumaturgo,AC,,,,,,,,,,,,,,,,,,,
1993,3,1067003,10.761290322580646,1067003,capixaba,AC,,,,,,,,,,,,,,,,,,,
1993,3,1068000,7.180645161290323,1068000,xapuri,AC,,,,,,,,,,,,,,,,,,,
1993,3,8050000,4.787096774193548,8050000,macapa,AP,,,,,,,,,,,,,,,,,,,
1993,3,8051010,14.113333333333335,8051010,macapa,AP,,,,,,,,,,,,,,,,,,,
1993,3,8051012,6.038095238095238,8051012,porto grande,AP,,,,,,,,,,,,,,,,,,,
1993,3,8052000,15.381818181818181,8052000,serra do navio,AP,,,,,,,,,,,,,,,,,,,
1993,3,8150000,13.383870967741935,8150000,tartarugalzinho,AP,,,,,,,,,,,,,,,,,,,
1993,3,8250002,33.977777777777774,8250002,calcoene,AP,,,,,,,,,,,,,,,,,,,
1993,3,8250003,24.807142857142857,8250003,amapa,AP,,,,,,,,,,,,,,,,,,,
1993,3,8251001,7.496774193548387,8251001,calcoene,AP,,,,,,,,,,,,,,,,,,,
1993,4,51002,13.796296296296296,51002,mazagao,AP,,,,,,,,,,,,,,,,,,,
1993,4,771001,0.5766666666666667,771001,tarauaca,AC,,,,,,,,,,,,,,,,,,,
1993,4,872000,2.033333333333333,872000,marechal thaumaturgo,AC,,,,,,,,,,,,,,,,,,,
1993,4,972000,7.496666666666667,972000,marechal thaumaturgo,AC,,,,,,,,,,,,,,,,,,,
1993,4,1067003,7.953333333333333,1067003,capixaba,AC,,,,,,,,,,,,,,,,,,,
1993,4,1068000,6.993333333333334,1068000,xapuri,AC,,,,,,,,,,,,,,,,,,,
1993,4,8050000,11.446428571428571,8050000,macapa,AP,,,,,,,,,,,,,,,,,,,
1993,4,8051010,11.243333333333334,8051010,macapa,AP,,,,,,,,,,,,,,,,,,,
1993,4,8051012,10.496296296296295,8051012,porto grande,AP,,,,,,,,,,,,,,,,,,,
1993,4,8052000,21.7,8052000,serra do navio,AP,,,,,,,,,,,,,,,,,,,
1993,4,8150000,16.51,8150000,tartarugalzinho,AP,,,,,,,,,,,,,,,,,,,
1993,4,8250002,23.19333333333333,8250002,calcoene,AP,,,,,,,,,,,,,,,,,,,
1993,4,8250003,32.92631578947368,8250003,amapa,AP,,,,,,,,,,,,,,,,,,,
1993,4,8251001,6.653333333333333,8251001,calcoene,AP,,,,,,,,,,,,,,,,,,,
1993,5,51002,7.290322580645161,51002,mazagao,AP,,,,,,,,,,,,,,,,,,,
1993,5,771001,0.08064516129032258,771001,tarauaca,AC,,,,,,,,,,,,,,,,,,,
1993,5,872000,1.2774193548387098,872000,marechal thaumaturgo,AC,,,,,,,,,,,,,,,,,,,
1993,5,972000,6.709677419354839,972000,marechal thaumaturgo,AC,,,,,,,,,,,,,,,,,,,
1993,5,1067003,2.1548387096774193,1067003,capixaba,AC,,,,,,,,,,,,,,,,,,,
1993,5,1068000,2.851612903225807,1068000,xapuri,AC,,,,,,,,,,,,,,,,,,,
1993,5,8050000,1.8451612903225807,8050000,macapa,AP,,,,,,,,,,,,,,,,,,,
1993,5,8051010,7.196774193548387,8051010,macapa,AP,,,,,,,,,,,,,,,,,,,
1993,5,8051012,5.321428571428571,8051012,porto grande,AP,,,,,,,,,,,,,,,,,,,
1993,5,8052000,10.511111111111113,8052000,serra do navio,AP,,,,,,,,,,,,,,,,,,,
1993,5,8150000,5.658064516129032,8150000,tartarugalzinho,AP,,,,,,,,,,,,,,,,,,,
1993,5,8250002,16.558064516129033,8250002,calcoene,AP,,,,,,,,,,,,,,,,,,,
1993,5,8250003,9.493548387096775,8250003,amapa,AP,,,,,,,,,,,,,,,,,,,
1993,5,8251001,5.238709677419355,8251001,calcoene,AP,,,,,,,,,,,,,,,,,,,
1993,6,51002,11.120000000000001,51002,mazagao,AP,,,,,,,,,,,,,,,,,,,
1993,6,771001,0.16,771001,tarauaca,AC,,,,,,,,,,,,,,,,,,,
1993,6,872000,0.6933333333333332,872000,marechal thaumaturgo,AC,,,,,,,,,,,,,,,,,,,
1993,6,972000,0.8833333333333333,972000,marechal thaumaturgo,AC,,,,,,,,,,,,,,,,,,,
1993,6,1067003,1.3066666666666669,1067003,capixaba,AC,,,,,,,,,,,,,,,,,,,
1993,6,1068000,0.6533333333333334,1068000,xapuri,AC,,,,,,,,,,,,,,,,,,,
1993,6,8050000,1.15,8050000,macapa,AP,,,,,,,,,,,,,,,,,,,
1993,6,8051010,4.453333333333333,8051010,macapa,AP,,,,,,,,,,,,,,,,,,,
1993,6,8051012,5.5360000000000005,8051012,porto grande,AP,,,,,,,,,,,,,,,,,,,
1993,6,8052000,5.726086956521739,8052000,serra do navio,AP,,,,,,,,,,,,,,,,,,,
1993,6,8150000,4.85,8150000,tartarugalzinho,AP,,,,,,,,,,,,,,,,,,,
1993,6,8250002,9.683333333333334,8250002,calcoene,AP,,,,,,,,,,,,,,,,,,,
1993,6,8250003,6.125,8250003,amapa,AP,,,,,,,,,,,,,,,,,,,
1993,6,8251001,4.17,8251001,calcoene,AP,,,,,,,,,,,,,,,,,,,
1993,7,51002,8.812903225806451,51002,mazagao,AP,,,,,,,,,,,,,,,,,,,
1993,7,771001,0.0,771001,tarauaca,AC,,,,,,,,,,,,,,,,,,,
1993,7,872000,0.5774193548387097,872000,marechal thaumaturgo,AC,,,,,,,,,,,,,,,,,,,
1993,7,972000,5.593548387096774,972000,marechal thaumaturgo,AC,,,,,,,,,,,,,,,,,,,
1993,7,1067003,0.6387096774193549,1067003,capixaba,AC,,,,,,,,,,,,,,,,,,,
1993,7,1068000,0.0,1068000,xapuri,AC,,,,,,,,,,,,,,,,,,,
1993,7,8050000,1.2000000000000002,8050000,macapa,AP,,,,,,,,,,,,,,,,,,,
1993,7,8051010,2.3225806451612905,8051010,macapa,AP,,,,,,,,,,,,,,,,,,,
1993,7,8051012,4.885714285714286,8051012,porto grande,AP,,,,,,,,,,,,,,,,,,,
1993,7,8052000,4.707142857142857,8052000,serra do navio,AP,,,,,,,,,,,,,,,,,,,
1993,7,8150000,1.6548387096774195,8150000,tartarugalzinho,AP,,,,,,,,,,,,,,,,,,,
1993,7,8250002,3.432258064516129,8250002,calcoene,AP,,,,,,,,,,,,,,,,,,,
1993,7,8250003,1.0107142857142857,8250003,amapa,AP,,,,,,,,,,,,,,,,,,,
1993,7,8251001,2.4741935483870967,8251001,calcoene,AP,,,,,,,,,,,,,,,,,,,
1993,8,51002,3.2451612903225806,51002,mazagao,AP,,,,,,,,,,,,,,,,,,,
1993,8,771001,1.1774193548387097,771001,tarauaca,AC,,,,,,,,,,,,,,,,,,,
1993,8,872000,0.4096774193548387,872000,marechal thaumaturgo,AC,,,,,,,,,,,,,,,,,,,
1993,8,972000,2.225806451612903,972000,marechal thaumaturgo,AC,,,,,,,,,,,,,,,,,,,
1993,8,1067003,1.0903225806451613,1067003,capixaba,AC,,,,,,,,,,,,,,,,,,,
1993,8,1068000,2.2451612903225806,1068000,xapuri,AC,,,,,,,,,,,,,,,,,,,
1993,8,8050000,0.4064516129032258,8050000,macapa,AP,,,,,,,,,,,,,,,,,,,
1993,8,8051010,1.7100000000000002,8051010,macapa,AP,,,,,,,,,,,,,,,,,,,
1993,8,8051012,4.213793103448276,8051012,porto grande,AP,,,,,,,,,,,,,,,,,,,
1993,8,8052000,4.881481481481482,8052000,serra do navio,AP,,,,,,,,,,,,,,,,,,,
1993,8,8150000,0.7967741935483871,8150000,tartarugalzinho,AP,,,,,,,,,,,,,,,,,,,
1993,8,8250002,0.9516129032258065,8250002,calcoene,AP,,,,,,,,,,,,,,,,,,,
1993,8,8250003,0.5354838709677419,8250003,amapa,AP,,,,,,,,,,,,,,,,,,,
1993,8,8251001,2.0387096774193547,8251001,calcoene,AP,,,,,,,,,,,,,,,,,,,
1993,9,51002,0.38333333333333336,51002,mazagao,AP,,,,,,,,,,,,,,,,,,,
1993,9,771001,1.5033333333333334,771001,tarauaca,AC,,,,,,,,,,,,,,,,,,,
1993,9,872000,0.82,872000,marechal thaumaturgo,AC,,,,,,,,,,,,,,,,,,,
1993,9,972000,3.1933333333333334,972000,marechal thaumaturgo,AC,,,,,,,,,,,,,,,,,,,
1993,9,1067003,2.2866666666666666,1067003,capixaba,AC,,,,,,,,,,,,,,,,,,,
1993,9,1068000,1.3933333333333333,1068000,xapuri,AC,,,,,,,,,,,,,,,,,,,
1993,9,8050000,0.6266666666666667,8050000,macapa,AP,,,,,,,,,,,,,,,,,,,
1993,9,8051010,2.4166666666666665,8051010,macapa,AP,,,,,,,,,,,,,,,,,,,
1993,9,8051012,3.852,8051012,porto grande,AP,,,,,,,,,,,,,,,,,,,
1993,9,8052000,2.441666666666667,8052000,serra do navio,AP,,,,,,,,,,,,,,,,,,,
1993,9,8150000,1.3033333333333335,8150000,tartarugalzinho,AP,,,,,,,,,,,,,,,,,,,
1993,9,8250002,1.5766666666666667,8250002,calcoene,AP,,,,,,,,,,,,,,,,,,,
1993,9,8250003,0.73,8250003,amapa,AP,,,,,,,,,,,,,,,,,,,
1993,9,8251001,2.106666666666667,8251001,calcoene,AP,,,,,,,,,,,,,,,,,,,
1993,10,51002,0.6870967741935483,51002,mazagao,AP,,,,,,,,,,,,,,,,,,,
1993,10,771001,1.6193548387096772,771001,tarauaca,AC,,,,,,,,,,,,,,,,,,,
1993,10,872000,3.364516129032258,872000,marechal thaumaturgo,AC,,,,,,,,,,,,,,,,,,,
1993,10,972000,7.187096774193549,972000,marechal thaumaturgo,AC,,,,,,,,,,,,,,,,,,,
1993,10,1067003,7.409677419354838,1067003,capixaba,AC,,,,,,,,,,,,,,,,,,,
1993,10,1068000,4.619354838709677,1068000,xapuri,AC,,,,,,,,,,,,,,,,,,,
1993,10,8050000,0.25806451612903225,8050000,macapa,AP,,,,,,,,,,,,,,,,,,,
1993,10,8051010,0.1774193548387097,8051010,macapa,AP,,,,,,,,,,,,,,,,,,,
1993,10,8051012,5.792000000000001,8051012,porto grande,AP,,,,,,,,,,,,,,,,,,,
1993,10,8052000,4.575,8052000,serra do navio,AP,,,,,,,,,,,,,,,,,,,
1993,10,8150000,1.335483870967742,8150000,tartarugalzinho,AP,,,,,,,,,,,,,,,,,,,
1993,10,8250002,0.6709677419354839,8250002,calcoene,AP,,,,,,,,,,,,,,,,,,,
1993,10,8250003,1.0037037037037038,8250003,amapa,AP,,,,,,,,,,,,,,,,,,,
1993,10,8251001,3.3483870967741933,8251001,calcoene,AP,,,,,,,,,,,,,,,,,,,
1993,11,51002,6.886666666666668,51002,mazagao,AP,,,,,,,,,,,,,,,,,,,
1993,11,771001,0.0,771001,tarauaca,AC,,,,,,,,,,,,,,,,,,,
1993,11,872000,10.66,872000,marechal thaumaturgo,AC,,,,,,,,,,,,,,,,,,,
1993,11,972000,9.393333333333334,972000,marechal thaumaturgo,AC,,,,,,,,,,,,,,,,,,,
1993,11,1067003,9.303333333333335,1067003,capixaba,AC,,,,,,,,,,,,,,,,,,,
1993,11,1068000,12.313333333333333,1068000,xapuri,AC,,,,,,,,,,,,,,,,,,,
1993,11,8050000,0.18333333333333332,8050000,macapa,AP,,,,,,,,,,,,,,,,,,,
1993,11,8051010,2.5966666666666662,8051010,macapa,AP,,,,,,,,,,,,,,,,,,,
1993,11,8051012,3.5933333333333333,8051012,porto grande,AP,,,,,,,,,,,,,,,,,,,
1993,11,8052000,11.25,8052000,serra do navio,AP,,,,,,,,,,,,,,,,,,,
1993,11,8150000,1.3866666666666665,8150000,tartarugalzinho,AP,,,,,,,,,,,,,,,,,,,
1993,11,8250002,2.0566666666666666,8250002,calcoene,AP,,,,,,,,,,,,,,,,,,,
1993,11,8250003,1.2894736842105263,8250003,amapa,AP,,,,,,,,,,,,,,,,,,,
1993,11,8251001,3.493333333333333,8251001,calcoene,AP,,,,,,,,,,,,,,,,,,,
1993,12,51002,2.123076923076923,51002,mazagao,AP,,,,,,,,,,,,,,,,,,,
1993,12,771001,,771001,tarauaca,AC,,,,,,,,,,,,,,,,,,,
1993,12,872000,4.012903225806451,872000,marechal thaumaturgo,AC,,,,,,,,,,,,,,,,,,,
1993,12,972000,11.36774193548387,972000,marechal thaumaturgo,AC,,,,,,,,,,,,,,,,,,,
1993,12,1067003,,1067003,capixaba,AC,,,,,,,,,,,,,,,,,,,
1993,12,1068000,,1068000,xapuri,AC,,,,,,,,,,,,,,,,,,,
1993,12,8050000,2.6451612903225805,8050000,macapa,AP,,,,,,,,,,,,,,,,,,,
1993,12,8051010,4.645161290322581,8051010,macapa,AP,,,,,,,,,,,,,,,,,,,
1993,12,8051012,8.1,8051012,porto grande,AP,,,,,,,,,,,,,,,,,,,
1993,12,8052000,7.660869565217391,8052000,serra do navio,AP,,,,,,,,,,,,,,,,,,,
1993,12,8150000,4.519354838709678,8150000,tartarugalzinho,AP,,,,,,,,,,,,,,,,,,,
1993,12,8250002,3.206451612903226,8250002,calcoene,AP,,,,,,,,,,,,,,,,,,,
1993,12,8250003,3.516666666666667,8250003,amapa,AP,,,,,,,,,,,,,,,,,,,
1993,12,8251001,3.7935483870967746,8251001,calcoene,AP,,,,,,,,,,,,,,,,,,,
1994,1,51002,10.074193548387097,51002,mazagao,AP,,,,,,,,,,,,,,,,,,,
1994,1,771001,2.87,771001,tarauaca,AC,,,,,,,,,,,,,,,,,,,
1994,1,872000,6.461290322580645,872000,marechal thaumaturgo,AC,,,,,,,,,,,,,,,,,,,
1994,1,972000,6.264516129032257,972000,marechal thaumaturgo,AC,,,,,,,,,,,,,,,,,,,
1994,1,1067003,8.63225806451613,1067003,capixaba,AC,,,,,,,,,,,,,,,,,,,
1994,1,1068000,8.774193548387096,1068000,xapuri,AC,,,,,,,,,,,,,,,,,,,
1994,1,8050000,6.3999999999999995,8050000,macapa,AP,,,,,,,,,,,,,,,,,,,
1994,1,8051010,6.303225806451613,8051010,macapa,AP,,,,,,,,,,,,,,,,,,,
1994,1,8051012,12.311538461538463,8051012,porto grande,AP,,,,,,,,,,,,,,,,,,,
1994,1,8052000,21.32,8052000,serra do navio,AP,,,,,,,,,,,,,,,,,,,
1994,1,8150000,14.538709677419355,8150000,tartarugalzinho,AP,,,,,,,,,,,,,,,,,,,
1994,1,8151000,15.009677419354839,8151000,tartarugalzinho,AP,,,,,,,,,,,,,,,,,,,
1994,1,8250002,4.732258064516128,8250002,calcoene,AP,,,,,,,,,,,,,,,,,,,
1994,1,8250003,,8250003,amapa,AP,,,,,,,,,,,,,,,,,,,
1994,1,8251001,4.274193548387097,8251001,calcoene,AP,,,,,,,,,,,,,,,,,,,
1994,1,8351002,18.66774193548387,8351002,oiapoque,AP,,,,,,,,,,,,,,,,,,,
1994,2,51002,8.7,51002,mazagao,AP,,,,,,,,,,,,,,,,,,,
1994,2,771001,3.1214285714285714,771001,tarauaca,AC,,,,,,,,,,,,,,,,,,,
1994,2,872000,1.4321428571428572,872000,marechal thaumaturgo,AC,,,,,,,,,,,,,,,,,,,
1994,2,972000,9.042857142857143,972000,marechal thaumaturgo,AC,,,,,,,,,,,,,,,,,,,
1994,2,1067003,9.042857142857143,1067003,capixaba,AC,,,,,,,,,,,,,,,,,,,
1994,2,1068000,13.85,1068000,xapuri,AC,,,,,,,,,,,,,,,,,,,
1994,2,8050000,16.775,8050000,macapa,AP,,,,,,,,,,,,,,,,,,,
1994,2,8051010,11.635714285714286,8051010,macapa,AP,,,,,,,,,,,,,,,,,,,
1994,2,8051012,5.860714285714286,8051012,porto grande,AP,,,,,,,,,,,,,,,,,,,
1994,2,8052000,24.266666666666666,8052000,serra do navio,AP,,,,,,,,,,,,,,,,,,,
1994,2,8150000,15.292857142857143,8150000,tartarugalzinho,AP,,,,,,,,,,,,,,,,,,,
1994,2,8151000,17.77857142857143,8151000,tartarugalzinho,AP,,,,,,,,,,,,,,,,,,,
1994,2,8250002,3.317857142857143,8250002,calcoene,AP,,,,,,,,,,,,,,,,,,,
1994,2,8250003,,8250003,amapa,AP,,,,,,,,,,,,,,,,,,,
1994,2,8251001,4.339285714285714,8251001,calcoene,AP,,,,,,,,,,,,,,,,,,,
1994,2,8351002,11.810714285714285,8351002,oiapoque,AP,,,,,,,,,,,,,,,,,,,
1994,3,51002,15.333333333333334,51002,mazagao,AP,,,,,,,,,,,,,,,,,,,
1994,3,771001,3.351612903225806,771001,tarauaca,AC,,,,,,,,,,,,,,,,,,,
1994,3,872000,2.232258064516129,872000,marechal thaumaturgo,AC,,,,,,,,,,,,,,,,,,,
1994,3,972000,16.541935483870965,972000,marechal thaumaturgo,AC,,,,,,,,,,,,,,,,,,,
1994,3,1067003,10.416129032258064,1067003,capixaba,AC,,,,,,,,,,,,,,,,,,,
1994,3,1068000,9.206451612903225,1068000,xapuri,AC,,,,,,,,,,,,,,,,,,,
1994,3,8050000,12.225806451612904,8050000,macapa,AP,,,,,,,,,,,,,,,,,,,
1994,3,8051010,11.329032258064515,8051010,macapa,AP,,,,,,,,,,,,,,,,,,,
1994,3,8051012,6.003448275862069,8051012,porto grande,AP,,,,,,,,,,,,,,,,,,,
1994,3,8052000,12.096551724137932,8052000,serra do navio,AP,,,,,,,,,,,,,,,,,,,
1994,3,8150000,12.129032258064516,8150000,tartarugalzinho,AP,,,,,,,,,,,,,,,,,,,
1994,3,8151000,22.838709677419356,8151000,tartarugalzinho,AP,,,,,,,,,,,,,,,,,,,
1994,3,8250002,3.8548387096774195,8250002,calcoene,AP,,,,,,,,,,,,,,,,,,,
1994,3,8250003,,8250003,amapa,AP,,,,,,,,,,,,,,,,,,,
1994,3,8251001,3.6903225806451614,8251001,calcoene,AP,,,,,,,,,,,,,,,,,,,
1994,3,8351002,9.048387096774194,8351002,oiapoque,AP,,,,,,,,,,,,,,,,,,,
1994,4,51002,,51002,mazagao,AP,,,,,,,,,,,,,,,,,,,
1994,4,771001,5.846666666666667,771001,tarauaca,AC,,,,,,,,,,,,,,,,,,,
1994,4,872000,2.0533333333333332,872000,marechal thaumaturgo,AC,,,,,,,,,,,,,,,,,,,
1994,4,972000,5.576666666666667,972000,marechal thaumaturgo,AC,,,,,,,,,,,,,,,,,,,
1994,4,1067003,9.256666666666666,1067003,capixaba,AC,,,,,,,,,,,,,,,,,,,
1994,4,1068000,5.506666666666666,1068000,xapuri,AC,,,,,,,,,,,,,,,,,,,
1994,4,8050000,6.1899999999999995,8050000,macapa,AP,,,,,,,,,,,,,,,,,,,
1994,4,8051010,9.286666666666667,8051010,macapa,AP,,,,,,,,,,,,,,,,,,,
1994,4,8051012,4.353846153846154,8051012,porto grande,AP,,,,,,,,,,,,,,,,,,,
1994,4,8052000,8.266666666666667,8052000,serra do navio,AP,,,,,,,,,,,,,,,,,,,
1994,4,8150000,10.183333333333334,8150000,tartarugalzinho,AP,,,,,,,,,,,,,,,,,,,
1994,4,8151000,15.08,8151000,tartarugalzinho,AP,,,,,,,,,,,,,,,,,,,
1994,4,8250002,3.2199999999999998,8250002,calcoene,AP,,,,,,,,,,,,,,,,,,,
1994,4,8250003,,8250003,amapa,AP,,,,,,,,,,,,,,,,,,,
1994,4,8251001,3.17,8251001,calcoene,AP,,,,,,,,,,,,,,,,,,,
1994,4,8351002,14.95,8351002,oiapoque,AP,,,,,,,,,,,,,,,,,,,
1994,5,51002,,51002,mazagao,AP,,,,,,,,,,,,,,,,,,,
1994,5,771001,7.393548387096774,771001,tarauaca,AC,,,,,,,,,,,,,,,,,,,
1994,5,872000,3.0387096774193547,872000,marechal thaumaturgo,AC,,,,,,,,,,,,,,,,,,,
1994,5,972000,10.038709677419355,972000,marechal thaumaturgo,AC,,,,,,,,,,,,,,,,,,,
1994,5,1067003,1.270967741935484,1067003,capixaba,AC,,,,,,,,,,,,,,,,,,,
1994,5,1068000,0.5741935483870968,1068000,xapuri,AC,,,,,,,,,,,,,,,,,,,
1994,5,8050000,9.53225806451613,8050000,macapa,AP,,,,,,,,,,,,,,,,,,,
1994,5,8051010,11.464516129032257,8051010,macapa,AP,,,,,,,,,,,,,,,,,,,
1994,5,8051012,,8051012,porto grande,AP,,,,,,,,,,,,,,,,,,,
1994,5,8052000,13.125806451612902,8052000,serra do navio,AP,,,,,,,,,,,,,,,,,,,
1994,5,8150000,15.730645161290322,8150000,tartarugalzinho,AP,,,,,,,,,,,,,,,,,,,
1994,5,8151000,18.116129032258065,8151000,tartarugalzinho,AP,,,,,,,,,,,,,,,,,,,
1994,5,8250002,7.445161290322581,8250002,calcoene,AP,,,,,,,,,,,,,,,,,,,
1994,5,8250003,19.020833333333332,8250003,amapa,AP,,,,,,,,,,,,,,,,,,,
1994,5,8251001,3.732258064516129,8251001,calcoene,AP,,,,,,,,,,,,,,,,,,,
1994,5,8351002,23.874193548387098,8351002,oiapoque,AP,,,,,,,,,,,,,,,,,,,
1994,6,51002,,51002,mazagao,AP,,,,,,,,,,,,,,,,,,,
1994,6,771001,1.41,771001,tarauaca,AC,,,,,,,,,,,,,,,,,,,
1994,6,872000,1.4533333333333334,872000,marechal thaumaturgo,AC,,,,,,,,,,,,,,,,,,,
1994,6,972000,5.8533333333333335,972000,marechal thaumaturgo,AC,,,,,,,,,,,,,,,,,,,
1994,6,1067003,1.0866666666666667,1067003,capixaba,AC,,,,,,,,,,,,,,,,,,,
1994,6,1068000,1.4733333333333334,1068000,xapuri,AC,,,,,,,,,,,,,,,,,,,
1994,6,8050000,8.323333333333332,8050000,macapa,AP,,,,,,,,,,,,,,,,,,,
1994,6,8051010,5.883333333333334,8051010,macapa,AP,,,,,,,,,,,,,,,,,,,
1994,6,8051012,5.306666666666667,8051012,porto grande,AP,,,,,,,,,,,,,,,,,,,
1994,6,8052000,7.566666666666666,8052000,serra do navio,AP,,,,,,,,,,,,,,,,,,,
1994,6,8150000,9.036666666666667,8150000,tartarugalzinho,AP,,,,,,,,,,,,,,,,,,,
1994,6,8151000,9.816666666666666,8151000,tartarugalzinho,AP,,,,,,,,,,,,,,,,,,,
1994,6,8250002,5.8133333333333335,8250002,calcoene,AP,,,,,,,,,,,,,,,,,,,
1994,6,8250003,8.803333333333335,8250003,amapa,AP,,,,,,,,,,,,,,,,,,,
1994,6,8251001,2.8466666666666667,8251001,calcoene,AP,,,,,,,,,,,,,,,,,,,
1994,6,8351002,8.603333333333332,8351002,oiapoque,AP,,,,,,,,,,,,,,,,,,,
1994,7,51002,,51002,mazagao,AP,,,,,,,,,,,,,,,,,,,
1994,7,771001,0.3548387096774194,771001,tarauaca,AC,,,,,,,,,,,,,,,,,,,
1994,7,872000,1.1580645161290322,872000,marechal thaumaturgo,AC,,,,,,,,,,,,,,,,,,,
1994,7,972000,1.3419354838709678,972000,marechal thaumaturgo,AC,,,,,,,,,,,,,,,,,,,
1994,7,1067003,0.0,1067003,capixaba,AC,,,,,,,,,,,,,,,,,,,
1994,7,1068000,0.9806451612903225,1068000,xapuri,AC,,,,,,,,,,,,,,,,,,,
1994,7,8050000,3.8451612903225807,8050000,macapa,AP,,,,,,,,,,,,,,,,,,,
1994,7,8051010,2.674193548387097,8051010,macapa,AP,,,,,,,,,,,,,,,,,,,
1994,7,8051012,7.035000000000001,8051012,porto grande,AP,,,,,,,,,,,,,,,,,,,
1994,7,8052000,8.151612903225805,8052000,serra do navio,AP,,,,,,,,,,,,,,,,,,,
1994,7,8150000,2.932258064516129,8150000,tartarugalzinho,AP,,,,,,,,,,,,,,,,,,,
1994,7,8151000,6.112903225806452,8151000,tartarugalzinho,AP,,,,,,,,,,,,,,,,,,,
1994,7,8250002,4.380645161290323,8250002,calcoene,AP,,,,,,,,,,,,,,,,,,,
1994,7,8250003,7.083870967741936,8250003,amapa,AP,,,,,,,,,,,,,,,,,,,
1994,7,8251001,1.8935483870967742,8251001,calcoene,AP,,,,,,,,,,,,,,,,,,,
1994,7,8351002,8.538709677419355,8351002,oiapoque,AP,,,,,,,,,,,,,,,,,,,
1994,8,51002,,51002,mazagao,AP,,,,,,,,,,,,,,,,,,,
1994,8,771001,0.0,771001,tarauaca,AC,,,,,,,,,,,,,,,,,,,
1994,8,872000,0.0,872000,marechal thaumaturgo,AC,,,,,,,,,,,,,,,,,,,
1994,8,972000,1.993548387096774,972000,marechal thaumaturgo,AC,,,,,,,,,,,,,,,,,,,
1994,8,1067003,0.8290322580645161,1067003,capixaba,AC,,,,,,,,,,,,,,,,,,,
1994,8,1068000,0.0,1068000,xapuri,AC,,,,,,,,,,,,,,,,,,,
1994,8,8050000,0.9838709677419355,8050000,macapa,AP,,,,,,,,,,,,,,,,,,,
1994,8,8051010,1.6612903225806452,8051010,macapa,AP,,,,,,,,,,,,,,,,,,,
1994,8,8051012,2.2096774193548385,8051012,porto grande,AP,,,,,,,,,,,,,,,,,,,
1994,8,8052000,3.164516129032258,8052000,serra do navio,AP,,,,,,,,,,,,,,,,,,,
1994,8,8150000,1.9064516129032258,8150000,tartarugalzinho,AP,,,,,,,,,,,,,,,,,,,
1994,8,8151000,1.5516129032258066,8151000,tartarugalzinho,AP,,,,,,,,,,,,,,,,,,,
1994,8,8250002,1.2096774193548387,8250002,calcoene,AP,,,,,,,,,,,,,,,,,,,
1994,8,8250003,5.248387096774193,8250003,amapa,AP,,,,,,,,,,,,,,,,,,,
1994,8,8251001,2.4419354838709677,8251001,calcoene,AP,,,,,,,,,,,,,,,,,,,
1994,8,8351002,5.254838709677419,8351002,oiapoque,AP,,,,,,,,,,,,,,,,,,,
1994,9,51002,,51002,mazagao,AP,,,,,,,,,,,,,,,,,,,
1994,9,771001,0.5233333333333333,771001,tarauaca,AC,,,,,,,,,,,,,,,,,,,
1994,9,872000,1.51,872000,marechal thaumaturgo,AC,,,,,,,,,,,,,,,,,,,
1994,9,972000,1.853333333333333,972000,marechal thaumaturgo,AC,,,,,,,,,,,,,,,,,,,
1994,9,1067003,4.48,1067003,capixaba,AC,,,,,,,,,,,,,,,,,,,
1994,9,1068000,2.506666666666667,1068000,xapuri,AC,,,,,,,,,,,,,,,,,,,
1994,9,8050000,0.56,8050000,macapa,AP,,,,,,,,,,,,,,,,,,,
1994,9,8051010,0.03666666666666667,8051010,macapa,AP,,,,,,,,,,,,,,,,,,,
1994,9,8051012,2.0782608695652174,8051012,porto grande,AP,,,,,,,,,,,,,,,,,,,
1994,9,8052000,2.2133333333333334,8052000,serra do navio,AP,,,,,,,,,,,,,,,,,,,
1994,9,8150000,1.8433333333333335,8150000,tartarugalzinho,AP,,,,,,,,,,,,,,,,,,,
1994,9,8151000,0.49333333333333335,8151000,tartarugalzinho,AP,,,,,,,,,,,,,,,,,,,
1994,9,8250002,0.5933333333333334,8250002,calcoene,AP,,,,,,,,,,,,,,,,,,,
1994,9,8250003,0.48148148148148145,8250003,amapa,AP,,,,,,,,,,,,,,,,,,,
1994,9,8251001,0.38333333333333336,8251001,calcoene,AP,,,,,,,,,,,,,,,,,,,
1994,9,8351002,0.7200000000000001,8351002,oiapoque,AP,,,,,,,,,,,,,,,,,,,
1994,10,51002,0.0,51002,mazagao,AP,,,,,,,,,,,,,,,,,,,
1994,10,771001,3.125806451612903,771001,tarauaca,AC,,,,,,,,,,,,,,,,,,,
1994,10,872000,2.1903225806451614,872000,marechal thaumaturgo,AC,,,,,,,,,,,,,,,,,,,
1994,10,972000,2.8806451612903223,972000,marechal thaumaturgo,AC,,,,,,,,,,,,,,,,,,,
1994,10,1067003,3.0354838709677416,1067003,capixaba,AC,,,,,,,,,,,,,,,,,,,
1994,10,1068000,2.870967741935484,1068000,xapuri,AC,,,,,,,,,,,,,,,,,,,
1994,10,8050000,0.46774193548387094,8050000,macapa,AP,,,,,,,,,,,,,,,,,,,
1994,10,8051010,0.9967741935483871,8051010,macapa,AP,,,,,,,,,,,,,,,,,,,
1994,10,8051012,3.5076923076923077,8051012,porto grande,AP,,,,,,,,,,,,,,,,,,,
1994,10,8052000,2.8774193548387097,8052000,serra do navio,AP,,,,,,,,,,,,,,,,,,,
1994,10,8150000,3.448387096774194,8150000,tartarugalzinho,AP,,,,,,,,,,,,,,,,,,,
1994,10,8151000,1.4548387096774194,8151000,tartarugalzinho,AP,,,,,,,,,,,,,,,,,,,
1994,10,8250002,1.4580645161290324,8250002,calcoene,AP,,,,,,,,,,,,,,,,,,,
1994,10,8250003,,8250003,amapa,AP,,,,,,,,,,,,,,,,,,,
1994,10,8251001,0.2,8251001,calcoene,AP,,,,,,,,,,,,,,,,,,,
1994,10,8351002,4.912903225806452,8351002,oiapoque,AP,,,,,,,,,,,,,,,,,,,
1994,11,51002,3.643333333333333,51002,mazagao,AP,,,,,,,,,,,,,,,,,,,
1994,11,771001,2.538775510204082,771001,tarauaca,AC,,,,,,,,,,,,,,,,,,,
1994,11,872000,2.69,872000,marechal thaumaturgo,AC,,,,,,,,,,,,,,,,,,,
1994,11,972000,5.86,972000,marechal thaumaturgo,AC,,,,,,,,,,,,,,,,,,,
1994,11,1067003,6.546666666666666,1067003,capixaba,AC,,,,,,,,,,,,,,,,,,,
1994,11,1068000,7.8933333333333335,1068000,xapuri,AC,,,,,,,,,,,,,,,,,,,
1994,11,8050000,1.6566666666666667,8050000,macapa,AP,,,,,,,,,,,,,,,,,,,
1994,11,8051010,1.6666666666666667,8051010,macapa,AP,,,,,,,,,,,,,,,,,,,
1994,11,8051012,5.304545454545455,8051012,porto grande,AP,,,,,,,,,,,,,,,,,,,
1994,11,8052000,3.6466666666666665,8052000,serra do navio,AP,,,,,,,,,,,,,,,,,,,
1994,11,8150000,2.9566666666666666,8150000,tartarugalzinho,AP,,,,,,,,,,,,,,,,,,,
1994,11,8151000,3.25,8151000,tartarugalzinho,AP,,,,,,,,,,,,,,,,,,,
1994,11,8250002,5.966666666666667,8250002,calcoene,AP,,,,,,,,,,,,,,,,,,,
1994,11,8250003,,8250003,amapa,AP,,,,,,,,,,,,,,,,,,,
1994,11,8251001,2.146666666666667,8251001,calcoene,AP,,,,,,,,,,,,,,,,,,,
1994,11,8351002,1.8266666666666667,8351002,oiapoque,AP,,,,,,,,,,,,,,,,,,,
1994,12,51002,4.770967741935484,51002,mazagao,AP,,,,,,,,,,,,,,,,,,,
1994,12,771001,0.5541666666666667,771001,tarauaca,AC,,,,,,,,,,,,,,,,,,,
1994,12,872000,5.948387096774193,872000,marechal thaumaturgo,AC,,,,,,,,,,,,,,,,,,,
1994,12,972000,4.909677419354838,972000,marechal thaumaturgo,AC,,,,,,,,,,,,,,,,,,,
1994,12,1067003,,1067003,capixaba,AC,,,,,,,,,,,,,,,,,,,
1994,12,1068000,,1068000,xapuri,AC,,,,,,,,,,,,,,,,,,,
1994,12,8050000,2.890322580645161,8050000,macapa,AP,,,,,,,,,,,,,,,,,,,
1994,12,8051010,1.9903225806451614,8051010,macapa,AP,,,,,,,,,,,,,,,,,,,
1994,12,8051012,5.193103448275862,8051012,porto grande,AP,,,,,,,,,,,,,,,,,,,
1994,12,8052000,5.116129032258065,8052000,serra do navio,AP,,,,,,,,,,,,,,,,,,,
1994,12,8150000,6.97741935483871,8150000,tartarugalzinho,AP,,,,,,,,,,,,,,,,,,,
1994,12,8151000,13.070967741935483,8151000,tartarugalzinho,AP,,,,,,,,,,,,,,,,,,,
1994,12,8250002,5.087096774193548,8250002,calcoene,AP,,,,,,,,,,,,,,,,,,,
1994,12,8250003,,8250003,amapa,AP,,,,,,,,,,,,,,,,,,,
1994,12,8251001,2.161290322580645,8251001,calcoene,AP,,,,,,,,,,,,,,,,,,,
1994,12,8351002,0.0,8351002,oiapoque,AP,,,,,,,,,,,,,,,,,,,
1995,1,51002,10.399999999999999,51002,mazagao,AP,,,,,,,,,,,,,,,,,,,
1995,1,771001,0.9870967741935485,771001,tarauaca,AC,,,,,,,,,,,,,,,,,,,
1995,1,872000,3.561290322580645,872000,marechal thaumaturgo,AC,,,,,,,,,,,,,,,,,,,
1995,1,972000,7.251612903225807,972000,marechal thaumaturgo,AC,,,,,,,,,,,,,,,,,,,
1995,1,1068000,,1068000,xapuri,AC,,,,,,,,,,,,,,,,,,,
1995,1,8050000,5.690322580645161,8050000,macapa,AP,,,,,,,,,,,,,,,,,,,
1995,1,8051010,7.061290322580645,8051010,macapa,AP,,,,,,,,,,,,,,,,,,,
1995,1,8051012,6.870967741935484,8051012,porto grande,AP,,,,,,,,,,,,,,,,,,,
1995,1,8052000,7.329032258064516,8052000,serra do navio,AP,,,,,,,,,,,,,,,,,,,
1995,1,8150000,12.654838709677419,8150000,tartarugalzinho,AP,,,,,,,,,,,,,,,,,,,
1995,1,8151000,17.87741935483871,8151000,tartarugalzinho,AP,,,,,,,,,,,,,,,,,,,
1995,1,8250002,17.080645161290324,8250002,calcoene,AP,,,,,,,,,,,,,,,,,,,
1995,1,8250003,,8250003,amapa,AP,,,,,,,,,,,,,,,,,,,
1995,1,8251001,2.4741935483870967,8251001,calcoene,AP,,,,,,,,,,,,,,,,,,,
1995,1,8351002,2.763157894736842,8351002,oiapoque,AP,,,,,,,,,,,,,,,,,,,
1995,2,51002,5.932142857142857,51002,mazagao,AP,,,,,,,,,,,,,,,,,,,
1995,2,771001,1.4090909090909092,771001,tarauaca,AC,,,,,,,,,,,,,,,,,,,
1995,2,872000,3.967857142857143,872000,marechal thaumaturgo,AC,,,,,,,,,,,,,,,,,,,
1995,2,972000,5.685714285714285,972000,marechal thaumaturgo,AC,,,,,,,,,,,,,,,,,,,
1995,2,1068000,,1068000,xapuri,AC,,,,,,,,,,,,,,,,,,,
1995,2,8050000,9.210714285714285,8050000,macapa,AP,,,,,,,,,,,,,,,,,,,
1995,2,8051010,8.589285714285714,8051010,macapa,AP,,,,,,,,,,,,,,,,,,,
1995,2,8051012,5.007142857142857,8051012,porto grande,AP,,,,,,,,,,,,,,,,,,,
1995,2,8052000,7.1571428571428575,8052000,serra do navio,AP,,,,,,,,,,,,,,,,,,,
1995,2,8150000,10.528571428571428,8150000,tartarugalzinho,AP,,,,,,,,,,,,,,,,,,,
1995,2,8151000,16.035714285714285,8151000,tartarugalzinho,AP,,,,,,,,,,,,,,,,,,,
1995,2,8250002,16.032142857142855,8250002,calcoene,AP,,,,,,,,,,,,,,,,,,,
1995,2,8250003,,8250003,amapa,AP,,,,,,,,,,,,,,,,,,,
1995,2,8251001,2.725,8251001,calcoene,AP,,,,,,,,,,,,,,,,,,,
1995,2,8351002,6.575,8351002,oiapoque,AP,,,,,,,,,,,,,,,,,,,
1995,3,51002,9.364516129032259,51002,mazagao,AP,,,,,,,,,,,,,,,,,,,
1995,3,771001,2.0903225806451613,771001,tarauaca,AC,,,,,,,,,,,,,,,,,,,
1995,3,872000,9.848387096774195,872000,marechal thaumaturgo,AC,,,,,,,,,,,,,,,,,,,
1995,3,972000,11.09032258064516,972000,marechal thaumaturgo,AC,,,,,,,,,,,,,,,,,,,
1995,3,1068000,,1068000,xapuri,AC,,,,,,,,,,,,,,,,,,,
1995,3,8050000,3.106451612903226,8050000,macapa,AP,,,,,,,,,,,,,,,,,,,
1995,3,8051010,7.525806451612904,8051010,macapa,AP,,,,,,,,,,,,,,,,,,,
1995,3,8051012,7.483870967741935,8051012,porto grande,AP,,,,,,,,,,,,,,,,,,,
1995,3,8052000,8.264516129032257,8052000,serra do navio,AP,,,,,,,,,,,,,,,,,,,
1995,3,8150000,12.45483870967742,8150000,tartarugalzinho,AP,,,,,,,,,,,,,,,,,,,
1995,3,8151000,9.287096774193548,8151000,tartarugalzinho,AP,,,,,,,,,,,,,,,,,,,
1995,3,8250002,15.209677419354838,8250002,calcoene,AP,,,,,,,,,,,,,,,,,,,
1995,3,8250003,24.115384615384617,8250003,amapa,AP,,,,,,,,,,,,,,,,,,,
1995,3,8251001,9.561290322580644,8251001,calcoene,AP,,,,,,,,,,,,,,,,,,,
1995,3,8351002,16.94516129032258,8351002,oiapoque,AP,,,,,,,,,,,,,,,,,,,
1995,4,51002,26.889473684210525,51002,mazagao,AP,,,,,,,,,,,,,,,,,,,
1995,4,771001,0.3866666666666667,771001,tarauaca,AC,,,,,,,,,,,,,,,,,,,
1995,4,872000,3.6866666666666665,872000,marechal thaumaturgo,AC,,,,,,,,,,,,,,,,,,,
1995,4,972000,8.546666666666665,972000,marechal thaumaturgo,AC,,,,,,,,,,,,,,,,,,,
1995,4,1068000,,1068000,xapuri,AC,,,,,,,,,,,,,,,,,,,
1995,4,8050000,10.69,8050000,macapa,AP,,,,,,,,,,,,,,,,,,,
1995,4,8051010,19.723333333333336,8051010,macapa,AP,,,,,,,,,,,,,,,,,,,
1995,4,8051012,9.306666666666667,8051012,porto grande,AP,,,,,,,,,,,,,,,,,,,
1995,4,8052000,12.473333333333333,8052000,serra do navio,AP,,,,,,,,,,,,,,,,,,,
1995,4,8150000,15.45,8150000,tartarugalzinho,AP,,,,,,,,,,,,,,,,,,,
1995,4,8151000,20.243333333333332,8151000,tartarugalzinho,AP,,,,,,,,,,,,,,,,,,,
1995,4,8250002,10.706666666666667,8250002,calcoene,AP,,,,,,,,,,,,,,,,,,,
1995,4,8250003,17.788888888888888,8250003,amapa,AP,,,,,,,,,,,,,,,,,,,
1995,4,8251001,12.083333333333334,8251001,calcoene,AP,,,,,,,,,,,,,,,,,,,
1995,4,8351002,5.3533333333333335,8351002,oiapoque,AP,,,,,,,,,,,,,,,,,,,
1995,5,51002,10.73225806451613,51002,mazagao,AP,,,,,,,,,,,,,,,,,,,
1995,5,771001,0.3387096774193548,771001,tarauaca,AC,,,,,,,,,,,,,,,,,,,
1995,5,872000,2.3677419354838714,872000,marechal thaumaturgo,AC,,,,,,,,,,,,,,,,,,,
1995,5,972000,3.2580645161290325,972000,marechal thaumaturgo,AC,,,,,,,,,,,,,,,,,,,
1995,5,1068000,,1068000,xapuri,AC,,,,,,,,,,,,,,,,,,,
1995,5,8050000,7.077419354838709,8050000,macapa,AP,,,,,,,,,,,,,,,,,,,
1995,5,8051010,8.53225806451613,8051010,macapa,AP,,,,,,,,,,,,,,,,,,,
1995,5,8051012,8.764516129032257,8051012,porto grande,AP,,,,,,,,,,,,,,,,,,,
1995,5,8052000,13.651612903225805,8052000,serra do navio,AP,,,,,,,,,,,,,,,,,,,
1995,5,8150000,11.64516129032258,8150000,tartarugalzinho,AP,,,,,,,,,,,,,,,,,,,
1995,5,8151000,14.216129032258063,8151000,tartarugalzinho,AP,,,,,,,,,,,,,,,,,,,
1995,5,8250002,15.570967741935483,8250002,calcoene,AP,,,,,,,,,,,,,,,,,,,
1995,5,8250003,16.592307692307692,8250003,amapa,AP,,,,,,,,,,,,,,,,,,,
1995,5,8251001,14.793548387096774,8251001,calcoene,AP,,,,,,,,,,,,,,,,,,,
1995,5,8351002,12.096774193548388,8351002,oiapoque,AP,,,,,,,,,,,,,,,,,,,
1995,6,51002,4.806666666666667,51002,mazagao,AP,,,,,,,,,,,,,,,,,,,
1995,6,771001,0.0,771001,tarauaca,AC,,,,,,,,,,,,,,,,,,,
1995,6,872000,1.4533333333333331,872000,marechal thaumaturgo,AC,,,,,,,,,,,,,,,,,,,
1995,6,972000,1.9666666666666666,972000,marechal thaumaturgo,AC,,,,,,,,,,,,,,,,,,,
1995,6,1067003,1.84,1067003,capixaba,AC,,,,,,,,,,,,,,,,,,,
1995,6,1068000,2.566666666666667,1068000,xapuri,AC,,,,,,,,,,,,,,,,,,,
1995,6,8050000,8.82,8050000,macapa,AP,,,,,,,,,,,,,,,,,,,
1995,6,8051010,5.1066666666666665,8051010,macapa,AP,,,,,,,,,,,,,,,,,,,
1995,6,8051012,6.5600000000000005,8051012,porto grande,AP,,,,,,,,,,,,,,,,,,,
1995,6,8052000,9.6,8052000,serra do navio,AP,,,,,,,,,,,,,,,,,,,
1995,6,8150000,8.926666666666668,8150000,tartarugalzinho,AP,,,,,,,,,,,,,,,,,,,
1995,6,8151000,14.516666666666667,8151000,tartarugalzinho,AP,,,,,,,,,,,,,,,,,,,
1995,6,8250002,21.043333333333333,8250002,calcoene,AP,,,,,,,,,,,,,,,,,,,
1995,6,8250003,24.226666666666667,8250003,amapa,AP,,,,,,,,,,,,,,,,,,,
1995,6,8251001,10.523333333333333,8251001,calcoene,AP,,,,,,,,,,,,,,,,,,,
1995,6,8351002,14.080000000000002,8351002,oiapoque,AP,,,,,,,,,,,,,,,,,,,
1995,7,51002,2.2806451612903227,51002,mazagao,AP,,,,,,,,,,,,,,,,,,,
1995,7,771001,0.0,771001,tarauaca,AC,,,,,,,,,,,,,,,,,,,
1995,7,872000,0.8709677419354839,872000,marechal thaumaturgo,AC,,,,,,,,,,,,,,,,,,,
1995,7,972000,0.2725806451612903,972000,marechal thaumaturgo,AC,,,,,,,,,,,,,,,,,,,
1995,7,1067003,0.5225806451612903,1067003,capixaba,AC,,,,,,,,,,,,,,,,,,,
1995,7,1068000,0.18064516129032257,1068000,xapuri,AC,,,,,,,,,,,,,,,,,,,
1995,7,8050000,0.9354838709677419,8050000,macapa,AP,,,,,,,,,,,,,,,,,,,
1995,7,8051010,1.9193548387096775,8051010,macapa,AP,,,,,,,,,,,,,,,,,,,
1995,7,8051012,6.67741935483871,8051012,porto grande,AP,,,,,,,,,,,,,,,,,,,
1995,7,8052000,9.12258064516129,8052000,serra do navio,AP,,,,,,,,,,,,,,,,,,,
1995,7,8150000,7.070967741935483,8150000,tartarugalzinho,AP,,,,,,,,,,,,,,,,,,,
1995,7,8151000,9.580645161290322,8151000,tartarugalzinho,AP,,,,,,,,,,,,,,,,,,,
1995,7,8250002,8.64516129032258,8250002,calcoene,AP,,,,,,,,,,,,,,,,,,,
1995,7,8250003,2.2,8250003,amapa,AP,,,,,,,,,,,,,,,,,,,
1995,7,8251001,8.380645161290323,8251001,calcoene,AP,,,,,,,,,,,,,,,,,,,
1995,7,8351002,9.861290322580645,8351002,oiapoque,AP,,,,,,,,,,,,,,,,,,,
1995,8,51002,2.8645161290322583,51002,mazagao,AP,,,,,,,,,,,,,,,,,,,
1995,8,872000,0.47096774193548385,872000,marechal thaumaturgo,AC,,,,,,,,,,,,,,,,,,,
1995,8,972000,3.4645161290322584,972000,marechal thaumaturgo,AC,,,,,,,,,,,,,,,,,,,
1995,8,1067003,0.5935483870967742,1067003,capixaba,AC,,,,,,,,,,,,,,,,,,,
1995,8,1068000,0.0,1068000,xapuri,AC,,,,,,,,,,,,,,,,,,,
1995,8,8050000,0.06774193548387097,8050000,macapa,AP,,,,,,,,,,,,,,,,,,,
1995,8,8051010,0.6000000000000001,8051010,macapa,AP,,,,,,,,,,,,,,,,,,,
1995,8,8051012,5.696774193548387,8051012,porto grande,AP,,,,,,,,,,,,,,,,,,,
1995,8,8052000,2.141935483870968,8052000,serra do navio,AP,,,,,,,,,,,,,,,,,,,
1995,8,8150000,1.570967741935484,8150000,tartarugalzinho,AP,,,,,,,,,,,,,,,,,,,
1995,8,8151000,5.819354838709677,8151000,tartarugalzinho,AP,,,,,,,,,,,,,,,,,,,
1995,8,8250002,0.9483870967741935,8250002,calcoene,AP,,,,,,,,,,,,,,,,,,,
1995,8,8250003,2.3185185185185184,8250003,amapa,AP,,,,,,,,,,,,,,,,,,,
1995,8,8251001,1.5806451612903225,8251001,calcoene,AP,,,,,,,,,,,,,,,,,,,
1995,8,8351002,0.9419354838709677,8351002,oiapoque,AP,,,,,,,,,,,,,,,,,,,
1995,9,51002,1.3633333333333333,51002,mazagao,AP,,,,,,,,,,,,,,,,,,,
1995,9,872000,1.78,872000,marechal thaumaturgo,AC,,,,,,,,,,,,,,,,,,,
1995,9,972000,7.033333333333333,972000,marechal thaumaturgo,AC,,,,,,,,,,,,,,,,,,,
1995,9,1067003,1.8,1067003,capixaba,AC,,,,,,,,,,,,,,,,,,,
1995,9,1068000,2.2933333333333334,1068000,xapuri,AC,,,,,,,,,,,,,,,,,,,
1995,9,8050000,0.08666666666666667,8050000,macapa,AP,,,,,,,,,,,,,,,,,,,
1995,9,8051010,0.0,8051010,macapa,AP,,,,,,,,,,,,,,,,,,,
1995,9,8051012,4.276666666666666,8051012,porto grande,AP,,,,,,,,,,,,,,,,,,,
1995,9,8052000,3.5766666666666667,8052000,serra do navio,AP,,,,,,,,,,,,,,,,,,,
1995,9,8150000,0.0,8150000,tartarugalzinho,AP,,,,,,,,,,,,,,,,,,,
1995,9,8151000,0.22666666666666668,8151000,tartarugalzinho,AP,,,,,,,,,,,,,,,,,,,
1995,9,8250002,0.0,8250002,calcoene,AP,,,,,,,,,,,,,,,,,,,
1995,9,8250003,0.0,8250003,amapa,AP,,,,,,,,,,,,,,,,,,,
1995,9,8251001,0.10666666666666666,8251001,calcoene,AP,,,,,,,,,,,,,,,,,,,
1995,9,8351002,0.8,8351002,oiapoque,AP,,,,,,,,,,,,,,,,,,,
1995,10,51002,0.0,51002,mazagao,AP,,,,,,,,,,,,,,,,,,,
1995,10,872000,3.364516129032258,872000,marechal thaumaturgo,AC,,,,,,,,,,,,,,,,,,,
1995,10,972000,4.716129032258064,972000,marechal thaumaturgo,AC,,,,,,,,,,,,,,,,,,,
1995,10,1067003,3.4419354838709677,1067003,capixaba,AC,,,,,,,,,,,,,,,,,,,
1995,10,1068000,4.206451612903226,1068000,xapuri,AC,,,,,,,,,,,,,,,,,,,
1995,10,8050000,0.0,8050000,macapa,AP,,,,,,,,,,,,,,,,,,,
1995,10,8051010,0.0,8051010,macapa,AP,,,,,,,,,,,,,,,,,,,
1995,10,8051012,1.0612903225806452,8051012,porto grande,AP,,,,,,,,,,,,,,,,,,,
1995,10,8052000,2.6258064516129034,8052000,serra do navio,AP,,,,,,,,,,,,,,,,,,,
1995,10,8150000,0.3967741935483871,8150000,tartarugalzinho,AP,,,,,,,,,,,,,,,,,,,
1995,10,8151000,0.17096774193548386,8151000,tartarugalzinho,AP,,,,,,,,,,,,,,,,,,,
1995,10,8250002,0.012903225806451611,8250002,calcoene,AP,,,,,,,,,,,,,,,,,,,
1995,10,8250003,0.3870967741935484,8250003,amapa,AP,,,,,,,,,,,,,,,,,,,
1995,10,8251001,0.0,8251001,calcoene,AP,,,,,,,,,,,,,,,,,,,
1995,10,8351002,2.070967741935484,8351002,oiapoque,AP,,,,,,,,,,,,,,,,,,,
1995,11,51002,3.2133333333333334,51002,mazagao,AP,,,,,,,,,,,,,,,,,,,
1995,11,872000,3.43,872000,marechal thaumaturgo,AC,,,,,,,,,,,,,,,,,,,
1995,11,972000,3.126666666666667,972000,marechal thaumaturgo,AC,,,,,,,,,,,,,,,,,,,
1995,11,1067003,6.72,1067003,capixaba,AC,,,,,,,,,,,,,,,,,,,
1995,11,1068000,9.293333333333333,1068000,xapuri,AC,,,,,,,,,,,,,,,,,,,
1995,11,8050000,1.1033333333333333,8050000,macapa,AP,,,,,,,,,,,,,,,,,,,
1995,11,8051010,5.27,8051010,macapa,AP,,,,,,,,,,,,,,,,,,,
1995,11,8051012,5.576666666666667,8051012,porto grande,AP,,,,,,,,,,,,,,,,,,,
1995,11,8052000,3.6133333333333337,8052000,serra do navio,AP,,,,,,,,,,,,,,,,,,,
1995,11,8150000,6.66,8150000,tartarugalzinho,AP,,,,,,,,,,,,,,,,,,,
1995,11,8151000,6.003333333333333,8151000,tartarugalzinho,AP,,,,,,,,,,,,,,,,,,,
1995,11,8250002,6.569999999999999,8250002,calcoene,AP,,,,,,,,,,,,,,,,,,,
1995,11,8250003,3.1533333333333338,8250003,amapa,AP,,,,,,,,,,,,,,,,,,,
1995,11,8251001,2.9866666666666664,8251001,calcoene,AP,,,,,,,,,,,,,,,,,,,
1995,11,8351002,4.26,8351002,oiapoque,AP,,,,,,,,,,,,,,,,,,,
1995,12,51002,3.116129032258064,51002,mazagao,AP,,,,,,,,,,,,,,,,,,,
1995,12,872000,4.23921568627451,872000,marechal thaumaturgo,AC,,,,,,,,,,,,,,,,,,,
1995,12,972000,12.793548387096775,972000,marechal thaumaturgo,AC,,,,,,,,,,,,,,,,,,,
1995,12,1067003,6.122580645161291,1067003,capixaba,AC,,,,,,,,,,,,,,,,,,,
1995,12,1068000,10.242105263157894,1068000,xapuri,AC,,,,,,,,,,,,,,,,,,,
1995,12,8050000,0.11612903225806452,8050000,macapa,AP,,,,,,,,,,,,,,,,,,,
1995,12,8051010,1.7999999999999998,8051010,macapa,AP,,,,,,,,,,,,,,,,,,,
1995,12,8051012,4.019354838709678,8051012,porto grande,AP,,,,,,,,,,,,,,,,,,,
1995,12,8052000,5.406451612903226,8052000,serra do navio,AP,,,,,,,,,,,,,,,,,,,
1995,12,8150000,2.990322580645161,8150000,tartarugalzinho,AP,,,,,,,,,,,,,,,,,,,
1995,12,8151000,8.029032258064516,8151000,tartarugalzinho,AP,,,,,,,,,,,,,,,,,,,
1995,12,8250002,5.132258064516129,8250002,calcoene,AP,,,,,,,,,,,,,,,,,,,
1995,12,8250003,1.9130434782608696,8250003,amapa,AP,,,,,,,,,,,,,,,,,,,
1995,12,8251001,2.9645161290322584,8251001,calcoene,AP,,,,,,,,,,,,,,,,,,,
1995,12,8351002,4.825806451612903,8351002,oiapoque,AP,,,,,,,,,,,,,,,,,,,
1996,1,51002,7.312903225806451,51002,mazagao,AP,,,,,,,,,,,,,,,,,,,
1996,1,771001,,771001,tarauaca,AC,,,,,,,,,,,,,,,,,,,
1996,1,872000,3.885483870967742,872000,marechal thaumaturgo,AC,,,,,,,,,,,,,,,,,,,
1996,1,968004,6.548387096774194,968004,bujari,AC,,,,,,,,,,,,,,,,,,,
1996,1,972000,14.864516129032259,972000,marechal thaumaturgo,AC,,,,,,,,,,,,,,,,,,,
1996,1,1067002,11.493548387096775,1067002,placido de castro,AC,,,,,,,,,,,,,,,,,,,
1996,1,1067003,8.119354838709677,1067003,capixaba,AC,,,,,,,,,,,,,,,,,,,
1996,1,1068000,6.703225806451614,1068000,xapuri,AC,,,,,,,,,,,,,,,,,,,
1996,1,8050000,7.870967741935484,8050000,macapa,AP,,,,,,,,,,,,,,,,,,,
1996,1,8051010,7.693548387096774,8051010,macapa,AP,,,,,,,,,,,,,,,,,,,
1996,1,8051012,11.280645161290321,8051012,porto grande,AP,,,,,,,,,,,,,,,,,,,
1996,1,8052000,12.238709677419354,8052000,serra do navio,AP,,,,,,,,,,,,,,,,,,,
1996,1,8150000,15.129032258064516,8150000,tartarugalzinho,AP,,,,,,,,,,,,,,,,,,,
1996,1,8151000,19.03548387096774,8151000,tartarugalzinho,AP,,,,,,,,,,,,,,,,,,,
1996,1,8250002,28.967741935483872,8250002,calcoene,AP,,,,,,,,,,,,,,,,,,,
1996,1,8250003,8.75,8250003,amapa,AP,,,,,,,,,,,,,,,,,,,
1996,1,8251001,18.551612903225806,8251001,calcoene,AP,,,,,,,,,,,,,,,,,,,
1996,1,8351002,14.535483870967743,8351002,oiapoque,AP,,,,,,,,,,,,,,,,,,,
1996,2,51002,5.188235294117646,51002,mazagao,AP,,,,,,,,,,,,,,,,,,,
1996,2,771001,,771001,tarauaca,AC,,,,,,,,,,,,,,,,,,,
1996,2,872000,5.589655172413793,872000,marechal thaumaturgo,AC,,,,,,,,,,,,,,,,,,,
1996,2,968004,5.496551724137931,968004,bujari,AC,,,,,,,,,,,,,,,,,,,
1996,2,972000,7.255172413793104,972000,marechal thaumaturgo,AC,,,,,,,,,,,,,,,,,,,
1996,2,1067002,6.689655172413793,1067002,placido de castro,AC,,,,,,,,,,,,,,,,,,,
1996,2,1067003,9.151724137931033,1067003,capixaba,AC,,,,,,,,,,,,,,,,,,,
1996,2,1068000,7.441379310344828,1068000,xapuri,AC,,,,,,,,,,,,,,,,,,,
1996,2,8050000,7.5344827586206895,8050000,macapa,AP,,,,,,,,,,,,,,,,,,,
1996,2,8051010,9.720689655172412,8051010,macapa,AP,,,,,,,,,,,,,,,,,,,
1996,2,8051012,6.975862068965518,8051012,porto grande,AP,,,,,,,,,,,,,,,,,,,
1996,2,8052000,10.10689655172414,8052000,serra do navio,AP,,,,,,,,,,,,,,,,,,,
1996,2,8150000,8.955172413793104,8150000,tartarugalzinho,AP,,,,,,,,,,,,,,,,,,,
1996,2,8151000,13.00344827586207,8151000,tartarugalzinho,AP,,,,,,,,,,,,,,,,,,,
1996,2,8250002,23.775862068965516,8250002,calcoene,AP,,,,,,,,,,,,,,,,,,,
1996,2,8250003,7.3090909090909095,8250003,amapa,AP,,,,,,,,,,,,,,,,,,,
1996,2,8251001,12.548275862068964,8251001,calcoene,AP,,,,,,,,,,,,,,,,,,,
1996,2,8351002,25.186206896551724,8351002,oiapoque,AP,,,,,,,,,,,,,,,,,,,
1996,3,51002,11.0,51002,mazagao,AP,,,,,,,,,,,,,,,,,,,
1996,3,771001,,771001,tarauaca,AC,,,,,,,,,,,,,,,,,,,
1996,3,872000,1.6754098360655738,872000,marechal thaumaturgo,AC,,,,,,,,,,,,,,,,,,,
1996,3,968004,5.65483870967742,968004,bujari,AC,,,,,,,,,,,,,,,,,,,
1996,3,972000,10.561290322580644,972000,marechal thaumaturgo,AC,,,,,,,,,,,,,,,,,,,
1996,3,1067002,8.725806451612904,1067002,placido de castro,AC,,,,,,,,,,,,,,,,,,,
1996,3,1067003,8.570967741935483,1067003,capixaba,AC,,,,,,,,,,,,,,,,,,,
1996,3,1068000,10.729032258064517,1068000,xapuri,AC,,,,,,,,,,,,,,,,,,,
1996,3,8050000,6.035483870967742,8050000,macapa,AP,,,,,,,,,,,,,,,,,,,
1996,3,8051010,15.964516129032257,8051010,macapa,AP,,,,,,,,,,,,,,,,,,,
1996,3,8051012,19.216666666666665,8051012,porto grande,AP,,,,,,,,,,,,,,,,,,,
1996,3,8052000,17.229032258064517,8052000,serra do navio,AP,,,,,,,,,,,,,,,,,,,
1996,3,8150000,25.690322580645162,8150000,tartarugalzinho,AP,,,,,,,,,,,,,,,,,,,
1996,3,8151000,19.66774193548387,8151000,tartarugalzinho,AP,,,,,,,,,,,,,,,,,,,
1996,3,8250002,21.770967741935483,8250002,calcoene,AP,,,,,,,,,,,,,,,,,,,
1996,3,8250003,20.490322580645163,8250003,amapa,AP,,,,,,,,,,,,,,,,,,,
1996,3,8251001,17.638709677419353,8251001,calcoene,AP,,,,,,,,,,,,,,,,,,,
1996,3,8351002,14.05483870967742,8351002,oiapoque,AP,,,,,,,,,,,,,,,,,,,
1996,4,51002,7.9366666666666665,51002,mazagao,AP,,,,,,,,,,,,,,,,,,,
1996,4,771001,,771001,tarauaca,AC,,,,,,,,,,,,,,,,,,,
1996,4,872000,4.0,872000,marechal thaumaturgo,AC,,,,,,,,,,,,,,,,,,,
1996,4,968004,4.463333333333334,968004,bujari,AC,,,,,,,,,,,,,,,,,,,
1996,4,972000,4.590000000000001,972000,marechal thaumaturgo,AC,,,,,,,,,,,,,,,,,,,
1996,4,1067002,12.423333333333334,1067002,placido de castro,AC,,,,,,,,,,,,,,,,,,,
1996,4,1067003,3.5233333333333334,1067003,capixaba,AC,,,,,,,,,,,,,,,,,,,
1996,4,1068000,4.8933333333333335,1068000,xapuri,AC,,,,,,,,,,,,,,,,,,,
1996,4,8050000,6.483333333333333,8050000,macapa,AP,,,,,,,,,,,,,,,,,,,
1996,4,8051010,10.113333333333333,8051010,macapa,AP,,,,,,,,,,,,,,,,,,,
1996,4,8051012,11.85,8051012,porto grande,AP,,,,,,,,,,,,,,,,,,,
1996,4,8052000,9.953333333333335,8052000,serra do navio,AP,,,,,,,,,,,,,,,,,,,
1996,4,8150000,13.963333333333333,8150000,tartarugalzinho,AP,,,,,,,,,,,,,,,,,,,
1996,4,8151000,25.553333333333335,8151000,tartarugalzinho,AP,,,,,,,,,,,,,,,,,,,
1996,4,8250002,18.55666666666667,8250002,calcoene,AP,,,,,,,,,,,,,,,,,,,
1996,4,8250003,26.316,8250003,amapa,AP,,,,,,,,,,,,,,,,,,,
1996,4,8251001,13.076666666666666,8251001,calcoene,AP,,,,,,,,,,,,,,,,,,,
1996,4,8351002,7.796666666666667,8351002,oiapoque,AP,,,,,,,,,,,,,,,,,,,
1996,5,51002,7.04516129032258,51002,mazagao,AP,,,,,,,,,,,,,,,,,,,
1996,5,771001,,771001,tarauaca,AC,,,,,,,,,,,,,,,,,,,
1996,5,872000,1.1516129032258062,872000,marechal thaumaturgo,AC,,,,,,,,,,,,,,,,,,,
1996,5,968004,2.7806451612903227,968004,bujari,AC,,,,,,,,,,,,,,,,,,,
1996,5,972000,3.5580645161290323,972000,marechal thaumaturgo,AC,,,,,,,,,,,,,,,,,,,
1996,5,1067002,16.98709677419355,1067002,placido de castro,AC,,,,,,,,,,,,,,,,,,,
1996,5,1067003,7.129032258064516,1067003,capixaba,AC,,,,,,,,,,,,,,,,,,,
1996,5,1068000,3.161290322580645,1068000,xapuri,AC,,,,,,,,,,,,,,,,,,,
1996,5,8050000,1.1161290322580646,8050000,macapa,AP,,,,,,,,,,,,,,,,,,,
1996,5,8051010,8.806451612903226,8051010,macapa,AP,,,,,,,,,,,,,,,,,,,
1996,5,8051012,7.006451612903225,8051012,porto grande,AP,,,,,,,,,,,,,,,,,,,
1996,5,8052000,10.26774193548387,8052000,serra do navio,AP,,,,,,,,,,,,,,,,,,,
1996,5,8150000,11.074193548387097,8150000,tartarugalzinho,AP,,,,,,,,,,,,,,,,,,,
1996,5,8151000,11.97741935483871,8151000,tartarugalzinho,AP,,,,,,,,,,,,,,,,,,,
1996,5,8250002,34.16451612903226,8250002,calcoene,AP,,,,,,,,,,,,,,,,,,,
1996,5,8250003,21.07272727272727,8250003,amapa,AP,,,,,,,,,,,,,,,,,,,
1996,5,8251001,19.799999999999997,8251001,calcoene,AP,,,,,,,,,,,,,,,,,,,
1996,5,8351002,19.993548387096773,8351002,oiapoque,AP,,,,,,,,,,,,,,,,,,,
1996,6,51002,15.096666666666666,51002,mazagao,AP,,,,,,,,,,,,,,,,,,,
1996,6,771001,0.23333333333333334,771001,tarauaca,AC,,,,,,,,,,,,,,,,,,,
1996,6,872000,0.3466666666666667,872000,marechal thaumaturgo,AC,,,,,,,,,,,,,,,,,,,
1996,6,968004,0.8433333333333333,968004,bujari,AC,,,,,,,,,,,,,,,,,,,
1996,6,972000,0.7033333333333334,972000,marechal thaumaturgo,AC,,,,,,,,,,,,,,,,,,,
1996,6,1067002,4.366666666666666,1067002,placido de castro,AC,,,,,,,,,,,,,,,,,,,
1996,6,1067003,0.8066666666666666,1067003,capixaba,AC,,,,,,,,,,,,,,,,,,,
1996,6,1068000,0.52,1068000,xapuri,AC,,,,,,,,,,,,,,,,,,,
1996,6,8050000,1.79,8050000,macapa,AP,,,,,,,,,,,,,,,,,,,
1996,6,8051010,10.44,8051010,macapa,AP,,,,,,,,,,,,,,,,,,,
1996,6,8051012,9.583333333333334,8051012,porto grande,AP,,,,,,,,,,,,,,,,,,,
1996,6,8052000,12.503333333333334,8052000,serra do navio,AP,,,,,,,,,,,,,,,,,,,
1996,6,8150000,9.993333333333334,8150000,tartarugalzinho,AP,,,,,,,,,,,,,,,,,,,
1996,6,8151000,8.620000000000001,8151000,tartarugalzinho,AP,,,,,,,,,,,,,,,,,,,
1996,6,8250002,12.696666666666665,8250002,calcoene,AP,,,,,,,,,,,,,,,,,,,
1996,6,8250003,16.725,8250003,amapa,AP,,,,,,,,,,,,,,,,,,,
1996,6,8251001,9.8,8251001,calcoene,AP,,,,,,,,,,,,,,,,,,,
1996,6,8351002,12.183333333333334,8351002,oiapoque,AP,,,,,,,,,,,,,,,,,,,
1996,7,51002,8.83548387096774,51002,mazagao,AP,,,,,,,,,,,,,,,,,,,
1996,7,771001,0.7193548387096774,771001,tarauaca,AC,,,,,,,,,,,,,,,,,,,
1996,7,872000,2.0193548387096776,872000,marechal thaumaturgo,AC,,,,,,,,,,,,,,,,,,,
1996,7,968004,0.0,968004,bujari,AC,,,,,,,,,,,,,,,,,,,
1996,7,972000,1.6516129032258062,972000,marechal thaumaturgo,AC,,,,,,,,,,,,,,,,,,,
1996,7,1067002,2.096774193548387,1067002,placido de castro,AC,,,,,,,,,,,,,,,,,,,
1996,7,1067003,0.3870967741935484,1067003,capixaba,AC,,,,,,,,,,,,,,,,,,,
1996,7,1068000,0.0,1068000,xapuri,AC,,,,,,,,,,,,,,,,,,,
1996,7,8050000,3.509677419354839,8050000,macapa,AP,,,,,,,,,,,,,,,,,,,
1996,7,8051010,4.245161290322581,8051010,macapa,AP,,,,,,,,,,,,,,,,,,,
1996,7,8051012,18.06896551724138,8051012,porto grande,AP,,,,,,,,,,,,,,,,,,,
1996,7,8052000,5.612903225806452,8052000,serra do navio,AP,,,,,,,,,,,,,,,,,,,
1996,7,8150000,6.156451612903226,8150000,tartarugalzinho,AP,,,,,,,,,,,,,,,,,,,
1996,7,8151000,7.145161290322581,8151000,tartarugalzinho,AP,,,,,,,,,,,,,,,,,,,
1996,7,8250002,5.077419354838709,8250002,calcoene,AP,,,,,,,,,,,,,,,,,,,
1996,7,8250003,9.666666666666666,8250003,amapa,AP,,,,,,,,,,,,,,,,,,,
1996,7,8251001,11.058064516129033,8251001,calcoene,AP,,,,,,,,,,,,,,,,,,,
1996,7,8351002,8.348387096774195,8351002,oiapoque,AP,,,,,,,,,,,,,,,,,,,
1996,8,51002,5.922222222222222,51002,mazagao,AP,,,,,,,,,,,,,,,,,,,
1996,8,771001,2.8774193548387097,771001,tarauaca,AC,,,,,,,,,,,,,,,,,,,
1996,8,872000,1.564516129032258,872000,marechal thaumaturgo,AC,,,,,,,,,,,,,,,,,,,
1996,8,968004,0.5580645161290323,968004,bujari,AC,,,,,,,,,,,,,,,,,,,
1996,8,972000,0.34516129032258064,972000,marechal thaumaturgo,AC,,,,,,,,,,,,,,,,,,,
1996,8,1067002,0.5870967741935483,1067002,placido de castro,AC,,,,,,,,,,,,,,,,,,,
1996,8,1067003,3.7548387096774194,1067003,capixaba,AC,,,,,,,,,,,,,,,,,,,
1996,8,1068000,1.3225806451612903,1068000,xapuri,AC,,,,,,,,,,,,,,,,,,,
1996,8,8050000,0.529032258064516,8050000,macapa,AP,,,,,,,,,,,,,,,,,,,
1996,8,8051010,0.06774193548387097,8051010,macapa,AP,,,,,,,,,,,,,,,,,,,
1996,8,8051012,1.2064516129032257,8051012,porto grande,AP,,,,,,,,,,,,,,,,,,,
1996,8,8052000,5.767741935483872,8052000,serra do navio,AP,,,,,,,,,,,,,,,,,,,
1996,8,8150000,0.8419354838709678,8150000,tartarugalzinho,AP,,,,,,,,,,,,,,,,,,,
1996,8,8151000,1.9258064516129034,8151000,tartarugalzinho,AP,,,,,,,,,,,,,,,,,,,
1996,8,8250002,2.9741935483870967,8250002,calcoene,AP,,,,,,,,,,,,,,,,,,,
1996,8,8250003,1.2517241379310347,8250003,amapa,AP,,,,,,,,,,,,,,,,,,,
1996,8,8251001,3.435483870967742,8251001,calcoene,AP,,,,,,,,,,,,,,,,,,,
1996,8,8351002,5.283870967741936,8351002,oiapoque,AP,,,,,,,,,,,,,,,,,,,
1996,9,51002,1.8333333333333333,51002,mazagao,AP,,,,,,,,,,,,,,,,,,,
1996,9,771001,2.5366666666666666,771001,tarauaca,AC,,,,,,,,,,,,,,,,,,,
1996,9,872000,2.06,872000,marechal thaumaturgo,AC,,,,,,,,,,,,,,,,,,,
1996,9,968004,0.41333333333333333,968004,bujari,AC,,,,,,,,,,,,,,,,,,,
1996,9,972000,2.23,972000,marechal thaumaturgo,AC,,,,,,,,,,,,,,,,,,,
1996,9,1067002,1.23,1067002,placido de castro,AC,,,,,,,,,,,,,,,,,,,
1996,9,1067003,0.4533333333333333,1067003,capixaba,AC,,,,,,,,,,,,,,,,,,,
1996,9,1068000,2.086666666666667,1068000,xapuri,AC,,,,,,,,,,,,,,,,,,,
1996,9,8050000,0.2733333333333333,8050000,macapa,AP,,,,,,,,,,,,,,,,,,,
1996,9,8051010,0.3333333333333333,8051010,macapa,AP,,,,,,,,,,,,,,,,,,,
1996,9,8051012,2.5866666666666664,8051012,porto grande,AP,,,,,,,,,,,,,,,,,,,
1996,9,8052000,2.4200000000000004,8052000,serra do navio,AP,,,,,,,,,,,,,,,,,,,
1996,9,8150000,0.2833333333333333,8150000,tartarugalzinho,AP,,,,,,,,,,,,,,,,,,,
1996,9,8151000,0.43,8151000,tartarugalzinho,AP,,,,,,,,,,,,,,,,,,,
1996,9,8250002,1.7533333333333334,8250002,calcoene,AP,,,,,,,,,,,,,,,,,,,
1996,9,8250003,0.41000000000000003,8250003,amapa,AP,,,,,,,,,,,,,,,,,,,
1996,9,8251001,2.6733333333333333,8251001,calcoene,AP,,,,,,,,,,,,,,,,,,,
1996,9,8351002,1.1166666666666667,8351002,oiapoque,AP,,,,,,,,,,,,,,,,,,,
1996,10,51002,0.7516129032258064,51002,mazagao,AP,,,,,,,,,,,,,,,,,,,
1996,10,771001,4.02258064516129,771001,tarauaca,AC,,,,,,,,,,,,,,,,,,,
1996,10,872000,1.6161290322580644,872000,marechal thaumaturgo,AC,,,,,,,,,,,,,,,,,,,
1996,10,968004,4.396774193548388,968004,bujari,AC,,,,,,,,,,,,,,,,,,,
1996,10,972000,8.154838709677419,972000,marechal thaumaturgo,AC,,,,,,,,,,,,,,,,,,,
1996,10,1067002,4.725806451612903,1067002,placido de castro,AC,,,,,,,,,,,,,,,,,,,
1996,10,1067003,7.183870967741935,1067003,capixaba,AC,,,,,,,,,,,,,,,,,,,
1996,10,1068000,4.980645161290322,1068000,xapuri,AC,,,,,,,,,,,,,,,,,,,
1996,10,8050000,0.03870967741935484,8050000,macapa,AP,,,,,,,,,,,,,,,,,,,
1996,10,8051010,0.0,8051010,macapa,AP,,,,,,,,,,,,,,,,,,,
1996,10,8051012,5.422580645161291,8051012,porto grande,AP,,,,,,,,,,,,,,,,,,,
1996,10,8052000,3.296774193548387,8052000,serra do navio,AP,,,,,,,,,,,,,,,,,,,
1996,10,8150000,0.0,8150000,tartarugalzinho,AP,,,,,,,,,,,,,,,,,,,
1996,10,8151000,0.20967741935483872,8151000,tartarugalzinho,AP,,,,,,,,,,,,,,,,,,,
1996,10,8250002,0.4064516129032258,8250002,calcoene,AP,,,,,,,,,,,,,,,,,,,
1996,10,8250003,0.15806451612903225,8250003,amapa,AP,,,,,,,,,,,,,,,,,,,
1996,10,8251001,0.05161290322580645,8251001,calcoene,AP,,,,,,,,,,,,,,,,,,,
1996,10,8351002,0.6677419354838711,8351002,oiapoque,AP,,,,,,,,,,,,,,,,,,,
1996,11,51002,0.44666666666666666,51002,mazagao,AP,,,,,,,,,,,,,,,,,,,
1996,11,771001,3.496666666666667,771001,tarauaca,AC,,,,,,,,,,,,,,,,,,,
1996,11,872000,4.213333333333334,872000,marechal thaumaturgo,AC,,,,,,,,,,,,,,,,,,,
1996,11,968004,7.2733333333333325,968004,bujari,AC,,,,,,,,,,,,,,,,,,,
1996,11,972000,7.036666666666666,972000,marechal thaumaturgo,AC,,,,,,,,,,,,,,,,,,,
1996,11,1067002,6.9366666666666665,1067002,placido de castro,AC,,,,,,,,,,,,,,,,,,,
1996,11,1067003,2.79,1067003,capixaba,AC,,,,,,,,,,,,,,,,,,,
1996,11,1068000,3.826666666666667,1068000,xapuri,AC,,,,,,,,,,,,,,,,,,,
1996,11,8050000,0.01,8050000,macapa,AP,,,,,,,,,,,,,,,,,,,
1996,11,8051010,0.0,8051010,macapa,AP,,,,,,,,,,,,,,,,,,,
1996,11,8051012,3.7149999999999994,8051012,porto grande,AP,,,,,,,,,,,,,,,,,,,
1996,11,8052000,4.2299999999999995,8052000,serra do navio,AP,,,,,,,,,,,,,,,,,,,
1996,11,8150000,0.6533333333333334,8150000,tartarugalzinho,AP,,,,,,,,,,,,,,,,,,,
1996,11,8151000,1.1,8151000,tartarugalzinho,AP,,,,,,,,,,,,,,,,,,,
1996,11,8250002,3.5233333333333334,8250002,calcoene,AP,,,,,,,,,,,,,,,,,,,
1996,11,8250003,3.56,8250003,amapa,AP,,,,,,,,,,,,,,,,,,,
1996,11,8251001,3.4033333333333333,8251001,calcoene,AP,,,,,,,,,,,,,,,,,,,
1996,11,8351002,8.046666666666667,8351002,oiapoque,AP,,,,,,,,,,,,,,,,,,,
1996,12,51002,1.3193548387096774,51002,mazagao,AP,,,,,,,,,,,,,,,,,,,
1996,12,771001,8.66451612903226,771001,tarauaca,AC,,,,,,,,,,,,,,,,,,,
1996,12,872000,4.712903225806452,872000,marechal thaumaturgo,AC,,,,,,,,,,,,,,,,,,,
1996,12,968004,8.838709677419354,968004,bujari,AC,,,,,,,,,,,,,,,,,,,
1996,12,972000,5.606451612903225,972000,marechal thaumaturgo,AC,,,,,,,,,,,,,,,,,,,
1996,12,1067002,8.85483870967742,1067002,placido de castro,AC,,,,,,,,,,,,,,,,,,,
1996,12,1067003,4.158064516129032,1067003,capixaba,AC,,,,,,,,,,,,,,,,,,,
1996,12,1068000,4.870967741935484,1068000,xapuri,AC,,,,,,,,,,,,,,,,,,,
1996,12,8050000,0.27419354838709675,8050000,macapa,AP,,,,,,,,,,,,,,,,,,,
1996,12,8051010,6.470967741935484,8051010,macapa,AP,,,,,,,,,,,,,,,,,,,
1996,12,8051012,1.5129032258064516,8051012,porto grande,AP,,,,,,,,,,,,,,,,,,,
1996,12,8052000,3.5161290322580645,8052000,serra do navio,AP,,,,,,,,,,,,,,,,,,,
1996,12,8150000,1.5870967741935482,8150000,tartarugalzinho,AP,,,,,,,,,,,,,,,,,,,
1996,12,8151000,4.758064516129032,8151000,tartarugalzinho,AP,,,,,,,,,,,,,,,,,,,
1996,12,8250002,7.506451612903225,8250002,calcoene,AP,,,,,,,,,,,,,,,,,,,
1996,12,8250003,2.1129032258064515,8250003,amapa,AP,,,,,,,,,,,,,,,,,,,
1996,12,8251001,4.367741935483871,8251001,calcoene,AP,,,,,,,,,,,,,,,,,,,
1996,12,8351002,4.083870967741936,8351002,oiapoque,AP,,,,,,,,,,,,,,,,,,,
1997,1,51002,5.590322580645162,51002,mazagao,AP,,,,,,,,,,,,,,,,,,,
1997,1,771001,6.664516129032258,771001,tarauaca,AC,,,,,,,,,,,,,,,,,,,
1997,1,872000,3.638709677419355,872000,marechal thaumaturgo,AC,,,,,,,,,,,,,,,,,,,
1997,1,968004,10.4,968004,bujari,AC,,,,,,,,,,,,,,,,,,,
1997,1,972000,10.958064516129031,972000,marechal thaumaturgo,AC,,,,,,,,,,,,,,,,,,,
1997,1,1067002,7.829032258064516,1067002,placido de castro,AC,,,,,,,,,,,,,,,,,,,
1997,1,1067003,6.251612903225807,1067003,capixaba,AC,,,,,,,,,,,,,,,,,,,
1997,1,1068000,8.316129032258065,1068000,xapuri,AC,,,,,,,,,,,,,,,,,,,
1997,1,8050000,1.8516129032258064,8050000,macapa,AP,,,,,,,,,,,,,,,,,,,
1997,1,8051010,14.54516129032258,8051010,macapa,AP,,,,,,,,,,,,,,,,,,,
1997,1,8051012,6.935483870967742,8051012,porto grande,AP,,,,,,,,,,,,,,,,,,,
1997,1,8052000,9.593548387096776,8052000,serra do navio,AP,,,,,,,,,,,,,,,,,,,
1997,1,8150000,8.55483870967742,8150000,tartarugalzinho,AP,,,,,,,,,,,,,,,,,,,
1997,1,8151000,13.16451612903226,8151000,tartarugalzinho,AP,,,,,,,,,,,,,,,,,,,
1997,1,8250002,21.70967741935484,8250002,calcoene,AP,,,,,,,,,,,,,,,,,,,
1997,1,8250003,19.316129032258065,8250003,amapa,AP,,,,,,,,,,,,,,,,,,,
1997,1,8251001,15.006451612903225,8251001,calcoene,AP,,,,,,,,,,,,,,,,,,,
1997,1,8351002,22.929032258064517,8351002,oiapoque,AP,,,,,,,,,,,,,,,,,,,
1997,2,51002,8.847999999999999,51002,mazagao,AP,,,,,,,,,,,,,,,,,,,
1997,2,771001,9.87857142857143,771001,tarauaca,AC,,,,,,,,,,,,,,,,,,,
1997,2,872000,5.817857142857143,872000,marechal thaumaturgo,AC,,,,,,,,,,,,,,,,,,,
1997,2,968004,10.278571428571428,968004,bujari,AC,,,,,,,,,,,,,,,,,,,
1997,2,972000,5.675,972000,marechal thaumaturgo,AC,,,,,,,,,,,,,,,,,,,
1997,2,1067002,9.9,1067002,placido de castro,AC,,,,,,,,,,,,,,,,,,,
1997,2,1067003,9.382142857142856,1067003,capixaba,AC,,,,,,,,,,,,,,,,,,,
1997,2,1068000,11.408,1068000,xapuri,AC,,,,,,,,,,,,,,,,,,,
1997,2,8050000,1.3071428571428572,8050000,macapa,AP,,,,,,,,,,,,,,,,,,,
1997,2,8051010,12.014285714285714,8051010,macapa,AP,,,,,,,,,,,,,,,,,,,
1997,2,8051012,8.785714285714286,8051012,porto grande,AP,,,,,,,,,,,,,,,,,,,
1997,2,8052000,9.185714285714285,8052000,serra do navio,AP,,,,,,,,,,,,,,,,,,,
1997,2,8150000,8.52142857142857,8150000,tartarugalzinho,AP,,,,,,,,,,,,,,,,,,,
1997,2,8151000,17.985714285714288,8151000,tartarugalzinho,AP,,,,,,,,,,,,,,,,,,,
1997,2,8250002,31.785714285714285,8250002,calcoene,AP,,,,,,,,,,,,,,,,,,,
1997,2,8250003,16.782142857142855,8250003,amapa,AP,,,,,,,,,,,,,,,,,,,
1997,2,8251001,31.317857142857143,8251001,calcoene,AP,,,,,,,,,,,,,,,,,,,
1997,2,8351002,17.02857142857143,8351002,oiapoque,AP,,,,,,,,,,,,,,,,,,,
1997,3,51002,8.639999999999999,51002,mazagao,AP,,,,,,,,,,,,,,,,,,,
1997,3,771001,9.212903225806452,771001,tarauaca,AC,,,,,,,,,,,,,,,,,,,
1997,3,872000,2.0935483870967744,872000,marechal thaumaturgo,AC,,,,,,,,,,,,,,,,,,,
1997,3,968004,12.187096774193549,968004,bujari,AC,,,,,,,,,,,,,,,,,,,
1997,3,972000,13.403225806451612,972000,marechal thaumaturgo,AC,,,,,,,,,,,,,,,,,,,
1997,3,1067002,16.206451612903226,1067002,placido de castro,AC,,,,,,,,,,,,,,,,,,,
1997,3,1067003,8.44516129032258,1067003,capixaba,AC,,,,,,,,,,,,,,,,,,,
1997,3,1068000,16.348387096774193,1068000,xapuri,AC,,,,,,,,,,,,,,,,,,,
1997,3,8050000,4.864516129032259,8050000,macapa,AP,,,,,,,,,,,,,,,,,,,
1997,3,8051010,13.509677419354839,8051010,macapa,AP,,,,,,,,,,,,,,,,,,,
1997,3,8051012,9.332258064516129,8051012,porto grande,AP,,,,,,,,,,,,,,,,,,,
1997,3,8052000,10.02258064516129,8052000,serra do navio,AP,,,,,,,,,,,,,,,,,,,
1997,3,8150000,11.316129032258065,8150000,tartarugalzinho,AP,,,,,,,,,,,,,,,,,,,
1997,3,8150001,4.8500000000000005,8150001,tartarugalzinho,AP,,,,,,,,,,,,,,,,,,,
1997,3,8151000,16.348387096774193,8151000,tartarugalzinho,AP,,,,,,,,,,,,,,,,,,,
1997,3,8250002,12.86774193548387,8250002,calcoene,AP,,,,,,,,,,,,,,,,,,,
1997,3,8250003,13.093548387096773,8250003,amapa,AP,,,,,,,,,,,,,,,,,,,
1997,3,8251001,13.738709677419354,8251001,calcoene,AP,,,,,,,,,,,,,,,,,,,
1997,3,8351002,10.803225806451612,8351002,oiapoque,AP,,,,,,,,,,,,,,,,,,,
1997,4,51002,14.046666666666669,51002,mazagao,AP,,,,,,,,,,,,,,,,,,,
1997,4,771001,8.770000000000001,771001,tarauaca,AC,,,,,,,,,,,,,,,,,,,
1997,4,872000,1.32,872000,marechal thaumaturgo,AC,,,,,,,,,,,,,,,,,,,
1997,4,968004,3.9766666666666666,968004,bujari,AC,,,,,,,,,,,,,,,,,,,
1997,4,972000,7.736666666666666,972000,marechal thaumaturgo,AC,,,,,,,,,,,,,,,,,,,
1997,4,1067002,5.83,1067002,placido de castro,AC,,,,,,,,,,,,,,,,,,,
1997,4,1067003,1.9433333333333331,1067003,capixaba,AC,,,,,,,,,,,,,,,,,,,
1997,4,1068000,5.3933333333333335,1068000,xapuri,AC,,,,,,,,,,,,,,,,,,,
1997,4,8050000,6.343333333333334,8050000,macapa,AP,,,,,,,,,,,,,,,,,,,
1997,4,8051010,15.526666666666667,8051010,macapa,AP,,,,,,,,,,,,,,,,,,,
1997,4,8051012,8.37,8051012,porto grande,AP,,,,,,,,,,,,,,,,,,,
1997,4,8052000,9.520000000000001,8052000,serra do navio,AP,,,,,,,,,,,,,,,,,,,
1997,4,8150000,10.81,8150000,tartarugalzinho,AP,,,,,,,,,,,,,,,,,,,
1997,4,8150001,6.263333333333334,8150001,tartarugalzinho,AP,,,,,,,,,,,,,,,,,,,
1997,4,8151000,18.14333333333333,8151000,tartarugalzinho,AP,,,,,,,,,,,,,,,,,,,
1997,4,8250002,30.056666666666665,8250002,calcoene,AP,,,,,,,,,,,,,,,,,,,
1997,4,8250003,15.080000000000002,8250003,amapa,AP,,,,,,,,,,,,,,,,,,,
1997,4,8251001,20.296666666666667,8251001,calcoene,AP,,,,,,,,,,,,,,,,,,,
1997,4,8351002,12.123333333333333,8351002,oiapoque,AP,,,,,,,,,,,,,,,,,,,
1997,5,51002,7.735483870967743,51002,mazagao,AP,,,,,,,,,,,,,,,,,,,
1997,5,51004,7.615384615384615,51004,mazagao,AP,,,,,,,,,,,,,,,,,,,
1997,5,52003,4.939130434782609,52003,mazagao,AP,,,,,,,,,,,,,,,,,,,
1997,5,771001,4.306451612903226,771001,tarauaca,AC,,,,,,,,,,,,,,,,,,,
1997,5,872000,1.7419354838709677,872000,marechal thaumaturgo,AC,,,,,,,,,,,,,,,,,,,
1997,5,968004,0.9225806451612902,968004,bujari,AC,,,,,,,,,,,,,,,,,,,
1997,5,972000,4.087096774193548,972000,marechal thaumaturgo,AC,,,,,,,,,,,,,,,,,,,
1997,5,1067002,0.7,1067002,placido de castro,AC,,,,,,,,,,,,,,,,,,,
1997,5,1067003,1.135483870967742,1067003,capixaba,AC,,,,,,,,,,,,,,,,,,,
1997,5,1068000,1.238709677419355,1068000,xapuri,AC,,,,,,,,,,,,,,,,,,,
1997,5,8050000,4.870967741935484,8050000,macapa,AP,,,,,,,,,,,,,,,,,,,
1997,5,8051010,14.016129032258064,8051010,macapa,AP,,,,,,,,,,,,,,,,,,,
1997,5,8051012,9.338709677419354,8051012,porto grande,AP,,,,,,,,,,,,,,,,,,,
1997,5,8052000,11.719354838709679,8052000,serra do navio,AP,,,,,,,,,,,,,,,,,,,
1997,5,8150000,10.635483870967741,8150000,tartarugalzinho,AP,,,,,,,,,,,,,,,,,,,
1997,5,8150001,7.935483870967742,8150001,tartarugalzinho,AP,,,,,,,,,,,,,,,,,,,
1997,5,8151000,10.154838709677419,8151000,tartarugalzinho,AP,,,,,,,,,,,,,,,,,,,
1997,5,8250002,20.414516129032258,8250002,calcoene,AP,,,,,,,,,,,,,,,,,,,
1997,5,8250003,16.916129032258063,8250003,amapa,AP,,,,,,,,,,,,,,,,,,,
1997,5,8251001,13.229032258064517,8251001,calcoene,AP,,,,,,,,,,,,,,,,,,,
1997,5,8351002,12.238709677419354,8351002,oiapoque,AP,,,,,,,,,,,,,,,,,,,
1997,6,51002,4.42,51002,mazagao,AP,,,,,,,,,,,,,,,,,,,
1997,6,51004,3.1466666666666665,51004,mazagao,AP,,,,,,,,,,,,,,,,,,,
1997,6,52003,4.263333333333334,52003,mazagao,AP,,,,,,,,,,,,,,,,,,,
1997,6,771001,0.8333333333333334,771001,tarauaca,AC,,,,,,,,,,,,,,,,,,,
1997,6,872000,0.6766666666666665,872000,marechal thaumaturgo,AC,,,,,,,,,,,,,,,,,,,
1997,6,968004,2.2266666666666666,968004,bujari,AC,,,,,,,,,,,,,,,,,,,
1997,6,972000,1.15,972000,marechal thaumaturgo,AC,,,,,,,,,,,,,,,,,,,
1997,6,1067002,1.1033333333333333,1067002,placido de castro,AC,,,,,,,,,,,,,,,,,,,
1997,6,1067003,0.0,1067003,capixaba,AC,,,,,,,,,,,,,,,,,,,
1997,6,1068000,1.2,1068000,xapuri,AC,,,,,,,,,,,,,,,,,,,
1997,6,8050000,1.4,8050000,macapa,AP,,,,,,,,,,,,,,,,,,,
1997,6,8051010,7.41,8051010,macapa,AP,,,,,,,,,,,,,,,,,,,
1997,6,8051012,5.263333333333334,8051012,porto grande,AP,,,,,,,,,,,,,,,,,,,
1997,6,8052000,2.7133333333333334,8052000,serra do navio,AP,,,,,,,,,,,,,,,,,,,
1997,6,8150000,3.28,8150000,tartarugalzinho,AP,,,,,,,,,,,,,,,,,,,
1997,6,8150001,2.356666666666667,8150001,tartarugalzinho,AP,,,,,,,,,,,,,,,,,,,
1997,6,8151000,16.363333333333333,8151000,tartarugalzinho,AP,,,,,,,,,,,,,,,,,,,
1997,6,8250002,12.303333333333335,8250002,calcoene,AP,,,,,,,,,,,,,,,,,,,
1997,6,8250003,4.043333333333333,8250003,amapa,AP,,,,,,,,,,,,,,,,,,,
1997,6,8251001,4.196666666666667,8251001,calcoene,AP,,,,,,,,,,,,,,,,,,,
1997,6,8251004,2.6625,8251004,oiapoque,AP,,,,,,,,,,,,,,,,,,,
1997,6,8351002,6.3100000000000005,8351002,oiapoque,AP,,,,,,,,,,,,,,,,,,,
1997,7,51002,5.916129032258064,51002,mazagao,AP,,,,,,,,,,,,,,,,,,,
1997,7,51004,3.9161290322580644,51004,mazagao,AP,,,,,,,,,,,,,,,,,,,
1997,7,52003,4.02258064516129,52003,mazagao,AP,,,,,,,,,,,,,,,,,,,
1997,7,771001,0.0,771001,tarauaca,AC,,,,,,,,,,,,,,,,,,,
1997,7,872000,0.34516129032258064,872000,marechal thaumaturgo,AC,,,,,,,,,,,,,,,,,,,
1997,7,968004,0.0,968004,bujari,AC,,,,,,,,,,,,,,,,,,,
1997,7,972000,2.9064516129032256,972000,marechal thaumaturgo,AC,,,,,,,,,,,,,,,,,,,
1997,7,1067002,0.0,1067002,placido de castro,AC,,,,,,,,,,,,,,,,,,,
1997,7,1067003,0.0,1067003,capixaba,AC,,,,,,,,,,,,,,,,,,,
1997,7,1068000,0.22580645161290322,1068000,xapuri,AC,,,,,,,,,,,,,,,,,,,
1997,7,8050000,0.08387096774193549,8050000,macapa,AP,,,,,,,,,,,,,,,,,,,
1997,7,8051010,8.551612903225807,8051010,macapa,AP,,,,,,,,,,,,,,,,,,,
1997,7,8051012,5.125806451612903,8051012,porto grande,AP,,,,,,,,,,,,,,,,,,,
1997,7,8052000,4.283870967741935,8052000,serra do navio,AP,,,,,,,,,,,,,,,,,,,
1997,7,8150000,2.480645161290323,8150000,tartarugalzinho,AP,,,,,,,,,,,,,,,,,,,
1997,7,8150001,2.3548387096774195,8150001,tartarugalzinho,AP,,,,,,,,,,,,,,,,,,,
1997,7,8151000,3.641935483870968,8151000,tartarugalzinho,AP,,,,,,,,,,,,,,,,,,,
1997,7,8250002,4.619354838709677,8250002,calcoene,AP,,,,,,,,,,,,,,,,,,,
1997,7,8250003,3.8096774193548386,8250003,amapa,AP,,,,,,,,,,,,,,,,,,,
1997,7,8251001,1.538709677419355,8251001,calcoene,AP,,,,,,,,,,,,,,,,,,,
1997,7,8251004,2.041935483870968,8251004,oiapoque,AP,,,,,,,,,,,,,,,,,,,
1997,7,8351002,5.109677419354839,8351002,oiapoque,AP,,,,,,,,,,,,,,,,,,,
1997,8,51002,6.570967741935484,51002,mazagao,AP,,,,,,,,,,,,,,,,,,,
1997,8,51004,3.235483870967742,51004,mazagao,AP,,,,,,,,,,,,,,,,,,,
1997,8,52003,4.0612903225806445,52003,mazagao,AP,,,,,,,,,,,,,,,,,,,
1997,8,771001,1.5903225806451613,771001,tarauaca,AC,,,,,,,,,,,,,,,,,,,
1997,8,872000,1.2935483870967743,872000,marechal thaumaturgo,AC,,,,,,,,,,,,,,,,,,,
1997,8,968004,2.148387096774193,968004,bujari,AC,,,,,,,,,,,,,,,,,,,
1997,8,972000,1.0741935483870966,972000,marechal thaumaturgo,AC,,,,,,,,,,,,,,,,,,,
1997,8,1067002,0.5935483870967742,1067002,placido de castro,AC,,,,,,,,,,,,,,,,,,,
1997,8,1067003,1.0806451612903225,1067003,capixaba,AC,,,,,,,,,,,,,,,,,,,
1997,8,1068000,1.2516129032258063,1068000,xapuri,AC,,,,,,,,,,,,,,,,,,,
1997,8,8050000,0.03870967741935484,8050000,macapa,AP,,,,,,,,,,,,,,,,,,,
1997,8,8051010,7.970967741935484,8051010,macapa,AP,,,,,,,,,,,,,,,,,,,
1997,8,8051012,5.445161290322581,8051012,porto grande,AP,,,,,,,,,,,,,,,,,,,
1997,8,8052000,5.419354838709677,8052000,serra do navio,AP,,,,,,,,,,,,,,,,,,,
1997,8,8150000,0.8677419354838709,8150000,tartarugalzinho,AP,,,,,,,,,,,,,,,,,,,
1997,8,8150001,1.5,8150001,tartarugalzinho,AP,,,,,,,,,,,,,,,,,,,
1997,8,8151000,2.035483870967742,8151000,tartarugalzinho,AP,,,,,,,,,,,,,,,,,,,
1997,8,8250002,3.5935483870967744,8250002,calcoene,AP,,,,,,,,,,,,,,,,,,,
1997,8,8250003,0.7903225806451613,8250003,amapa,AP,,,,,,,,,,,,,,,,,,,
1997,8,8251001,1.9806451612903226,8251001,calcoene,AP,,,,,,,,,,,,,,,,,,,
1997,8,8251004,0.3387096774193548,8251004,oiapoque,AP,,,,,,,,,,,,,,,,,,,
1997,8,8351002,2.532258064516129,8351002,oiapoque,AP,,,,,,,,,,,,,,,,,,,
1997,9,51002,0.6433333333333333,51002,mazagao,AP,,,,,,,,,,,,,,,,,,,
1997,9,51004,0.04,51004,mazagao,AP,,,,,,,,,,,,,,,,,,,
1997,9,52003,0.0,52003,mazagao,AP,,,,,,,,,,,,,,,,,,,
1997,9,771001,2.5300000000000002,771001,tarauaca,AC,,,,,,,,,,,,,,,,,,,
1997,9,872000,0.8833333333333333,872000,marechal thaumaturgo,AC,,,,,,,,,,,,,,,,,,,
1997,9,968004,2.3866666666666663,968004,bujari,AC,,,,,,,,,,,,,,,,,,,
1997,9,972000,3.183333333333333,972000,marechal thaumaturgo,AC,,,,,,,,,,,,,,,,,,,
1997,9,1067002,3.89,1067002,placido de castro,AC,,,,,,,,,,,,,,,,,,,
1997,9,1067003,3.9,1067003,capixaba,AC,,,,,,,,,,,,,,,,,,,
1997,9,1068000,1.5,1068000,xapuri,AC,,,,,,,,,,,,,,,,,,,
1997,9,8050000,0.0,8050000,macapa,AP,,,,,,,,,,,,,,,,,,,
1997,9,8051010,0.05,8051010,macapa,AP,,,,,,,,,,,,,,,,,,,
1997,9,8051012,1.28,8051012,porto grande,AP,,,,,,,,,,,,,,,,,,,
1997,9,8052000,1.0333333333333334,8052000,serra do navio,AP,,,,,,,,,,,,,,,,,,,
1997,9,8150000,0.0,8150000,tartarugalzinho,AP,,,,,,,,,,,,,,,,,,,
1997,9,8150001,0.5466666666666666,8150001,tartarugalzinho,AP,,,,,,,,,,,,,,,,,,,
1997,9,8151000,2.2066666666666666,8151000,tartarugalzinho,AP,,,,,,,,,,,,,,,,,,,
1997,9,8250002,0.23333333333333334,8250002,calcoene,AP,,,,,,,,,,,,,,,,,,,
1997,9,8250003,0.4266666666666667,8250003,amapa,AP,,,,,,,,,,,,,,,,,,,
1997,9,8251001,0.0,8251001,calcoene,AP,,,,,,,,,,,,,,,,,,,
1997,9,8251004,0.36000000000000004,8251004,oiapoque,AP,,,,,,,,,,,,,,,,,,,
1997,9,8351002,0.12333333333333334,8351002,oiapoque,AP,,,,,,,,,,,,,,,,,,,
1997,10,51002,0.0,51002,mazagao,AP,,,,,,,,,,,,,,,,,,,
1997,10,51004,0.0,51004,mazagao,AP,,,,,,,,,,,,,,,,,,,
1997,10,52003,0.0,52003,mazagao,AP,,,,,,,,,,,,,,,,,,,
1997,10,771001,1.9129032258064516,771001,tarauaca,AC,,,,,,,,,,,,,,,,,,,
1997,10,872000,3.7161290322580647,872000,marechal thaumaturgo,AC,,,,,,,,,,,,,,,,,,,
1997,10,968004,2.6580645161290324,968004,bujari,AC,,,,,,,,,,,,,,,,,,,
1997,10,972000,8.270967741935483,972000,marechal thaumaturgo,AC,,,,,,,,,,,,,,,,,,,
1997,10,1067002,7.706451612903226,1067002,placido de castro,AC,,,,,,,,,,,,,,,,,,,
1997,10,1067003,3.5387096774193547,1067003,capixaba,AC,,,,,,,,,,,,,,,,,,,
1997,10,1068000,5.148387096774194,1068000,xapuri,AC,,,,,,,,,,,,,,,,,,,
1997,10,8050000,0.0,8050000,macapa,AP,,,,,,,,,,,,,,,,,,,
1997,10,8051010,0.0,8051010,macapa,AP,,,,,,,,,,,,,,,,,,,
1997,10,8051012,1.3806451612903226,8051012,porto grande,AP,,,,,,,,,,,,,,,,,,,
1997,10,8052000,1.8645161290322583,8052000,serra do navio,AP,,,,,,,,,,,,,,,,,,,
1997,10,8150000,0.15806451612903227,8150000,tartarugalzinho,AP,,,,,,,,,,,,,,,,,,,
1997,10,8150001,0.016129032258064516,8150001,tartarugalzinho,AP,,,,,,,,,,,,,,,,,,,
1997,10,8151000,0.0,8151000,tartarugalzinho,AP,,,,,,,,,,,,,,,,,,,
1997,10,8250002,0.0,8250002,calcoene,AP,,,,,,,,,,,,,,,,,,,
1997,10,8250003,0.0,8250003,amapa,AP,,,,,,,,,,,,,,,,,,,
1997,10,8251001,0.0,8251001,calcoene,AP,,,,,,,,,,,,,,,,,,,
1997,10,8251004,0.016129032258064516,8251004,oiapoque,AP,,,,,,,,,,,,,,,,,,,
1997,10,8351002,0.3419354838709677,8351002,oiapoque,AP,,,,,,,,,,,,,,,,,,,
1997,11,51002,1.0166666666666666,51002,mazagao,AP,,,,,,,,,,,,,,,,,,,
1997,11,51004,1.3966666666666667,51004,mazagao,AP,,,,,,,,,,,,,,,,,,,
1997,11,52003,0.89,52003,mazagao,AP,,,,,,,,,,,,,,,,,,,
1997,11,771001,3.033333333333333,771001,tarauaca,AC,,,,,,,,,,,,,,,,,,,
1997,11,872000,4.426666666666667,872000,marechal thaumaturgo,AC,,,,,,,,,,,,,,,,,,,
1997,11,968004,5.676666666666667,968004,bujari,AC,,,,,,,,,,,,,,,,,,,
1997,11,972000,8.663333333333332,972000,marechal thaumaturgo,AC,,,,,,,,,,,,,,,,,,,
1997,11,1067002,7.066666666666666,1067002,placido de castro,AC,,,,,,,,,,,,,,,,,,,
1997,11,1067003,6.906666666666666,1067003,capixaba,AC,,,,,,,,,,,,,,,,,,,
1997,11,1068000,5.12,1068000,xapuri,AC,,,,,,,,,,,,,,,,,,,
1997,11,8050000,0.0,8050000,macapa,AP,,,,,,,,,,,,,,,,,,,
1997,11,8051010,3.5566666666666666,8051010,macapa,AP,,,,,,,,,,,,,,,,,,,
1997,11,8051012,2.1866666666666665,8051012,porto grande,AP,,,,,,,,,,,,,,,,,,,
1997,11,8052000,2.278571428571429,8052000,serra do navio,AP,,,,,,,,,,,,,,,,,,,
1997,11,8150000,1.18,8150000,tartarugalzinho,AP,,,,,,,,,,,,,,,,,,,
1997,11,8150001,0.06666666666666667,8150001,tartarugalzinho,AP,,,,,,,,,,,,,,,,,,,
1997,11,8151000,0.0,8151000,tartarugalzinho,AP,,,,,,,,,,,,,,,,,,,
1997,11,8250002,3.06,8250002,calcoene,AP,,,,,,,,,,,,,,,,,,,
1997,11,8250003,0.3266666666666667,8250003,amapa,AP,,,,,,,,,,,,,,,,,,,
1997,11,8251001,0.060000000000000005,8251001,calcoene,AP,,,,,,,,,,,,,,,,,,,
1997,11,8251004,0.5166666666666667,8251004,oiapoque,AP,,,,,,,,,,,,,,,,,,,
1997,11,8351002,2.6966666666666663,8351002,oiapoque,AP,,,,,,,,,,,,,,,,,,,
1997,12,51002,2.3225806451612905,51002,mazagao,AP,,,,,,,,,,,,,,,,,,,
1997,12,51004,0.7645161290322581,51004,mazagao,AP,,,,,,,,,,,,,,,,,,,
1997,12,52003,2.870967741935484,52003,mazagao,AP,,,,,,,,,,,,,,,,,,,
1997,12,771001,7.490322580645161,771001,tarauaca,AC,,,,,,,,,,,,,,,,,,,
1997,12,872000,1.8290322580645162,872000,marechal thaumaturgo,AC,,,,,,,,,,,,,,,,,,,
1997,12,968004,5.129032258064516,968004,bujari,AC,,,,,,,,,,,,,,,,,,,
1997,12,972000,7.651612903225806,972000,marechal thaumaturgo,AC,,,,,,,,,,,,,,,,,,,
1997,12,1067002,7.516129032258065,1067002,placido de castro,AC,,,,,,,,,,,,,,,,,,,
1997,12,1067003,5.664516129032258,1067003,capixaba,AC,,,,,,,,,,,,,,,,,,,
1997,12,1068000,2.2,1068000,xapuri,AC,,,,,,,,,,,,,,,,,,,
1997,12,8050000,0.35161290322580646,8050000,macapa,AP,,,,,,,,,,,,,,,,,,,
1997,12,8051010,5.103225806451612,8051010,macapa,AP,,,,,,,,,,,,,,,,,,,
1997,12,8051012,4.719354838709678,8051012,porto grande,AP,,,,,,,,,,,,,,,,,,,
1997,12,8052000,5.335483870967742,8052000,serra do navio,AP,,,,,,,,,,,,,,,,,,,
1997,12,8150000,2.9096774193548387,8150000,tartarugalzinho,AP,,,,,,,,,,,,,,,,,,,
1997,12,8150001,0.0,8150001,tartarugalzinho,AP,,,,,,,,,,,,,,,,,,,
1997,12,8151000,2.4258064516129028,8151000,tartarugalzinho,AP,,,,,,,,,,,,,,,,,,,
1997,12,8250002,4.648387096774194,8250002,calcoene,AP,,,,,,,,,,,,,,,,,,,
1997,12,8250003,6.341935483870968,8250003,amapa,AP,,,,,,,,,,,,,,,,,,,
1997,12,8251001,11.319354838709677,8251001,calcoene,AP,,,,,,,,,,,,,,,,,,,
1997,12,8251004,8.083870967741936,8251004,oiapoque,AP,,,,,,,,,,,,,,,,,,,
1997,12,8351002,8.787096774193548,8351002,oiapoque,AP,,,,,,,,,,,,,,,,,,,
1998,1,51002,8.62258064516129,51002,mazagao,AP,,,,,,,,,,,,,,,,,,,
1998,1,51004,9.790322580645162,51004,mazagao,AP,,,,,,,,,,,,,,,,,,,
1998,1,52003,5.612903225806452,52003,mazagao,AP,,,,,,,,,,,,,,,,,,,
1998,1,771001,7.958064516129032,771001,tarauaca,AC,,,,,,,,,,,,,,,,,,,
1998,1,872000,3.106451612903226,872000,marechal thaumaturgo,AC,,,,,,,,,,,,,,,,,,,
1998,1,968004,6.416129032258064,968004,bujari,AC,,,,,,,,,,,,,,,,,,,
1998,1,972000,4.948387096774193,972000,marechal thaumaturgo,AC,,,,,,,,,,,,,,,,,,,
1998,1,1067002,7.054838709677419,1067002,placido de castro,AC,,,,,,,,,,,,,,,,,,,
1998,1,1067003,7.009677419354839,1067003,capixaba,AC,,,,,,,,,,,,,,,,,,,
1998,1,1068000,10.838709677419354,1068000,xapuri,AC,,,,,,,,,,,,,,,,,,,
1998,1,8050000,1.4580645161290324,8050000,macapa,AP,,,,,,,,,,,,,,,,,,,
1998,1,8051010,14.419354838709678,8051010,macapa,AP,,,,,,,,,,,,,,,,,,,
1998,1,8051012,2.042857142857143,8051012,porto grande,AP,,,,,,,,,,,,,,,,,,,
1998,1,8052000,8.161290322580646,8052000,serra do navio,AP,,,,,,,,,,,,,,,,,,,
1998,1,8150000,4.512903225806451,8150000,tartarugalzinho,AP,,,,,,,,,,,,,,,,,,,
1998,1,8150001,11.325806451612904,8150001,tartarugalzinho,AP,,,,,,,,,,,,,,,,,,,
1998,1,8151000,6.348387096774194,8151000,tartarugalzinho,AP,,,,,,,,,,,,,,,,,,,
1998,1,8250002,14.832258064516129,8250002,calcoene,AP,,,,,,,,,,,,,,,,,,,
1998,1,8250003,12.44516129032258,8250003,amapa,AP,,,,,,,,,,,,,,,,,,,
1998,1,8251001,16.60967741935484,8251001,calcoene,AP,,,,,,,,,,,,,,,,,,,
1998,1,8251004,11.064516129032258,8251004,oiapoque,AP,,,,,,,,,,,,,,,,,,,
1998,1,8351002,8.916129032258064,8351002,oiapoque,AP,,,,,,,,,,,,,,,,,,,
1998,2,51002,5.064285714285715,51002,mazagao,AP,,,,,,,,,,,,,,,,,,,
1998,2,51004,7.992857142857143,51004,mazagao,AP,,,,,,,,,,,,,,,,,,,
1998,2,52003,4.832142857142857,52003,mazagao,AP,,,,,,,,,,,,,,,,,,,
1998,2,771001,4.432142857142858,771001,tarauaca,AC,,,,,,,,,,,,,,,,,,,
1998,2,872000,3.7821428571428575,872000,marechal thaumaturgo,AC,,,,,,,,,,,,,,,,,,,
1998,2,968004,11.528571428571428,968004,bujari,AC,,,,,,,,,,,,,,,,,,,
1998,2,972000,4.871428571428572,972000,marechal thaumaturgo,AC,,,,,,,,,,,,,,,,,,,
1998,2,1067002,11.946428571428571,1067002,placido de castro,AC,,,,,,,,,,,,,,,,,,,
1998,2,1067003,6.057142857142857,1067003,capixaba,AC,,,,,,,,,,,,,,,,,,,
1998,2,1068000,6.9799999999999995,1068000,xapuri,AC,,,,,,,,,,,,,,,,,,,
1998,2,8050000,10.333333333333334,8050000,macapa,AP,,,,,,,,,,,,,,,,,,,
1998,2,8051010,8.921428571428573,8051010,macapa,AP,,,,,,,,,,,,,,,,,,,
1998,2,8051012,,8051012,porto grande,AP,,,,,,,,,,,,,,,,,,,
1998,2,8052000,9.435714285714285,8052000,serra do navio,AP,,,,,,,,,,,,,,,,,,,
1998,2,8150000,15.721428571428572,8150000,tartarugalzinho,AP,,,,,,,,,,,,,,,,,,,
1998,2,8150001,12.74642857142857,8150001,tartarugalzinho,AP,,,,,,,,,,,,,,,,,,,
1998,2,8151000,17.771428571428572,8151000,tartarugalzinho,AP,,,,,,,,,,,,,,,,,,,
1998,2,8250002,16.70357142857143,8250002,calcoene,AP,,,,,,,,,,,,,,,,,,,
1998,2,8250003,16.57857142857143,8250003,amapa,AP,,,,,,,,,,,,,,,,,,,
1998,2,8251001,13.778571428571428,8251001,calcoene,AP,,,,,,,,,,,,,,,,,,,
1998,2,8251004,9.4,8251004,oiapoque,AP,,,,,,,,,,,,,,,,,,,
1998,2,8351002,3.75,8351002,oiapoque,AP,,,,,,,,,,,,,,,,,,,
1998,3,51002,7.735483870967742,51002,mazagao,AP,,,,,,,,,,,,,,,,,,,
1998,3,51004,9.062962962962963,51004,mazagao,AP,,,,,,,,,,,,,,,,,,,
1998,3,52003,6.635483870967742,52003,mazagao,AP,,,,,,,,,,,,,,,,,,,
1998,3,771001,11.312903225806451,771001,tarauaca,AC,,,,,,,,,,,,,,,,,,,
1998,3,872000,4.706451612903226,872000,marechal thaumaturgo,AC,,,,,,,,,,,,,,,,,,,
1998,3,968004,14.493548387096775,968004,bujari,AC,,,,,,,,,,,,,,,,,,,
1998,3,972000,8.22258064516129,972000,marechal thaumaturgo,AC,,,,,,,,,,,,,,,,,,,
1998,3,1067002,12.66451612903226,1067002,placido de castro,AC,,,,,,,,,,,,,,,,,,,
1998,3,1067003,8.696774193548388,1067003,capixaba,AC,,,,,,,,,,,,,,,,,,,
1998,3,1068000,10.161290322580646,1068000,xapuri,AC,,,,,,,,,,,,,,,,,,,
1998,3,8050000,3.3225806451612905,8050000,macapa,AP,,,,,,,,,,,,,,,,,,,
1998,3,8051010,16.893548387096775,8051010,macapa,AP,,,,,,,,,,,,,,,,,,,
1998,3,8051012,8.84,8051012,porto grande,AP,,,,,,,,,,,,,,,,,,,
1998,3,8052000,9.235483870967743,8052000,serra do navio,AP,,,,,,,,,,,,,,,,,,,
1998,3,8150000,14.62258064516129,8150000,tartarugalzinho,AP,,,,,,,,,,,,,,,,,,,
1998,3,8150001,10.929032258064517,8150001,tartarugalzinho,AP,,,,,,,,,,,,,,,,,,,
1998,3,8151000,16.925806451612903,8151000,tartarugalzinho,AP,,,,,,,,,,,,,,,,,,,
1998,3,8250002,13.51290322580645,8250002,calcoene,AP,,,,,,,,,,,,,,,,,,,
1998,3,8250003,16.945161290322584,8250003,amapa,AP,,,,,,,,,,,,,,,,,,,
1998,3,8251001,14.816129032258065,8251001,calcoene,AP,,,,,,,,,,,,,,,,,,,
1998,3,8251004,9.40967741935484,8251004,oiapoque,AP,,,,,,,,,,,,,,,,,,,
1998,3,8351002,8.783870967741937,8351002,oiapoque,AP,,,,,,,,,,,,,,,,,,,
1998,4,51002,9.576666666666666,51002,mazagao,AP,,,,,,,,,,,,,,,,,,,
1998,4,51004,9.173333333333334,51004,mazagao,AP,,,,,,,,,,,,,,,,,,,
1998,4,52003,10.646666666666667,52003,mazagao,AP,,,,,,,,,,,,,,,,,,,
1998,4,771001,3.42,771001,tarauaca,AC,,,,,,,,,,,,,,,,,,,
1998,4,872000,4.663333333333333,872000,marechal thaumaturgo,AC,,,,,,,,,,,,,,,,,,,
1998,4,968004,2.67,968004,bujari,AC,,,,,,,,,,,,,,,,,,,
1998,4,972000,8.58,972000,marechal thaumaturgo,AC,,,,,,,,,,,,,,,,,,,
1998,4,1067002,4.543333333333333,1067002,placido de castro,AC,,,,,,,,,,,,,,,,,,,
1998,4,1067003,3.7600000000000002,1067003,capixaba,AC,,,,,,,,,,,,,,,,,,,
1998,4,1068000,4.506666666666666,1068000,xapuri,AC,,,,,,,,,,,,,,,,,,,
1998,4,8050000,4.739999999999999,8050000,macapa,AP,,,,,,,,,,,,,,,,,,,
1998,4,8051010,13.783333333333333,8051010,macapa,AP,,,,,,,,,,,,,,,,,,,
1998,4,8051012,9.47,8051012,porto grande,AP,,,,,,,,,,,,,,,,,,,
1998,4,8052000,8.553333333333335,8052000,serra do navio,AP,,,,,,,,,,,,,,,,,,,
1998,4,8150000,15.139999999999999,8150000,tartarugalzinho,AP,,,,,,,,,,,,,,,,,,,
1998,4,8150001,17.8,8150001,tartarugalzinho,AP,,,,,,,,,,,,,,,,,,,
1998,4,8151000,14.425,8151000,tartarugalzinho,AP,,,,,,,,,,,,,,,,,,,
1998,4,8250002,22.77,8250002,calcoene,AP,,,,,,,,,,,,,,,,,,,
1998,4,8250003,21.39333333333333,8250003,amapa,AP,,,,,,,,,,,,,,,,,,,
1998,4,8251001,17.176666666666666,8251001,calcoene,AP,,,,,,,,,,,,,,,,,,,
1998,4,8251004,22.853333333333335,8251004,oiapoque,AP,,,,,,,,,,,,,,,,,,,
1998,4,8351002,25.38,8351002,oiapoque,AP,,,,,,,,,,,,,,,,,,,
1998,5,51002,6.967741935483871,51002,mazagao,AP,,,,,,,,,,,,,,,,,,,
1998,5,51004,6.703225806451614,51004,mazagao,AP,,,,,,,,,,,,,,,,,,,
1998,5,52003,11.883870967741936,52003,mazagao,AP,,,,,,,,,,,,,,,,,,,
1998,5,771001,4.65483870967742,771001,tarauaca,AC,,,,,,,,,,,,,,,,,,,
1998,5,872000,3.267741935483871,872000,marechal thaumaturgo,AC,,,,,,,,,,,,,,,,,,,
1998,5,968004,3.6870967741935483,968004,bujari,AC,,,,,,,,,,,,,,,,,,,
1998,5,972000,5.009677419354838,972000,marechal thaumaturgo,AC,,,,,,,,,,,,,,,,,,,
1998,5,1067002,1.8161290322580643,1067002,placido de castro,AC,,,,,,,,,,,,,,,,,,,
1998,5,1067003,3.3161290322580648,1067003,capixaba,AC,,,,,,,,,,,,,,,,,,,
1998,5,1068000,1.5741935483870966,1068000,xapuri,AC,,,,,,,,,,,,,,,,,,,
1998,5,8050000,6.325806451612903,8050000,macapa,AP,,,,,,,,,,,,,,,,,,,
1998,5,8051010,6.603225806451612,8051010,macapa,AP,,,,,,,,,,,,,,,,,,,
1998,5,8051012,10.006451612903225,8051012,porto grande,AP,,,,,,,,,,,,,,,,,,,
1998,5,8052000,9.980645161290322,8052000,serra do navio,AP,,,,,,,,,,,,,,,,,,,
1998,5,8150000,9.935483870967742,8150000,tartarugalzinho,AP,,,,,,,,,,,,,,,,,,,
1998,5,8150001,10.493548387096775,8150001,tartarugalzinho,AP,,,,,,,,,,,,,,,,,,,
1998,5,8151000,11.593548387096773,8151000,tartarugalzinho,AP,,,,,,,,,,,,,,,,,,,
1998,5,8250002,14.564516129032258,8250002,calcoene,AP,,,,,,,,,,,,,,,,,,,
1998,5,8250003,13.39032258064516,8250003,amapa,AP,,,,,,,,,,,,,,,,,,,
1998,5,8251001,16.548387096774192,8251001,calcoene,AP,,,,,,,,,,,,,,,,,,,
1998,5,8251004,13.116129032258065,8251004,oiapoque,AP,,,,,,,,,,,,,,,,,,,
1998,5,8351002,13.938709677419356,8351002,oiapoque,AP,,,,,,,,,,,,,,,,,,,
1998,6,51002,8.136666666666667,51002,mazagao,AP,,,,,,,,,,,,,,,,,,,
1998,6,51004,8.093333333333334,51004,mazagao,AP,,,,,,,,,,,,,,,,,,,
1998,6,52003,9.3,52003,mazagao,AP,,,,,,,,,,,,,,,,,,,
1998,6,771001,3.4433333333333334,771001,tarauaca,AC,,,,,,,,,,,,,,,,,,,
1998,6,872000,2.853333333333333,872000,marechal thaumaturgo,AC,,,,,,,,,,,,,,,,,,,
1998,6,968004,0.3233333333333333,968004,bujari,AC,,,,,,,,,,,,,,,,,,,
1998,6,972000,1.4566666666666666,972000,marechal thaumaturgo,AC,,,,,,,,,,,,,,,,,,,
1998,6,1067002,0.06333333333333332,1067002,placido de castro,AC,,,,,,,,,,,,,,,,,,,
1998,6,1067003,0.22666666666666666,1067003,capixaba,AC,,,,,,,,,,,,,,,,,,,
1998,6,1068000,0.0,1068000,xapuri,AC,,,,,,,,,,,,,,,,,,,
1998,6,8050000,3.74,8050000,macapa,AP,,,,,,,,,,,,,,,,,,,
1998,6,8051010,10.303333333333335,8051010,macapa,AP,,,,,,,,,,,,,,,,,,,
1998,6,8051012,7.08,8051012,porto grande,AP,,,,,,,,,,,,,,,,,,,
1998,6,8052000,8.106666666666666,8052000,serra do navio,AP,,,,,,,,,,,,,,,,,,,
1998,6,8150000,6.806666666666667,8150000,tartarugalzinho,AP,,,,,,,,,,,,,,,,,,,
1998,6,8150001,9.043333333333333,8150001,tartarugalzinho,AP,,,,,,,,,,,,,,,,,,,
1998,6,8151000,7.3,8151000,tartarugalzinho,AP,,,,,,,,,,,,,,,,,,,
1998,6,8250002,14.263333333333332,8250002,calcoene,AP,,,,,,,,,,,,,,,,,,,
1998,6,8250003,9.836666666666668,8250003,amapa,AP,,,,,,,,,,,,,,,,,,,
1998,6,8251001,11.086666666666668,8251001,calcoene,AP,,,,,,,,,,,,,,,,,,,
1998,6,8251004,10.229999999999999,8251004,oiapoque,AP,,,,,,,,,,,,,,,,,,,
1998,6,8351002,12.69,8351002,oiapoque,AP,,,,,,,,,,,,,,,,,,,
1998,7,51002,3.9193548387096775,51002,mazagao,AP,,,,,,,,,,,,,,,,,,,
1998,7,51004,2.512903225806452,51004,mazagao,AP,,,,,,,,,,,,,,,,,,,
1998,7,52003,5.541935483870968,52003,mazagao,AP,,,,,,,,,,,,,,,,,,,
1998,7,771001,0.0,771001,tarauaca,AC,,,,,,,,,,,,,,,,,,,
1998,7,872000,0.2709677419354839,872000,marechal thaumaturgo,AC,,,,,,,,,,,,,,,,,,,
1998,7,968004,0.5580645161290323,968004,bujari,AC,,,,,,,,,,,,,,,,,,,
1998,7,972000,0.41935483870967744,972000,marechal thaumaturgo,AC,,,,,,,,,,,,,,,,,,,
1998,7,1067002,0.0,1067002,placido de castro,AC,,,,,,,,,,,,,,,,,,,
1998,7,1067003,0.23225806451612901,1067003,capixaba,AC,,,,,,,,,,,,,,,,,,,
1998,7,1068000,0.07096774193548387,1068000,xapuri,AC,,,,,,,,,,,,,,,,,,,
1998,7,8050000,3.52258064516129,8050000,macapa,AP,,,,,,,,,,,,,,,,,,,
1998,7,8051010,4.319354838709677,8051010,macapa,AP,,,,,,,,,,,,,,,,,,,
1998,7,8051012,4.922580645161291,8051012,porto grande,AP,,,,,,,,,,,,,,,,,,,
1998,7,8052000,7.0,8052000,serra do navio,AP,,,,,,,,,,,,,,,,,,,
1998,7,8150000,4.661290322580645,8150000,tartarugalzinho,AP,,,,,,,,,,,,,,,,,,,
1998,7,8150001,6.764516129032257,8150001,tartarugalzinho,AP,,,,,,,,,,,,,,,,,,,
1998,7,8151000,11.36774193548387,8151000,tartarugalzinho,AP,,,,,,,,,,,,,,,,,,,
1998,7,8250002,8.603225806451613,8250002,calcoene,AP,,,,,,,,,,,,,,,,,,,
1998,7,8250003,7.780645161290323,8250003,amapa,AP,,,,,,,,,,,,,,,,,,,
1998,7,8251001,4.606451612903226,8251001,calcoene,AP,,,,,,,,,,,,,,,,,,,
1998,7,8251004,6.370967741935484,8251004,oiapoque,AP,,,,,,,,,,,,,,,,,,,
1998,7,8351002,4.477419354838709,8351002,oiapoque,AP,,,,,,,,,,,,,,,,,,,
1998,8,51002,0.5741935483870968,51002,mazagao,AP,,,,,,,,,,,,,,,,,,,
1998,8,51004,2.2419354838709675,51004,mazagao,AP,,,,,,,,,,,,,,,,,,,
1998,8,52003,0.7258064516129032,52003,mazagao,AP,,,,,,,,,,,,,,,,,,,
1998,8,771001,0.7161290322580646,771001,tarauaca,AC,,,,,,,,,,,,,,,,,,,
1998,8,872000,0.4258064516129032,872000,marechal thaumaturgo,AC,,,,,,,,,,,,,,,,,,,
1998,8,968004,0.3258064516129032,968004,bujari,AC,,,,,,,,,,,,,,,,,,,
1998,8,972000,0.7516129032258063,972000,marechal thaumaturgo,AC,,,,,,,,,,,,,,,,,,,
1998,8,1067002,2.5677419354838706,1067002,placido de castro,AC,,,,,,,,,,,,,,,,,,,
1998,8,1067003,0.9548387096774192,1067003,capixaba,AC,,,,,,,,,,,,,,,,,,,
1998,8,1068000,0.9225806451612903,1068000,xapuri,AC,,,,,,,,,,,,,,,,,,,
1998,8,8050000,1.0516129032258066,8050000,macapa,AP,,,,,,,,,,,,,,,,,,,
1998,8,8051010,1.0419354838709676,8051010,macapa,AP,,,,,,,,,,,,,,,,,,,
1998,8,8051012,4.151612903225806,8051012,porto grande,AP,,,,,,,,,,,,,,,,,,,
1998,8,8052000,1.8064516129032258,8052000,serra do navio,AP,,,,,,,,,,,,,,,,,,,
1998,8,8150000,1.070967741935484,8150000,tartarugalzinho,AP,,,,,,,,,,,,,,,,,,,
1998,8,8150001,2.3548387096774195,8150001,tartarugalzinho,AP,,,,,,,,,,,,,,,,,,,
1998,8,8151000,3.425806451612903,8151000,tartarugalzinho,AP,,,,,,,,,,,,,,,,,,,
1998,8,8250002,3.4806451612903224,8250002,calcoene,AP,,,,,,,,,,,,,,,,,,,
1998,8,8250003,0.970967741935484,8250003,amapa,AP,,,,,,,,,,,,,,,,,,,
1998,8,8251001,0.12903225806451613,8251001,calcoene,AP,,,,,,,,,,,,,,,,,,,
1998,8,8251004,1.7225806451612902,8251004,oiapoque,AP,,,,,,,,,,,,,,,,,,,
1998,8,8351002,4.861290322580645,8351002,oiapoque,AP,,,,,,,,,,,,,,,,,,,
1998,9,51002,0.9166666666666666,51002,mazagao,AP,,,,,,,,,,,,,,,,,,,
1998,9,51004,0.49,51004,mazagao,AP,,,,,,,,,,,,,,,,,,,
1998,9,52003,0.0,52003,mazagao,AP,,,,,,,,,,,,,,,,,,,
1998,9,771001,0.2833333333333333,771001,tarauaca,AC,,,,,,,,,,,,,,,,,,,
1998,9,872000,0.4166666666666667,872000,marechal thaumaturgo,AC,,,,,,,,,,,,,,,,,,,
1998,9,968004,1.0666666666666667,968004,bujari,AC,,,,,,,,,,,,,,,,,,,
1998,9,972000,0.7833333333333333,972000,marechal thaumaturgo,AC,,,,,,,,,,,,,,,,,,,
1998,9,1067002,2.316666666666667,1067002,placido de castro,AC,,,,,,,,,,,,,,,,,,,
1998,9,1067003,3.29,1067003,capixaba,AC,,,,,,,,,,,,,,,,,,,
1998,9,1068000,2.1933333333333334,1068000,xapuri,AC,,,,,,,,,,,,,,,,,,,
1998,9,8050000,0.07,8050000,macapa,AP,,,,,,,,,,,,,,,,,,,
1998,9,8051010,0.09000000000000001,8051010,macapa,AP,,,,,,,,,,,,,,,,,,,
1998,9,8051012,0.26999999999999996,8051012,porto grande,AP,,,,,,,,,,,,,,,,,,,
1998,9,8052000,2.7199999999999998,8052000,serra do navio,AP,,,,,,,,,,,,,,,,,,,
1998,9,8150000,0.9600000000000001,8150000,tartarugalzinho,AP,,,,,,,,,,,,,,,,,,,
1998,9,8150001,0.63,8150001,tartarugalzinho,AP,,,,,,,,,,,,,,,,,,,
1998,9,8151000,0.1633333333333333,8151000,tartarugalzinho,AP,,,,,,,,,,,,,,,,,,,
1998,9,8250002,0.4233333333333334,8250002,calcoene,AP,,,,,,,,,,,,,,,,,,,
1998,9,8250003,0.33666666666666667,8250003,amapa,AP,,,,,,,,,,,,,,,,,,,
1998,9,8251001,0.060000000000000005,8251001,calcoene,AP,,,,,,,,,,,,,,,,,,,
1998,9,8251004,0.0,8251004,oiapoque,AP,,,,,,,,,,,,,,,,,,,
1998,9,8351002,0.43333333333333335,8351002,oiapoque,AP,,,,,,,,,,,,,,,,,,,
1998,10,51002,0.13870967741935483,51002,mazagao,AP,,,,,,,,,,,,,,,,,,,
1998,10,51004,0.0935483870967742,51004,mazagao,AP,,,,,,,,,,,,,,,,,,,
1998,10,52003,0.1774193548387097,52003,mazagao,AP,,,,,,,,,,,,,,,,,,,
1998,10,771001,1.526923076923077,771001,tarauaca,AC,,,,,,,,,,,,,,,,,,,
1998,10,872000,4.058064516129032,872000,marechal thaumaturgo,AC,,,,,,,,,,,,,,,,,,,
1998,10,968004,11.980645161290322,968004,bujari,AC,,,,,,,,,,,,,,,,,,,
1998,10,972000,10.916129032258064,972000,marechal thaumaturgo,AC,,,,,,,,,,,,,,,,,,,
1998,10,1067002,9.329032258064515,1067002,placido de castro,AC,,,,,,,,,,,,,,,,,,,
1998,10,1067003,5.703225806451614,1067003,capixaba,AC,,,,,,,,,,,,,,,,,,,
1998,10,1068000,6.367741935483871,1068000,xapuri,AC,,,,,,,,,,,,,,,,,,,
1998,10,8050000,0.0,8050000,macapa,AP,,,,,,,,,,,,,,,,,,,
1998,10,8051010,0.6483870967741936,8051010,macapa,AP,,,,,,,,,,,,,,,,,,,
1998,10,8051012,3.564516129032258,8051012,porto grande,AP,,,,,,,,,,,,,,,,,,,
1998,10,8052000,2.0258064516129033,8052000,serra do navio,AP,,,,,,,,,,,,,,,,,,,
1998,10,8150000,0.48709677419354835,8150000,tartarugalzinho,AP,,,,,,,,,,,,,,,,,,,
1998,10,8150001,0.0,8150001,tartarugalzinho,AP,,,,,,,,,,,,,,,,,,,
1998,10,8151000,0.1935483870967742,8151000,tartarugalzinho,AP,,,,,,,,,,,,,,,,,,,
1998,10,8250002,1.7580645161290323,8250002,calcoene,AP,,,,,,,,,,,,,,,,,,,
1998,10,8250003,0.10967741935483871,8250003,amapa,AP,,,,,,,,,,,,,,,,,,,
1998,10,8251001,0.11612903225806452,8251001,calcoene,AP,,,,,,,,,,,,,,,,,,,
1998,10,8251004,0.3419354838709678,8251004,oiapoque,AP,,,,,,,,,,,,,,,,,,,
1998,10,8351002,1.2870967741935484,8351002,oiapoque,AP,,,,,,,,,,,,,,,,,,,
1998,11,51002,1.6866666666666668,51002,mazagao,AP,,,,,,,,,,,,,,,,,,,
1998,11,51004,1.78,51004,mazagao,AP,,,,,,,,,,,,,,,,,,,
1998,11,52003,1.8166666666666667,52003,mazagao,AP,,,,,,,,,,,,,,,,,,,
1998,11,771001,5.543333333333334,771001,tarauaca,AC,,,,,,,,,,,,,,,,,,,
1998,11,872000,6.276666666666667,872000,marechal thaumaturgo,AC,,,,,,,,,,,,,,,,,,,
1998,11,968004,10.236666666666668,968004,bujari,AC,,,,,,,,,,,,,,,,,,,
1998,11,972000,5.263333333333334,972000,marechal thaumaturgo,AC,,,,,,,,,,,,,,,,,,,
1998,11,1067002,10.28,1067002,placido de castro,AC,,,,,,,,,,,,,,,,,,,
1998,11,1067003,5.260000000000001,1067003,capixaba,AC,,,,,,,,,,,,,,,,,,,
1998,11,1068000,5.516666666666667,1068000,xapuri,AC,,,,,,,,,,,,,,,,,,,
1998,11,8050000,0.88,8050000,macapa,AP,,,,,,,,,,,,,,,,,,,
1998,11,8051010,0.7033333333333334,8051010,macapa,AP,,,,,,,,,,,,,,,,,,,
1998,11,8051012,5.006666666666666,8051012,porto grande,AP,,,,,,,,,,,,,,,,,,,
1998,11,8052000,2.57,8052000,serra do navio,AP,,,,,,,,,,,,,,,,,,,
1998,11,8150000,0.7899999999999999,8150000,tartarugalzinho,AP,,,,,,,,,,,,,,,,,,,
1998,11,8150001,1.6533333333333333,8150001,tartarugalzinho,AP,,,,,,,,,,,,,,,,,,,
1998,11,8151000,1.0933333333333333,8151000,tartarugalzinho,AP,,,,,,,,,,,,,,,,,,,
1998,11,8250002,5.260000000000001,8250002,calcoene,AP,,,,,,,,,,,,,,,,,,,
1998,11,8250003,4.8533333333333335,8250003,amapa,AP,,,,,,,,,,,,,,,,,,,
1998,11,8251001,3.3699999999999997,8251001,calcoene,AP,,,,,,,,,,,,,,,,,,,
1998,11,8251004,4.7,8251004,oiapoque,AP,,,,,,,,,,,,,,,,,,,
1998,11,8351002,7.913333333333333,8351002,oiapoque,AP,,,,,,,,,,,,,,,,,,,
1998,12,51002,4.941935483870967,51002,mazagao,AP,,,,,,,,,,,,,,,,,,,
1998,12,51004,2.1774193548387095,51004,mazagao,AP,,,,,,,,,,,,,,,,,,,
1998,12,52003,4.529032258064516,52003,mazagao,AP,,,,,,,,,,,,,,,,,,,
1998,12,771001,12.67741935483871,771001,tarauaca,AC,,,,,,,,,,,,,,,,,,,
1998,12,872000,9.106451612903227,872000,marechal thaumaturgo,AC,,,,,,,,,,,,,,,,,,,
1998,12,968004,6.812903225806451,968004,bujari,AC,,,,,,,,,,,,,,,,,,,
1998,12,972000,4.629032258064516,972000,marechal thaumaturgo,AC,,,,,,,,,,,,,,,,,,,
1998,12,1067002,7.729032258064516,1067002,placido de castro,AC,,,,,,,,,,,,,,,,,,,
1998,12,1067003,10.587096774193547,1067003,capixaba,AC,,,,,,,,,,,,,,,,,,,
1998,12,1068000,9.593548387096776,1068000,xapuri,AC,,,,,,,,,,,,,,,,,,,
1998,12,8050000,2.893548387096774,8050000,macapa,AP,,,,,,,,,,,,,,,,,,,
1998,12,8051010,3.8451612903225807,8051010,macapa,AP,,,,,,,,,,,,,,,,,,,
1998,12,8051012,6.235483870967743,8051012,porto grande,AP,,,,,,,,,,,,,,,,,,,
1998,12,8052000,3.2758064516129033,8052000,serra do navio,AP,,,,,,,,,,,,,,,,,,,
1998,12,8150000,3.9225806451612906,8150000,tartarugalzinho,AP,,,,,,,,,,,,,,,,,,,
1998,12,8150001,1.429032258064516,8150001,tartarugalzinho,AP,,,,,,,,,,,,,,,,,,,
1998,12,8151000,13.329032258064515,8151000,tartarugalzinho,AP,,,,,,,,,,,,,,,,,,,
1998,12,8250002,10.496774193548386,8250002,calcoene,AP,,,,,,,,,,,,,,,,,,,
1998,12,8250003,5.619354838709677,8250003,amapa,AP,,,,,,,,,,,,,,,,,,,
1998,12,8251001,15.383870967741935,8251001,calcoene,AP,,,,,,,,,,,,,,,,,,,
1998,12,8251004,7.087096774193548,8251004,oiapoque,AP,,,,,,,,,,,,,,,,,,,
1998,12,8351002,11.44516129032258,8351002,oiapoque,AP,,,,,,,,,,,,,,,,,,,
1999,1,51002,6.283870967741936,51002,mazagao,AP,,,,,,,,,,,,,,,,,,,
1999,1,51004,5.606451612903226,51004,mazagao,AP,,,,,,,,,,,,,,,,,,,
1999,1,52003,7.058064516129033,52003,mazagao,AP,,,,,,,,,,,,,,,,,,,
1999,1,771001,7.967741935483871,771001,tarauaca,AC,,,,,,,,,,,,,,,,,,,
1999,1,872000,12.438709677419356,872000,marechal thaumaturgo,AC,,,,,,,,,,,,,,,,,,,
1999,1,968004,16.57741935483871,968004,bujari,AC,,,,,,,,,,,,,,,,,,,
1999,1,972000,10.899999999999999,972000,marechal thaumaturgo,AC,,,,,,,,,,,,,,,,,,,
1999,1,1067002,14.064516129032258,1067002,placido de castro,AC,,,,,,,,,,,,,,,,,,,
1999,1,1067003,11.23225806451613,1067003,capixaba,AC,,,,,,,,,,,,,,,,,,,
1999,1,1068000,13.580645161290322,1068000,xapuri,AC,,,,,,,,,,,,,,,,,,,
1999,1,8050000,2.990322580645161,8050000,macapa,AP,,,,,,,,,,,,,,,,,,,
1999,1,8051010,7.390322580645161,8051010,macapa,AP,,,,,,,,,,,,,,,,,,,
1999,1,8051012,10.919354838709678,8051012,porto grande,AP,,,,,,,,,,,,,,,,,,,
1999,1,8052000,12.490322580645161,8052000,serra do navio,AP,,,,,,,,,,,,,,,,,,,
1999,1,8150000,8.680645161290323,8150000,tartarugalzinho,AP,,,,,,,,,,,,,,,,,,,
1999,1,8150001,11.283870967741937,8150001,tartarugalzinho,AP,,,,,,,,,,,,,,,,,,,
1999,1,8151000,13.941935483870967,8151000,tartarugalzinho,AP,,,,,,,,,,,,,,,,,,,
1999,1,8250002,25.496774193548386,8250002,calcoene,AP,,,,,,,,,,,,,,,,,,,
1999,1,8250003,28.345161290322583,8250003,amapa,AP,,,,,,,,,,,,,,,,,,,
1999,1,8251001,14.019354838709678,8251001,calcoene,AP,,,,,,,,,,,,,,,,,,,
1999,1,8251004,19.04516129032258,8251004,oiapoque,AP,,,,,,,,,,,,,,,,,,,
1999,1,8351002,14.970967741935485,8351002,oiapoque,AP,,,,,,,,,,,,,,,,,,,
1999,2,51002,13.953846153846154,51002,mazagao,AP,,,,,,,,,,,,,,,,,,,
1999,2,51004,6.896428571428571,51004,mazagao,AP,,,,,,,,,,,,,,,,,,,
1999,2,52003,7.721428571428572,52003,mazagao,AP,,,,,,,,,,,,,,,,,,,
1999,2,771001,7.382142857142857,771001,tarauaca,AC,,,,,,,,,,,,,,,,,,,
1999,2,872000,8.532142857142857,872000,marechal thaumaturgo,AC,,,,,,,,,,,,,,,,,,,
1999,2,968004,11.260714285714286,968004,bujari,AC,,,,,,,,,,,,,,,,,,,
1999,2,972000,8.35357142857143,972000,marechal thaumaturgo,AC,,,,,,,,,,,,,,,,,,,
1999,2,1067002,8.292857142857143,1067002,placido de castro,AC,,,,,,,,,,,,,,,,,,,
1999,2,1067003,11.542857142857143,1067003,capixaba,AC,,,,,,,,,,,,,,,,,,,
1999,2,1068000,11.9,1068000,xapuri,AC,,,,,,,,,,,,,,,,,,,
1999,2,8050000,10.142857142857142,8050000,macapa,AP,,,,,,,,,,,,,,,,,,,
1999,2,8051010,10.635714285714286,8051010,macapa,AP,,,,,,,,,,,,,,,,,,,
1999,2,8051012,13.203571428571427,8051012,porto grande,AP,,,,,,,,,,,,,,,,,,,
1999,2,8052000,9.0,8052000,serra do navio,AP,,,,,,,,,,,,,,,,,,,
1999,2,8150000,8.325,8150000,tartarugalzinho,AP,,,,,,,,,,,,,,,,,,,
1999,2,8150001,10.232142857142858,8150001,tartarugalzinho,AP,,,,,,,,,,,,,,,,,,,
1999,2,8151000,13.157142857142857,8151000,tartarugalzinho,AP,,,,,,,,,,,,,,,,,,,
1999,2,8250002,25.157142857142855,8250002,calcoene,AP,,,,,,,,,,,,,,,,,,,
1999,2,8250003,21.571428571428573,8250003,amapa,AP,,,,,,,,,,,,,,,,,,,
1999,2,8251001,6.082142857142856,8251001,calcoene,AP,,,,,,,,,,,,,,,,,,,
1999,2,8251004,15.992857142857144,8251004,oiapoque,AP,,,,,,,,,,,,,,,,,,,
1999,2,8351002,16.95,8351002,oiapoque,AP,,,,,,,,,,,,,,,,,,,
1999,3,51002,8.48709677419355,51002,mazagao,AP,,,,,,,,,,,,,,,,,,,
1999,3,51004,10.712903225806452,51004,mazagao,AP,,,,,,,,,,,,,,,,,,,
1999,3,52003,12.138709677419355,52003,mazagao,AP,,,,,,,,,,,,,,,,,,,
1999,3,771001,5.5375000000000005,771001,tarauaca,AC,,,,,,,,,,,,,,,,,,,
1999,3,872000,5.703225806451614,872000,marechal thaumaturgo,AC,,,,,,,,,,,,,,,,,,,
1999,3,968004,6.270967741935484,968004,bujari,AC,,,,,,,,,,,,,,,,,,,
1999,3,972000,8.338709677419354,972000,marechal thaumaturgo,AC,,,,,,,,,,,,,,,,,,,
1999,3,1067002,13.906451612903227,1067002,placido de castro,AC,,,,,,,,,,,,,,,,,,,
1999,3,1067003,9.006451612903225,1067003,capixaba,AC,,,,,,,,,,,,,,,,,,,
1999,3,1068000,6.329032258064516,1068000,xapuri,AC,,,,,,,,,,,,,,,,,,,
1999,3,8050000,7.083870967741936,8050000,macapa,AP,,,,,,,,,,,,,,,,,,,
1999,3,8051010,16.993548387096773,8051010,macapa,AP,,,,,,,,,,,,,,,,,,,
1999,3,8051012,12.770967741935483,8051012,porto grande,AP,,,,,,,,,,,,,,,,,,,
1999,3,8052000,10.816129032258065,8052000,serra do navio,AP,,,,,,,,,,,,,,,,,,,
1999,3,8150000,12.635483870967741,8150000,tartarugalzinho,AP,,,,,,,,,,,,,,,,,,,
1999,3,8150001,13.01290322580645,8150001,tartarugalzinho,AP,,,,,,,,,,,,,,,,,,,
1999,3,8151000,23.79032258064516,8151000,tartarugalzinho,AP,,,,,,,,,,,,,,,,,,,
1999,3,8250002,21.190322580645162,8250002,calcoene,AP,,,,,,,,,,,,,,,,,,,
1999,3,8250003,22.461290322580645,8250003,amapa,AP,,,,,,,,,,,,,,,,,,,
1999,3,8251001,19.274193548387096,8251001,calcoene,AP,,,,,,,,,,,,,,,,,,,
1999,3,8251004,13.193548387096774,8251004,oiapoque,AP,,,,,,,,,,,,,,,,,,,
1999,3,8351002,6.270967741935484,8351002,oiapoque,AP,,,,,,,,,,,,,,,,,,,
1999,4,51002,10.219999999999999,51002,mazagao,AP,,,,,,,,,,,,,,,,,,,
1999,4,51004,9.593333333333334,51004,mazagao,AP,,,,,,,,,,,,,,,,,,,
1999,4,52003,13.266666666666667,52003,mazagao,AP,,,,,,,,,,,,,,,,,,,
1999,4,771001,6.136666666666667,771001,tarauaca,AC,,,,,,,,,,,,,,,,,,,
1999,4,872000,9.516666666666667,872000,marechal thaumaturgo,AC,,,,,,,,,,,,,,,,,,,
1999,4,968004,4.9766666666666675,968004,bujari,AC,,,,,,,,,,,,,,,,,,,
1999,4,972000,8.110000000000001,972000,marechal thaumaturgo,AC,,,,,,,,,,,,,,,,,,,
1999,4,1067002,7.1933333333333325,1067002,placido de castro,AC,,,,,,,,,,,,,,,,,,,
1999,4,1067003,4.593333333333333,1067003,capixaba,AC,,,,,,,,,,,,,,,,,,,
1999,4,1068000,1.72,1068000,xapuri,AC,,,,,,,,,,,,,,,,,,,
1999,4,8050000,7.916666666666667,8050000,macapa,AP,,,,,,,,,,,,,,,,,,,
1999,4,8051010,11.643333333333334,8051010,macapa,AP,,,,,,,,,,,,,,,,,,,
1999,4,8051012,11.46,8051012,porto grande,AP,,,,,,,,,,,,,,,,,,,
1999,4,8052000,9.03,8052000,serra do navio,AP,,,,,,,,,,,,,,,,,,,
1999,4,8150000,13.063333333333333,8150000,tartarugalzinho,AP,,,,,,,,,,,,,,,,,,,
1999,4,8150001,9.133333333333333,8150001,tartarugalzinho,AP,,,,,,,,,,,,,,,,,,,
1999,4,8151000,16.066666666666666,8151000,tartarugalzinho,AP,,,,,,,,,,,,,,,,,,,
1999,4,8250002,26.90666666666667,8250002,calcoene,AP,,,,,,,,,,,,,,,,,,,
1999,4,8250003,20.62,8250003,amapa,AP,,,,,,,,,,,,,,,,,,,
1999,4,8251001,16.52,8251001,calcoene,AP,,,,,,,,,,,,,,,,,,,
1999,4,8251004,16.886666666666667,8251004,oiapoque,AP,,,,,,,,,,,,,,,,,,,
1999,4,8351002,7.743333333333334,8351002,oiapoque,AP,,,,,,,,,,,,,,,,,,,
1999,5,51002,5.825806451612903,51002,mazagao,AP,,,,,,,,,,,,,,,,,,,
1999,5,51004,8.119354838709677,51004,mazagao,AP,,,,,,,,,,,,,,,,,,,
1999,5,52003,10.790322580645162,52003,mazagao,AP,,,,,,,,,,,,,,,,,,,
1999,5,771001,5.4161290322580635,771001,tarauaca,AC,,,,,,,,,,,,,,,,,,,
1999,5,872000,3.4322580645161294,872000,marechal thaumaturgo,AC,,,,,,,,,,,,,,,,,,,
1999,5,968004,5.651612903225806,968004,bujari,AC,,,,,,,,,,,,,,,,,,,
1999,5,972000,4.329032258064516,972000,marechal thaumaturgo,AC,,,,,,,,,,,,,,,,,,,
1999,5,1067002,6.116129032258065,1067002,placido de castro,AC,,,,,,,,,,,,,,,,,,,
1999,5,1067003,3.174193548387097,1067003,capixaba,AC,,,,,,,,,,,,,,,,,,,
1999,5,1068000,6.806451612903226,1068000,xapuri,AC,,,,,,,,,,,,,,,,,,,
1999,5,8050000,2.8774193548387097,8050000,macapa,AP,,,,,,,,,,,,,,,,,,,
1999,5,8051010,8.574193548387097,8051010,macapa,AP,,,,,,,,,,,,,,,,,,,
1999,5,8051012,7.364516129032258,8051012,porto grande,AP,,,,,,,,,,,,,,,,,,,
1999,5,8052000,14.148387096774194,8052000,serra do navio,AP,,,,,,,,,,,,,,,,,,,
1999,5,8150000,12.600000000000001,8150000,tartarugalzinho,AP,,,,,,,,,,,,,,,,,,,
1999,5,8150001,11.51290322580645,8150001,tartarugalzinho,AP,,,,,,,,,,,,,,,,,,,
1999,5,8151000,16.45806451612903,8151000,tartarugalzinho,AP,,,,,,,,,,,,,,,,,,,
1999,5,8250002,31.14516129032258,8250002,calcoene,AP,,,,,,,,,,,,,,,,,,,
1999,5,8250003,18.712903225806453,8250003,amapa,AP,,,,,,,,,,,,,,,,,,,
1999,5,8251001,16.061290322580643,8251001,calcoene,AP,,,,,,,,,,,,,,,,,,,
1999,5,8251004,25.806451612903224,8251004,oiapoque,AP,,,,,,,,,,,,,,,,,,,
1999,5,8351002,14.76774193548387,8351002,oiapoque,AP,,,,,,,,,,,,,,,,,,,
1999,6,51002,2.6300000000000003,51002,mazagao,AP,,,,,,,,,,,,,,,,,,,
1999,6,51004,8.55,51004,mazagao,AP,,,,,,,,,,,,,,,,,,,
1999,6,52003,4.876666666666667,52003,mazagao,AP,,,,,,,,,,,,,,,,,,,
1999,6,771001,3.823333333333333,771001,tarauaca,AC,,,,,,,,,,,,,,,,,,,
1999,6,872000,2.716666666666667,872000,marechal thaumaturgo,AC,,,,,,,,,,,,,,,,,,,
1999,6,968004,2.4766666666666666,968004,bujari,AC,,,,,,,,,,,,,,,,,,,
1999,6,972000,2.436666666666667,972000,marechal thaumaturgo,AC,,,,,,,,,,,,,,,,,,,
1999,6,1067002,1.09,1067002,placido de castro,AC,,,,,,,,,,,,,,,,,,,
1999,6,1067003,2.0933333333333333,1067003,capixaba,AC,,,,,,,,,,,,,,,,,,,
1999,6,1068000,3.726666666666667,1068000,xapuri,AC,,,,,,,,,,,,,,,,,,,
1999,6,8050000,5.556666666666667,8050000,macapa,AP,,,,,,,,,,,,,,,,,,,
1999,6,8051010,6.593333333333334,8051010,macapa,AP,,,,,,,,,,,,,,,,,,,
1999,6,8051012,6.083333333333333,8051012,porto grande,AP,,,,,,,,,,,,,,,,,,,
1999,6,8052000,5.6066666666666665,8052000,serra do navio,AP,,,,,,,,,,,,,,,,,,,
1999,6,8150000,8.633333333333333,8150000,tartarugalzinho,AP,,,,,,,,,,,,,,,,,,,
1999,6,8150001,5.180000000000001,8150001,tartarugalzinho,AP,,,,,,,,,,,,,,,,,,,
1999,6,8151000,9.156666666666666,8151000,tartarugalzinho,AP,,,,,,,,,,,,,,,,,,,
1999,6,8250002,12.346666666666666,8250002,calcoene,AP,,,,,,,,,,,,,,,,,,,
1999,6,8250003,10.326666666666666,8250003,amapa,AP,,,,,,,,,,,,,,,,,,,
1999,6,8251001,7.746666666666667,8251001,calcoene,AP,,,,,,,,,,,,,,,,,,,
1999,6,8251004,9.563333333333333,8251004,oiapoque,AP,,,,,,,,,,,,,,,,,,,
1999,6,8351002,12.593333333333334,8351002,oiapoque,AP,,,,,,,,,,,,,,,,,,,
1999,7,51002,17.755000000000003,51002,mazagao,AP,,,,,,,,,,,,,,,,,,,
1999,7,51004,3.603225806451613,51004,mazagao,AP,,,,,,,,,,,,,,,,,,,
1999,7,52003,4.274193548387097,52003,mazagao,AP,,,,,,,,,,,,,,,,,,,
1999,7,771001,0.06451612903225806,771001,tarauaca,AC,,,,,,,,,,,,,,,,,,,
1999,7,872000,3.167741935483871,872000,marechal thaumaturgo,AC,,,,,,,,,,,,,,,,,,,
1999,7,968004,0.44193548387096776,968004,bujari,AC,,,,,,,,,,,,,,,,,,,
1999,7,972000,0.49032258064516127,972000,marechal thaumaturgo,AC,,,,,,,,,,,,,,,,,,,
1999,7,1067002,0.35161290322580646,1067002,placido de castro,AC,,,,,,,,,,,,,,,,,,,
1999,7,1067003,0.04516129032258064,1067003,capixaba,AC,,,,,,,,,,,,,,,,,,,
1999,7,1068000,0.5032258064516129,1068000,xapuri,AC,,,,,,,,,,,,,,,,,,,
1999,7,8050000,7.841935483870968,8050000,macapa,AP,,,,,,,,,,,,,,,,,,,
1999,7,8051010,7.02258064516129,8051010,macapa,AP,,,,,,,,,,,,,,,,,,,
1999,7,8051012,6.835483870967742,8051012,porto grande,AP,,,,,,,,,,,,,,,,,,,
1999,7,8052000,5.880645161290323,8052000,serra do navio,AP,,,,,,,,,,,,,,,,,,,
1999,7,8150000,5.0,8150000,tartarugalzinho,AP,,,,,,,,,,,,,,,,,,,
1999,7,8150001,2.2096774193548385,8150001,tartarugalzinho,AP,,,,,,,,,,,,,,,,,,,
1999,7,8151000,6.84516129032258,8151000,tartarugalzinho,AP,,,,,,,,,,,,,,,,,,,
1999,7,8250002,6.7935483870967746,8250002,calcoene,AP,,,,,,,,,,,,,,,,,,,
1999,7,8250003,5.32258064516129,8250003,amapa,AP,,,,,,,,,,,,,,,,,,,
1999,7,8251001,7.170967741935484,8251001,calcoene,AP,,,,,,,,,,,,,,,,,,,
1999,7,8251004,5.409677419354838,8251004,oiapoque,AP,,,,,,,,,,,,,,,,,,,
1999,7,8351002,8.416129032258066,8351002,oiapoque,AP,,,,,,,,,,,,,,,,,,,
1999,8,51002,2.8774193548387097,51002,mazagao,AP,,,,,,,,,,,,,,,,,,,
1999,8,51004,2.490322580645161,51004,mazagao,AP,,,,,,,,,,,,,,,,,,,
1999,8,52003,3.570967741935484,52003,mazagao,AP,,,,,,,,,,,,,,,,,,,
1999,8,771001,0.27419354838709675,771001,tarauaca,AC,,,,,,,,,,,,,,,,,,,
1999,8,872000,1.2193548387096773,872000,marechal thaumaturgo,AC,,,,,,,,,,,,,,,,,,,
1999,8,968004,0.7645161290322581,968004,bujari,AC,,,,,,,,,,,,,,,,,,,
1999,8,972000,0.8935483870967743,972000,marechal thaumaturgo,AC,,,,,,,,,,,,,,,,,,,
1999,8,1067002,0.23548387096774193,1067002,placido de castro,AC,,,,,,,,,,,,,,,,,,,
1999,8,1067003,0.9419354838709677,1067003,capixaba,AC,,,,,,,,,,,,,,,,,,,
1999,8,1068000,0.0,1068000,xapuri,AC,,,,,,,,,,,,,,,,,,,
1999,8,8050000,0.0967741935483871,8050000,macapa,AP,,,,,,,,,,,,,,,,,,,
1999,8,8051010,0.9451612903225807,8051010,macapa,AP,,,,,,,,,,,,,,,,,,,
1999,8,8051012,6.858064516129032,8051012,porto grande,AP,,,,,,,,,,,,,,,,,,,
1999,8,8052000,4.087096774193548,8052000,serra do navio,AP,,,,,,,,,,,,,,,,,,,
1999,8,8150000,2.338709677419355,8150000,tartarugalzinho,AP,,,,,,,,,,,,,,,,,,,
1999,8,8150001,4.203225806451614,8150001,tartarugalzinho,AP,,,,,,,,,,,,,,,,,,,
1999,8,8151000,4.22258064516129,8151000,tartarugalzinho,AP,,,,,,,,,,,,,,,,,,,
1999,8,8250002,3.696774193548387,8250002,calcoene,AP,,,,,,,,,,,,,,,,,,,
1999,8,8250003,4.080645161290323,8250003,amapa,AP,,,,,,,,,,,,,,,,,,,
1999,8,8251001,7.141935483870968,8251001,calcoene,AP,,,,,,,,,,,,,,,,,,,
1999,8,8251004,4.509677419354839,8251004,oiapoque,AP,,,,,,,,,,,,,,,,,,,
1999,8,8351002,7.72258064516129,8351002,oiapoque,AP,,,,,,,,,,,,,,,,,,,
1999,9,51002,2.36,51002,mazagao,AP,,,,,,,,,,,,,,,,,,,
1999,9,51004,0.4266666666666667,51004,mazagao,AP,,,,,,,,,,,,,,,,,,,
1999,9,52003,0.0,52003,mazagao,AP,,,,,,,,,,,,,,,,,,,
1999,9,771001,1.34,771001,tarauaca,AC,,,,,,,,,,,,,,,,,,,
1999,9,872000,5.276666666666667,872000,marechal thaumaturgo,AC,,,,,,,,,,,,,,,,,,,
1999,9,968004,2.86,968004,bujari,AC,,,,,,,,,,,,,,,,,,,
1999,9,972000,2.1799999999999997,972000,marechal thaumaturgo,AC,,,,,,,,,,,,,,,,,,,
1999,9,1067002,4.823333333333333,1067002,placido de castro,AC,,,,,,,,,,,,,,,,,,,
1999,9,1067003,2.32,1067003,capixaba,AC,,,,,,,,,,,,,,,,,,,
1999,9,1068000,2.9133333333333336,1068000,xapuri,AC,,,,,,,,,,,,,,,,,,,
1999,9,8050000,0.48333333333333334,8050000,macapa,AP,,,,,,,,,,,,,,,,,,,
1999,9,8051010,0.2833333333333333,8051010,macapa,AP,,,,,,,,,,,,,,,,,,,
1999,9,8051012,3.49,8051012,porto grande,AP,,,,,,,,,,,,,,,,,,,
1999,9,8052000,2.2633333333333336,8052000,serra do navio,AP,,,,,,,,,,,,,,,,,,,
1999,9,8150000,1.0633333333333335,8150000,tartarugalzinho,AP,,,,,,,,,,,,,,,,,,,
1999,9,8150001,0.0,8150001,tartarugalzinho,AP,,,,,,,,,,,,,,,,,,,
1999,9,8151000,2.8400000000000003,8151000,tartarugalzinho,AP,,,,,,,,,,,,,,,,,,,
1999,9,8250002,0.3733333333333333,8250002,calcoene,AP,,,,,,,,,,,,,,,,,,,
1999,9,8250003,1.0666666666666667,8250003,amapa,AP,,,,,,,,,,,,,,,,,,,
1999,9,8251001,0.26999999999999996,8251001,calcoene,AP,,,,,,,,,,,,,,,,,,,
1999,9,8251004,0.83,8251004,oiapoque,AP,,,,,,,,,,,,,,,,,,,
1999,9,8351002,0.91,8351002,oiapoque,AP,,,,,,,,,,,,,,,,,,,
1999,10,51002,0.5,51002,mazagao,AP,,,,,,,,,,,,,,,,,,,
1999,10,51004,0.36451612903225805,51004,mazagao,AP,,,,,,,,,,,,,,,,,,,
1999,10,52003,0.7225806451612903,52003,mazagao,AP,,,,,,,,,,,,,,,,,,,
1999,10,771001,1.1481481481481481,771001,tarauaca,AC,,,,,,,,,,,,,,,,,,,
1999,10,872000,4.019354838709678,872000,marechal thaumaturgo,AC,,,,,,,,,,,,,,,,,,,
1999,10,968004,2.774193548387097,968004,bujari,AC,,,,,,,,,,,,,,,,,,,
1999,10,972000,7.019354838709678,972000,marechal thaumaturgo,AC,,,,,,,,,,,,,,,,,,,
1999,10,1067002,4.906451612903226,1067002,placido de castro,AC,,,,,,,,,,,,,,,,,,,
1999,10,1067003,3.3483870967741938,1067003,capixaba,AC,,,,,,,,,,,,,,,,,,,
1999,10,1068000,2.7870967741935484,1068000,xapuri,AC,,,,,,,,,,,,,,,,,,,
1999,10,8050000,0.39677419354838706,8050000,macapa,AP,,,,,,,,,,,,,,,,,,,
1999,10,8051010,1.1870967741935483,8051010,macapa,AP,,,,,,,,,,,,,,,,,,,
1999,10,8051012,5.319354838709677,8051012,porto grande,AP,,,,,,,,,,,,,,,,,,,
1999,10,8052000,3.648387096774193,8052000,serra do navio,AP,,,,,,,,,,,,,,,,,,,
1999,10,8150000,1.7999999999999998,8150000,tartarugalzinho,AP,,,,,,,,,,,,,,,,,,,
1999,10,8150001,2.5258064516129033,8150001,tartarugalzinho,AP,,,,,,,,,,,,,,,,,,,
1999,10,8151000,3.4129032258064513,8151000,tartarugalzinho,AP,,,,,,,,,,,,,,,,,,,
1999,10,8250002,0.33548387096774196,8250002,calcoene,AP,,,,,,,,,,,,,,,,,,,
1999,10,8250003,1.4129032258064516,8250003,amapa,AP,,,,,,,,,,,,,,,,,,,
1999,10,8251001,0.14838709677419354,8251001,calcoene,AP,,,,,,,,,,,,,,,,,,,
1999,10,8251004,0.5870967741935483,8251004,oiapoque,AP,,,,,,,,,,,,,,,,,,,
1999,10,8351002,4.374193548387097,8351002,oiapoque,AP,,,,,,,,,,,,,,,,,,,
1999,11,51002,0.45,51002,mazagao,AP,,,,,,,,,,,,,,,,,,,
1999,11,51004,0.5,51004,mazagao,AP,,,,,,,,,,,,,,,,,,,
1999,11,52003,0.8666666666666667,52003,mazagao,AP,,,,,,,,,,,,,,,,,,,
1999,11,771001,3.2299999999999995,771001,tarauaca,AC,,,,,,,,,,,,,,,,,,,
1999,11,872000,5.636666666666667,872000,marechal thaumaturgo,AC,,,,,,,,,,,,,,,,,,,
1999,11,968004,11.456666666666667,968004,bujari,AC,,,,,,,,,,,,,,,,,,,
1999,11,972000,5.406666666666666,972000,marechal thaumaturgo,AC,,,,,,,,,,,,,,,,,,,
1999,11,1067002,11.82,1067002,placido de castro,AC,,,,,,,,,,,,,,,,,,,
1999,11,1067003,3.2366666666666664,1067003,capixaba,AC,,,,,,,,,,,,,,,,,,,
1999,11,1068000,5.833333333333333,1068000,xapuri,AC,,,,,,,,,,,,,,,,,,,
1999,11,8050000,0.43666666666666665,8050000,macapa,AP,,,,,,,,,,,,,,,,,,,
1999,11,8051010,0.6233333333333333,8051010,macapa,AP,,,,,,,,,,,,,,,,,,,
1999,11,8051012,1.4966666666666666,8051012,porto grande,AP,,,,,,,,,,,,,,,,,,,
1999,11,8052000,0.8533333333333334,8052000,serra do navio,AP,,,,,,,,,,,,,,,,,,,
1999,11,8150000,1.7666666666666666,8150000,tartarugalzinho,AP,,,,,,,,,,,,,,,,,,,
1999,11,8150001,0.62,8150001,tartarugalzinho,AP,,,,,,,,,,,,,,,,,,,
1999,11,8151000,2.6333333333333333,8151000,tartarugalzinho,AP,,,,,,,,,,,,,,,,,,,
1999,11,8250002,0.17333333333333334,8250002,calcoene,AP,,,,,,,,,,,,,,,,,,,
1999,11,8250003,1.1466666666666667,8250003,amapa,AP,,,,,,,,,,,,,,,,,,,
1999,11,8251001,0.0,8251001,calcoene,AP,,,,,,,,,,,,,,,,,,,
1999,11,8251004,0.02333333333333333,8251004,oiapoque,AP,,,,,,,,,,,,,,,,,,,
1999,11,8351002,0.27666666666666667,8351002,oiapoque,AP,,,,,,,,,,,,,,,,,,,
1999,12,51002,3.4064516129032256,51002,mazagao,AP,,,,,,,,,,,,,,,,,,,
1999,12,51004,3.390322580645161,51004,mazagao,AP,,,,,,,,,,,,,,,,,,,
1999,12,52003,4.838709677419355,52003,mazagao,AP,,,,,,,,,,,,,,,,,,,
1999,12,771001,2.8419354838709676,771001,tarauaca,AC,,,,,,,,,,,,,,,,,,,
1999,12,872000,5.693548387096774,872000,marechal thaumaturgo,AC,,,,,,,,,,,,,,,,,,,
1999,12,968004,8.503225806451614,968004,bujari,AC,,,,,,,,,,,,,,,,,,,
1999,12,972000,11.364516129032259,972000,marechal thaumaturgo,AC,,,,,,,,,,,,,,,,,,,
1999,12,1067002,11.135483870967741,1067002,placido de castro,AC,,,,,,,,,,,,,,,,,,,
1999,12,1067003,4.735483870967743,1067003,capixaba,AC,,,,,,,,,,,,,,,,,,,
1999,12,1068000,10.761290322580646,1068000,xapuri,AC,,,,,,,,,,,,,,,,,,,
1999,12,8050000,0.7129032258064517,8050000,macapa,AP,,,,,,,,,,,,,,,,,,,
1999,12,8051010,7.393548387096774,8051010,macapa,AP,,,,,,,,,,,,,,,,,,,
1999,12,8051012,4.112903225806452,8051012,porto grande,AP,,,,,,,,,,,,,,,,,,,
1999,12,8052000,2.3806451612903223,8052000,serra do navio,AP,,,,,,,,,,,,,,,,,,,
1999,12,8150000,2.4838709677419355,8150000,tartarugalzinho,AP,,,,,,,,,,,,,,,,,,,
1999,12,8150001,9.112903225806452,8150001,tartarugalzinho,AP,,,,,,,,,,,,,,,,,,,
1999,12,8151000,4.483870967741935,8151000,tartarugalzinho,AP,,,,,,,,,,,,,,,,,,,
1999,12,8250002,8.306451612903226,8250002,calcoene,AP,,,,,,,,,,,,,,,,,,,
1999,12,8250003,5.393548387096774,8250003,amapa,AP,,,,,,,,,,,,,,,,,,,
1999,12,8251001,14.461290322580645,8251001,calcoene,AP,,,,,,,,,,,,,,,,,,,
1999,12,8251004,4.216129032258064,8251004,oiapoque,AP,,,,,,,,,,,,,,,,,,,
1999,12,8351002,8.293548387096775,8351002,oiapoque,AP,,,,,,,,,,,,,,,,,,,
2000,1,51002,8.783870967741937,51002,mazagao,AP,,,,,,,,,,,,,,,,,,,
2000,1,51004,5.916129032258064,51004,mazagao,AP,,,,,,,,,,,,,,,,,,,
2000,1,52003,6.632258064516129,52003,mazagao,AP,,,,,,,,,,,,,,,,,,,
2000,1,771001,4.490322580645161,771001,tarauaca,AC,,,,,,,,,,,,,,,,,,,
2000,1,872000,7.067741935483871,872000,marechal thaumaturgo,AC,,,,,,,,,,,,,,,,,,,
2000,1,968004,10.583870967741936,968004,bujari,AC,,,,,,,,,,,,,,,,,,,
2000,1,972000,11.01290322580645,972000,marechal thaumaturgo,AC,,,,,,,,,,,,,,,,,,,
2000,1,1067002,4.17741935483871,1067002,placido de castro,AC,,,,,,,,,,,,,,,,,,,
2000,1,1067003,7.019354838709678,1067003,capixaba,AC,,,,,,,,,,,,,,,,,,,
2000,1,1068000,5.825806451612903,1068000,xapuri,AC,,,,,,,,,,,,,,,,,,,
2000,1,8050000,3.729032258064516,8050000,macapa,AP,,,,,,,,,,,,,,,,,,,
2000,1,8050001,2.667741935483871,8050001,macapa,AP,,,,,,,,,,,,,,,,,,,
2000,1,8051010,7.061290322580645,8051010,macapa,AP,,,,,,,,,,,,,,,,,,,
2000,1,8051012,8.093548387096774,8051012,porto grande,AP,,,,,,,,,,,,,,,,,,,
2000,1,8052000,6.661290322580645,8052000,serra do navio,AP,,,,,,,,,,,,,,,,,,,
2000,1,8150000,7.816129032258065,8150000,tartarugalzinho,AP,,,,,,,,,,,,,,,,,,,
2000,1,8150001,12.064516129032258,8150001,tartarugalzinho,AP,,,,,,,,,,,,,,,,,,,
2000,1,8151000,9.025806451612903,8151000,tartarugalzinho,AP,,,,,,,,,,,,,,,,,,,
2000,1,8250002,30.25,8250002,calcoene,AP,,,,,,,,,,,,,,,,,,,
2000,1,8250003,20.416129032258063,8250003,amapa,AP,,,,,,,,,,,,,,,,,,,
2000,1,8251001,23.283870967741937,8251001,calcoene,AP,,,,,,,,,,,,,,,,,,,
2000,1,8251004,20.19677419354839,8251004,oiapoque,AP,,,,,,,,,,,,,,,,,,,
2000,1,8351002,22.138709677419353,8351002,oiapoque,AP,,,,,,,,,,,,,,,,,,,
2000,2,51002,8.589655172413792,51002,mazagao,AP,,,,,,,,,,,,,,,,,,,
2000,2,51004,6.020689655172413,51004,mazagao,AP,,,,,,,,,,,,,,,,,,,
2000,2,52003,3.810344827586207,52003,mazagao,AP,,,,,,,,,,,,,,,,,,,
2000,2,771001,3.2448275862068963,771001,tarauaca,AC,,,,,,,,,,,,,,,,,,,
2000,2,872000,8.317241379310346,872000,marechal thaumaturgo,AC,,,,,,,,,,,,,,,,,,,
2000,2,968004,8.810344827586206,968004,bujari,AC,,,,,,,,,,,,,,,,,,,
2000,2,972000,9.696551724137931,972000,marechal thaumaturgo,AC,,,,,,,,,,,,,,,,,,,
2000,2,1067002,9.975862068965517,1067002,placido de castro,AC,,,,,,,,,,,,,,,,,,,
2000,2,1067003,7.386206896551724,1067003,capixaba,AC,,,,,,,,,,,,,,,,,,,
2000,2,1068000,5.6000000000000005,1068000,xapuri,AC,,,,,,,,,,,,,,,,,,,
2000,2,8050000,5.9896551724137925,8050000,macapa,AP,,,,,,,,,,,,,,,,,,,
2000,2,8050001,15.941379310344828,8050001,macapa,AP,,,,,,,,,,,,,,,,,,,
2000,2,8051010,11.53793103448276,8051010,macapa,AP,,,,,,,,,,,,,,,,,,,
2000,2,8051012,9.386206896551723,8051012,porto grande,AP,,,,,,,,,,,,,,,,,,,
2000,2,8052000,9.279310344827588,8052000,serra do navio,AP,,,,,,,,,,,,,,,,,,,
2000,2,8150000,11.482758620689655,8150000,tartarugalzinho,AP,,,,,,,,,,,,,,,,,,,
2000,2,8150001,13.110344827586207,8150001,tartarugalzinho,AP,,,,,,,,,,,,,,,,,,,
2000,2,8151000,22.824137931034482,8151000,tartarugalzinho,AP,,,,,,,,,,,,,,,,,,,
2000,2,8250002,43.60344827586207,8250002,calcoene,AP,,,,,,,,,,,,,,,,,,,
2000,2,8250003,23.675862068965518,8250003,amapa,AP,,,,,,,,,,,,,,,,,,,
2000,2,8251001,19.837931034482757,8251001,calcoene,AP,,,,,,,,,,,,,,,,,,,
2000,2,8251004,22.49655172413793,8251004,oiapoque,AP,,,,,,,,,,,,,,,,,,,
2000,2,8351002,17.248275862068965,8351002,oiapoque,AP,,,,,,,,,,,,,,,,,,,
2000,3,51002,11.138709677419355,51002,mazagao,AP,,,,,,,,,,,,,,,,,,,
2000,3,51004,11.780645161290321,51004,mazagao,AP,,,,,,,,,,,,,,,,,,,
2000,3,52003,19.23225806451613,52003,mazagao,AP,,,,,,,,,,,,,,,,,,,
2000,3,771001,5.567741935483871,771001,tarauaca,AC,,,,,,,,,,,,,,,,,,,
2000,3,872000,7.506451612903225,872000,marechal thaumaturgo,AC,,,,,,,,,,,,,,,,,,,
2000,3,968004,3.116129032258064,968004,bujari,AC,,,,,,,,,,,,,,,,,,,
2000,3,972000,6.109677419354839,972000,marechal thaumaturgo,AC,,,,,,,,,,,,,,,,,,,
2000,3,1067002,13.429032258064517,1067002,placido de castro,AC,,,,,,,,,,,,,,,,,,,
2000,3,1067003,10.174193548387098,1067003,capixaba,AC,,,,,,,,,,,,,,,,,,,
2000,3,1068000,4.793548387096774,1068000,xapuri,AC,,,,,,,,,,,,,,,,,,,
2000,3,8050000,6.116129032258065,8050000,macapa,AP,,,,,,,,,,,,,,,,,,,
2000,3,8050001,34.65161290322581,8050001,macapa,AP,,,,,,,,,,,,,,,,,,,
2000,3,8051010,15.035483870967743,8051010,macapa,AP,,,,,,,,,,,,,,,,,,,
2000,3,8051012,8.464516129032257,8051012,porto grande,AP,,,,,,,,,,,,,,,,,,,
2000,3,8052000,16.348387096774193,8052000,serra do navio,AP,,,,,,,,,,,,,,,,,,,
2000,3,8150000,20.60967741935484,8150000,tartarugalzinho,AP,,,,,,,,,,,,,,,,,,,
2000,3,8150001,16.919354838709676,8150001,tartarugalzinho,AP,,,,,,,,,,,,,,,,,,,
2000,3,8151000,43.60645161290322,8151000,tartarugalzinho,AP,,,,,,,,,,,,,,,,,,,
2000,3,8250002,34.71290322580645,8250002,calcoene,AP,,,,,,,,,,,,,,,,,,,
2000,3,8250003,26.541935483870965,8250003,amapa,AP,,,,,,,,,,,,,,,,,,,
2000,3,8251001,22.683870967741935,8251001,calcoene,AP,,,,,,,,,,,,,,,,,,,
2000,3,8251004,21.26774193548387,8251004,oiapoque,AP,,,,,,,,,,,,,,,,,,,
2000,3,8351002,9.725806451612904,8351002,oiapoque,AP,,,,,,,,,,,,,,,,,,,
2000,4,51002,10.143333333333334,51002,mazagao,AP,,,,,,,,,,,,,,,,,,,
2000,4,51004,10.486666666666668,51004,mazagao,AP,,,,,,,,,,,,,,,,,,,
2000,4,52003,16.493333333333332,52003,mazagao,AP,,,,,,,,,,,,,,,,,,,
2000,4,771001,8.056666666666667,771001,tarauaca,AC,,,,,,,,,,,,,,,,,,,
2000,4,872000,6.286666666666666,872000,marechal thaumaturgo,AC,,,,,,,,,,,,,,,,,,,
2000,4,968004,7.633333333333334,968004,bujari,AC,,,,,,,,,,,,,,,,,,,
2000,4,972000,6.506666666666666,972000,marechal thaumaturgo,AC,,,,,,,,,,,,,,,,,,,
2000,4,1067002,6.186666666666667,1067002,placido de castro,AC,,,,,,,,,,,,,,,,,,,
2000,4,1067003,7.026666666666667,1067003,capixaba,AC,,,,,,,,,,,,,,,,,,,
2000,4,1068000,2.6599999999999997,1068000,xapuri,AC,,,,,,,,,,,,,,,,,,,
2000,4,8050000,5.55,8050000,macapa,AP,,,,,,,,,,,,,,,,,,,
2000,4,8050001,42.82333333333334,8050001,macapa,AP,,,,,,,,,,,,,,,,,,,
2000,4,8051010,18.453333333333333,8051010,macapa,AP,,,,,,,,,,,,,,,,,,,
2000,4,8051012,11.493333333333334,8051012,porto grande,AP,,,,,,,,,,,,,,,,,,,
2000,4,8052000,17.46333333333333,8052000,serra do navio,AP,,,,,,,,,,,,,,,,,,,
2000,4,8150000,16.223333333333333,8150000,tartarugalzinho,AP,,,,,,,,,,,,,,,,,,,
2000,4,8150001,14.503333333333332,8150001,tartarugalzinho,AP,,,,,,,,,,,,,,,,,,,
2000,4,8151000,24.473333333333336,8151000,tartarugalzinho,AP,,,,,,,,,,,,,,,,,,,
2000,4,8250002,42.24,8250002,calcoene,AP,,,,,,,,,,,,,,,,,,,
2000,4,8250003,26.273333333333333,8250003,amapa,AP,,,,,,,,,,,,,,,,,,,
2000,4,8251001,27.423333333333332,8251001,calcoene,AP,,,,,,,,,,,,,,,,,,,
2000,4,8251004,32.35,8251004,oiapoque,AP,,,,,,,,,,,,,,,,,,,
2000,4,8351002,28.28666666666667,8351002,oiapoque,AP,,,,,,,,,,,,,,,,,,,
2000,5,51002,12.61774193548387,51002,mazagao,AP,,,,,,,,,,,,,,,,,,,
2000,5,51004,11.693548387096774,51004,mazagao,AP,,,,,,,,,,,,,,,,,,,
2000,5,52003,12.235416666666666,52003,mazagao,AP,,,,,,,,,,,,,,,,,,,
2000,5,771001,2.4129032258064513,771001,tarauaca,AC,,,,,,,,,,,,,,,,,,,
2000,5,872000,5.416129032258064,872000,marechal thaumaturgo,AC,,,,,,,,,,,,,,,,,,,
2000,5,968004,2.545161290322581,968004,bujari,AC,,,,,,,,,,,,,,,,,,,
2000,5,972000,2.2451612903225806,972000,marechal thaumaturgo,AC,,,,,,,,,,,,,,,,,,,
2000,5,1067002,1.1580645161290322,1067002,placido de castro,AC,,,,,,,,,,,,,,,,,,,
2000,5,1067003,1.8064516129032258,1067003,capixaba,AC,,,,,,,,,,,,,,,,,,,
2000,5,1068000,0.9419354838709677,1068000,xapuri,AC,,,,,,,,,,,,,,,,,,,
2000,5,8050000,2.838709677419355,8050000,macapa,AP,,,,,,,,,,,,,,,,,,,
2000,5,8050001,20.5258064516129,8050001,macapa,AP,,,,,,,,,,,,,,,,,,,
2000,5,8051010,13.154838709677419,8051010,macapa,AP,,,,,,,,,,,,,,,,,,,
2000,5,8051012,8.838709677419354,8051012,porto grande,AP,,,,,,,,,,,,,,,,,,,
2000,5,8052000,12.906451612903227,8052000,serra do navio,AP,,,,,,,,,,,,,,,,,,,
2000,5,8150000,11.73225806451613,8150000,tartarugalzinho,AP,,,,,,,,,,,,,,,,,,,
2000,5,8150001,12.04516129032258,8150001,tartarugalzinho,AP,,,,,,,,,,,,,,,,,,,
2000,5,8151000,15.241935483870968,8151000,tartarugalzinho,AP,,,,,,,,,,,,,,,,,,,
2000,5,8250002,39.59032258064516,8250002,calcoene,AP,,,,,,,,,,,,,,,,,,,
2000,5,8250003,20.41290322580645,8250003,amapa,AP,,,,,,,,,,,,,,,,,,,
2000,5,8251001,36.02903225806452,8251001,calcoene,AP,,,,,,,,,,,,,,,,,,,
2000,5,8251004,26.0,8251004,oiapoque,AP,,,,,,,,,,,,,,,,,,,
2000,5,8351002,25.39032258064516,8351002,oiapoque,AP,,,,,,,,,,,,,,,,,,,
2000,6,51002,9.563333333333333,51002,mazagao,AP,,,,,,,,,,,,,,,,,,,
2000,6,51004,11.51,51004,mazagao,AP,,,,,,,,,,,,,,,,,,,
2000,6,52003,8.756666666666666,52003,mazagao,AP,,,,,,,,,,,,,,,,,,,
2000,6,771001,2.29,771001,tarauaca,AC,,,,,,,,,,,,,,,,,,,
2000,6,872000,2.7333333333333334,872000,marechal thaumaturgo,AC,,,,,,,,,,,,,,,,,,,
2000,6,968004,0.5866666666666667,968004,bujari,AC,,,,,,,,,,,,,,,,,,,
2000,6,972000,3.1,972000,marechal thaumaturgo,AC,,,,,,,,,,,,,,,,,,,
2000,6,1067002,0.7899999999999999,1067002,placido de castro,AC,,,,,,,,,,,,,,,,,,,
2000,6,1067003,0.11,1067003,capixaba,AC,,,,,,,,,,,,,,,,,,,
2000,6,1068000,0.0,1068000,xapuri,AC,,,,,,,,,,,,,,,,,,,
2000,6,8050000,3.6,8050000,macapa,AP,,,,,,,,,,,,,,,,,,,
2000,6,8050001,4.676666666666667,8050001,macapa,AP,,,,,,,,,,,,,,,,,,,
2000,6,8051010,7.930000000000001,8051010,macapa,AP,,,,,,,,,,,,,,,,,,,
2000,6,8051012,3.2700000000000005,8051012,porto grande,AP,,,,,,,,,,,,,,,,,,,
2000,6,8052000,7.3133333333333335,8052000,serra do navio,AP,,,,,,,,,,,,,,,,,,,
2000,6,8150000,7.319999999999999,8150000,tartarugalzinho,AP,,,,,,,,,,,,,,,,,,,
2000,6,8150001,4.916666666666667,8150001,tartarugalzinho,AP,,,,,,,,,,,,,,,,,,,
2000,6,8151000,12.02,8151000,tartarugalzinho,AP,,,,,,,,,,,,,,,,,,,
2000,6,8250002,12.286666666666667,8250002,calcoene,AP,,,,,,,,,,,,,,,,,,,
2000,6,8250003,13.586666666666668,8250003,amapa,AP,,,,,,,,,,,,,,,,,,,
2000,6,8251001,4.489999999999999,8251001,calcoene,AP,,,,,,,,,,,,,,,,,,,
2000,6,8251004,10.65,8251004,oiapoque,AP,,,,,,,,,,,,,,,,,,,
2000,6,8351002,14.276666666666667,8351002,oiapoque,AP,,,,,,,,,,,,,,,,,,,
2000,7,51002,5.514285714285714,51002,mazagao,AP,,,,,,,,,,,,,,,,,,,
2000,7,51004,3.261290322580645,51004,mazagao,AP,,,,,,,,,,,,,,,,,,,
2000,7,52003,5.119354838709677,52003,mazagao,AP,,,,,,,,,,,,,,,,,,,
2000,7,771001,0.3032258064516129,771001,tarauaca,AC,,,,,,,,,,,,,,,,,,,
2000,7,872000,1.1870967741935483,872000,marechal thaumaturgo,AC,,,,,,,,,,,,,,,,,,,
2000,7,968004,1.1290322580645162,968004,bujari,AC,,,,,,,,,,,,,,,,,,,
2000,7,972000,5.019354838709678,972000,marechal thaumaturgo,AC,,,,,,,,,,,,,,,,,,,
2000,7,1067002,0.9483870967741935,1067002,placido de castro,AC,,,,,,,,,,,,,,,,,,,
2000,7,1067003,0.4,1067003,capixaba,AC,,,,,,,,,,,,,,,,,,,
2000,7,1068000,2.129032258064516,1068000,xapuri,AC,,,,,,,,,,,,,,,,,,,
2000,7,8050000,1.4548387096774194,8050000,macapa,AP,,,,,,,,,,,,,,,,,,,
2000,7,8050001,9.358064516129033,8050001,macapa,AP,,,,,,,,,,,,,,,,,,,
2000,7,8051010,6.038709677419354,8051010,macapa,AP,,,,,,,,,,,,,,,,,,,
2000,7,8051012,3.6258064516129034,8051012,porto grande,AP,,,,,,,,,,,,,,,,,,,
2000,7,8052000,9.364516129032259,8052000,serra do navio,AP,,,,,,,,,,,,,,,,,,,
2000,7,8150000,4.948387096774193,8150000,tartarugalzinho,AP,,,,,,,,,,,,,,,,,,,
2000,7,8150001,7.741935483870968,8150001,tartarugalzinho,AP,,,,,,,,,,,,,,,,,,,
2000,7,8151000,10.63225806451613,8151000,tartarugalzinho,AP,,,,,,,,,,,,,,,,,,,
2000,7,8250002,6.300000000000001,8250002,calcoene,AP,,,,,,,,,,,,,,,,,,,
2000,7,8250003,10.541935483870969,8250003,amapa,AP,,,,,,,,,,,,,,,,,,,
2000,7,8251001,2.9096774193548387,8251001,calcoene,AP,,,,,,,,,,,,,,,,,,,
2000,7,8251004,5.935483870967742,8251004,oiapoque,AP,,,,,,,,,,,,,,,,,,,
2000,7,8351002,4.070967741935484,8351002,oiapoque,AP,,,,,,,,,,,,,,,,,,,
2000,8,51002,6.782758620689655,51002,mazagao,AP,,,,,,,,,,,,,,,,,,,
2000,8,51004,2.47741935483871,51004,mazagao,AP,,,,,,,,,,,,,,,,,,,
2000,8,52003,0.5645161290322581,52003,mazagao,AP,,,,,,,,,,,,,,,,,,,
2000,8,771001,1.7483870967741935,771001,tarauaca,AC,,,,,,,,,,,,,,,,,,,
2000,8,872000,3.116129032258064,872000,marechal thaumaturgo,AC,,,,,,,,,,,,,,,,,,,
2000,8,968004,2.7193548387096773,968004,bujari,AC,,,,,,,,,,,,,,,,,,,
2000,8,972000,1.1290322580645162,972000,marechal thaumaturgo,AC,,,,,,,,,,,,,,,,,,,
2000,8,1067002,3.3774193548387097,1067002,placido de castro,AC,,,,,,,,,,,,,,,,,,,
2000,8,1067003,2.0806451612903225,1067003,capixaba,AC,,,,,,,,,,,,,,,,,,,
2000,8,1068000,2.0258064516129033,1068000,xapuri,AC,,,,,,,,,,,,,,,,,,,
2000,8,8050000,0.5451612903225808,8050000,macapa,AP,,,,,,,,,,,,,,,,,,,
2000,8,8050001,1.525806451612903,8050001,macapa,AP,,,,,,,,,,,,,,,,,,,
2000,8,8051010,1.4903225806451612,8051010,macapa,AP,,,,,,,,,,,,,,,,,,,
2000,8,8051012,5.064516129032258,8051012,porto grande,AP,,,,,,,,,,,,,,,,,,,
2000,8,8052000,3.8870967741935485,8052000,serra do navio,AP,,,,,,,,,,,,,,,,,,,
2000,8,8150000,2.5612903225806454,8150000,tartarugalzinho,AP,,,,,,,,,,,,,,,,,,,
2000,8,8150001,1.0193548387096774,8150001,tartarugalzinho,AP,,,,,,,,,,,,,,,,,,,
2000,8,8151000,8.051612903225806,8151000,tartarugalzinho,AP,,,,,,,,,,,,,,,,,,,
2000,8,8250002,2.0483870967741935,8250002,calcoene,AP,,,,,,,,,,,,,,,,,,,
2000,8,8250003,2.193548387096774,8250003,amapa,AP,,,,,,,,,,,,,,,,,,,
2000,8,8251001,0.996774193548387,8251001,calcoene,AP,,,,,,,,,,,,,,,,,,,
2000,8,8251004,1.7419354838709677,8251004,oiapoque,AP,,,,,,,,,,,,,,,,,,,
2000,8,8351002,1.4451612903225808,8351002,oiapoque,AP,,,,,,,,,,,,,,,,,,,
2000,9,51002,5.510000000000001,51002,mazagao,AP,,,,,,,,,,,,,,,,,,,
2000,9,51004,2.146666666666667,51004,mazagao,AP,,,,,,,,,,,,,,,,,,,
2000,9,52003,0.36666666666666664,52003,mazagao,AP,,,,,,,,,,,,,,,,,,,
2000,9,771001,4.8933333333333335,771001,tarauaca,AC,,,,,,,,,,,,,,,,,,,
2000,9,872000,0.29333333333333333,872000,marechal thaumaturgo,AC,,,,,,,,,,,,,,,,,,,
2000,9,968004,1.6966666666666668,968004,bujari,AC,,,,,,,,,,,,,,,,,,,
2000,9,972000,1.2066666666666668,972000,marechal thaumaturgo,AC,,,,,,,,,,,,,,,,,,,
2000,9,1067002,2.5466666666666664,1067002,placido de castro,AC,,,,,,,,,,,,,,,,,,,
2000,9,1067003,4.126666666666667,1067003,capixaba,AC,,,,,,,,,,,,,,,,,,,
2000,9,1068000,1.88,1068000,xapuri,AC,,,,,,,,,,,,,,,,,,,
2000,9,8050000,1.6433333333333333,8050000,macapa,AP,,,,,,,,,,,,,,,,,,,
2000,9,8050001,0.5033333333333333,8050001,macapa,AP,,,,,,,,,,,,,,,,,,,
2000,9,8051010,2.49,8051010,macapa,AP,,,,,,,,,,,,,,,,,,,
2000,9,8051012,2.2066666666666666,8051012,porto grande,AP,,,,,,,,,,,,,,,,,,,
2000,9,8052000,4.6066666666666665,8052000,serra do navio,AP,,,,,,,,,,,,,,,,,,,
2000,9,8150000,0.24333333333333332,8150000,tartarugalzinho,AP,,,,,,,,,,,,,,,,,,,
2000,9,8150001,5.043333333333334,8150001,tartarugalzinho,AP,,,,,,,,,,,,,,,,,,,
2000,9,8151000,3.046666666666667,8151000,tartarugalzinho,AP,,,,,,,,,,,,,,,,,,,
2000,9,8250002,0.0,8250002,calcoene,AP,,,,,,,,,,,,,,,,,,,
2000,9,8250003,0.6233333333333333,8250003,amapa,AP,,,,,,,,,,,,,,,,,,,
2000,9,8251001,0.6766666666666666,8251001,calcoene,AP,,,,,,,,,,,,,,,,,,,
2000,9,8251004,1.1666666666666667,8251004,oiapoque,AP,,,,,,,,,,,,,,,,,,,
2000,9,8351002,1.0966666666666667,8351002,oiapoque,AP,,,,,,,,,,,,,,,,,,,
2000,10,51002,1.429032258064516,51002,mazagao,AP,,,,,,,,,,,,,,,,,,,
2000,10,51004,0.12580645161290321,51004,mazagao,AP,,,,,,,,,,,,,,,,,,,
2000,10,52003,0.4064516129032258,52003,mazagao,AP,,,,,,,,,,,,,,,,,,,
2000,10,771001,6.854838709677419,771001,tarauaca,AC,,,,,,,,,,,,,,,,,,,
2000,10,872000,6.922580645161291,872000,marechal thaumaturgo,AC,,,,,,,,,,,,,,,,,,,
2000,10,968004,11.929032258064517,968004,bujari,AC,,,,,,,,,,,,,,,,,,,
2000,10,972000,8.393548387096773,972000,marechal thaumaturgo,AC,,,,,,,,,,,,,,,,,,,
2000,10,1067002,2.7870967741935484,1067002,placido de castro,AC,,,,,,,,,,,,,,,,,,,
2000,10,1067003,3.5612903225806454,1067003,capixaba,AC,,,,,,,,,,,,,,,,,,,
2000,10,1068000,3.2,1068000,xapuri,AC,,,,,,,,,,,,,,,,,,,
2000,10,8050000,0.25806451612903225,8050000,macapa,AP,,,,,,,,,,,,,,,,,,,
2000,10,8050001,0.14516129032258066,8050001,macapa,AP,,,,,,,,,,,,,,,,,,,
2000,10,8051010,0.3709677419354839,8051010,macapa,AP,,,,,,,,,,,,,,,,,,,
2000,10,8051012,3.27741935483871,8051012,porto grande,AP,,,,,,,,,,,,,,,,,,,
2000,10,8052000,2.167741935483871,8052000,serra do navio,AP,,,,,,,,,,,,,,,,,,,
2000,10,8150000,0.3870967741935484,8150000,tartarugalzinho,AP,,,,,,,,,,,,,,,,,,,
2000,10,8150001,0.5516129032258065,8150001,tartarugalzinho,AP,,,,,,,,,,,,,,,,,,,
2000,10,8151000,0.27419354838709675,8151000,tartarugalzinho,AP,,,,,,,,,,,,,,,,,,,
2000,10,8250002,6.004166666666666,8250002,calcoene,AP,,,,,,,,,,,,,,,,,,,
2000,10,8250003,1.429032258064516,8250003,amapa,AP,,,,,,,,,,,,,,,,,,,
2000,10,8251001,0.40967741935483876,8251001,calcoene,AP,,,,,,,,,,,,,,,,,,,
2000,10,8251004,1.4903225806451614,8251004,oiapoque,AP,,,,,,,,,,,,,,,,,,,
2000,10,8351002,0.7612903225806452,8351002,oiapoque,AP,,,,,,,,,,,,,,,,,,,
2000,11,51002,0.8166666666666667,51002,mazagao,AP,,,,,,,,,,,,,,,,,,,
2000,11,51004,1.5666666666666667,51004,mazagao,AP,,,,,,,,,,,,,,,,,,,
2000,11,52003,0.0,52003,mazagao,AP,,,,,,,,,,,,,,,,,,,
2000,11,771001,6.516666666666667,771001,tarauaca,AC,,,,,,,,,,,,,,,,,,,
2000,11,872000,9.91,872000,marechal thaumaturgo,AC,,,,,,,,,,,,,,,,,,,
2000,11,968004,5.9766666666666675,968004,bujari,AC,,,,,,,,,,,,,,,,,,,
2000,11,972000,10.353333333333333,972000,marechal thaumaturgo,AC,,,,,,,,,,,,,,,,,,,
2000,11,1067002,7.663333333333333,1067002,placido de castro,AC,,,,,,,,,,,,,,,,,,,
2000,11,1067003,7.239999999999999,1067003,capixaba,AC,,,,,,,,,,,,,,,,,,,
2000,11,1068000,7.2,1068000,xapuri,AC,,,,,,,,,,,,,,,,,,,
2000,11,8050000,0.7133333333333333,8050000,macapa,AP,,,,,,,,,,,,,,,,,,,
2000,11,8050001,2.3966666666666665,8050001,macapa,AP,,,,,,,,,,,,,,,,,,,
2000,11,8051010,2.3466666666666667,8051010,macapa,AP,,,,,,,,,,,,,,,,,,,
2000,11,8051012,3.4066666666666667,8051012,porto grande,AP,,,,,,,,,,,,,,,,,,,
2000,11,8052000,1.27,8052000,serra do navio,AP,,,,,,,,,,,,,,,,,,,
2000,11,8150000,3.02,8150000,tartarugalzinho,AP,,,,,,,,,,,,,,,,,,,
2000,11,8150001,5.819999999999999,8150001,tartarugalzinho,AP,,,,,,,,,,,,,,,,,,,
2000,11,8151000,1.34,8151000,tartarugalzinho,AP,,,,,,,,,,,,,,,,,,,
2000,11,8250002,1.1033333333333333,8250002,calcoene,AP,,,,,,,,,,,,,,,,,,,
2000,11,8250003,1.8599999999999999,8250003,amapa,AP,,,,,,,,,,,,,,,,,,,
2000,11,8251001,1.6333333333333333,8251001,calcoene,AP,,,,,,,,,,,,,,,,,,,
2000,11,8251004,1.5833333333333333,8251004,oiapoque,AP,,,,,,,,,,,,,,,,,,,
2000,11,8351002,4.2266666666666675,8351002,oiapoque,AP,,,,,,,,,,,,,,,,,,,
2000,12,51002,1.8806451612903226,51002,mazagao,AP,,,,,,,,,,,,,,,,,,,
2000,12,51004,2.7193548387096773,51004,mazagao,AP,,,,,,,,,,,,,,,,,,,
2000,12,52003,5.821052631578947,52003,mazagao,AP,,,,,,,,,,,,,,,,,,,
2000,12,771001,5.854838709677419,771001,tarauaca,AC,,,,,,,,,,,,,,,,,,,
2000,12,872000,7.45483870967742,872000,marechal thaumaturgo,AC,,,,,,,,,,,,,,,,,,,
2000,12,968004,11.666666666666666,968004,bujari,AC,,,,,,,,,,,,,,,,,,,
2000,12,972000,7.4,972000,marechal thaumaturgo,AC,,,,,,,,,,,,,,,,,,,
2000,12,1067002,8.989473684210527,1067002,placido de castro,AC,,,,,,,,,,,,,,,,,,,
2000,12,1067003,2.883870967741936,1067003,capixaba,AC,,,,,,,,,,,,,,,,,,,
2000,12,1068000,3.374193548387097,1068000,xapuri,AC,,,,,,,,,,,,,,,,,,,
2000,12,8050000,1.070967741935484,8050000,macapa,AP,,,,,,,,,,,,,,,,,,,
2000,12,8050001,4.0935483870967735,8050001,macapa,AP,,,,,,,,,,,,,,,,,,,
2000,12,8051010,4.990322580645162,8051010,macapa,AP,,,,,,,,,,,,,,,,,,,
2000,12,8051012,3.3451612903225807,8051012,porto grande,AP,,,,,,,,,,,,,,,,,,,
2000,12,8052000,4.770967741935484,8052000,serra do navio,AP,,,,,,,,,,,,,,,,,,,
2000,12,8150000,4.019354838709678,8150000,tartarugalzinho,AP,,,,,,,,,,,,,,,,,,,
2000,12,8150001,8.22258064516129,8150001,tartarugalzinho,AP,,,,,,,,,,,,,,,,,,,
2000,12,8151000,11.55483870967742,8151000,tartarugalzinho,AP,,,,,,,,,,,,,,,,,,,
2000,12,8250002,11.474193548387097,8250002,calcoene,AP,,,,,,,,,,,,,,,,,,,
2000,12,8250003,9.425806451612903,8250003,amapa,AP,,,,,,,,,,,,,,,,,,,
2000,12,8251001,25.225806451612904,8251001,calcoene,AP,,,,,,,,,,,,,,,,,,,
2000,12,8251004,8.870967741935484,8251004,oiapoque,AP,,,,,,,,,,,,,,,,,,,
2000,12,8351002,6.625806451612903,8351002,oiapoque,AP,,,,,,,,,,,,,,,,,,,
2001,1,51002,9.32258064516129,51002,mazagao,AP,,,,,,,,,,,,,,,,,,,
2001,1,51004,8.951612903225806,51004,mazagao,AP,,,,,,,,,,,,,,,,,,,
2001,1,52003,9.990322580645161,52003,mazagao,AP,,,,,,,,,,,,,,,,,,,
2001,1,771001,5.683870967741935,771001,tarauaca,AC,,,,,,,,,,,,,,,,,,,
2001,1,872000,7.84516129032258,872000,marechal thaumaturgo,AC,,,,,,,,,,,,,,,,,,,
2001,1,968004,12.651612903225805,968004,bujari,AC,,,,,,,,,,,,,,,,,,,
2001,1,972000,11.774193548387096,972000,marechal thaumaturgo,AC,,,,,,,,,,,,,,,,,,,
2001,1,1067002,13.141935483870967,1067002,placido de castro,AC,,,,,,,,,,,,,,,,,,,
2001,1,1067003,8.7,1067003,capixaba,AC,,,,,,,,,,,,,,,,,,,
2001,1,1068000,7.606451612903226,1068000,xapuri,AC,,,,,,,,,,,,,,,,,,,
2001,1,8050000,3.351612903225807,8050000,macapa,AP,,,,,,,,,,,,,,,,,,,
2001,1,8050001,19.57741935483871,8050001,macapa,AP,,,,,,,,,,,,,,,,,,,
2001,1,8051010,14.46774193548387,8051010,macapa,AP,,,,,,,,,,,,,,,,,,,
2001,1,8051012,4.896774193548388,8051012,porto grande,AP,,,,,,,,,,,,,,,,,,,
2001,1,8052000,8.803225806451612,8052000,serra do navio,AP,,,,,,,,,,,,,,,,,,,
2001,1,8150000,15.358064516129033,8150000,tartarugalzinho,AP,,,,,,,,,,,,,,,,,,,
2001,1,8150001,24.33225806451613,8150001,tartarugalzinho,AP,,,,,,,,,,,,,,,,,,,
2001,1,8151000,24.40967741935484,8151000,tartarugalzinho,AP,,,,,,,,,,,,,,,,,,,
2001,1,8250002,53.84838709677419,8250002,calcoene,AP,,,,,,,,,,,,,,,,,,,
2001,1,8250003,29.9,8250003,amapa,AP,,,,,,,,,,,,,,,,,,,
2001,1,8251001,15.077419354838709,8251001,calcoene,AP,,,,,,,,,,,,,,,,,,,
2001,1,8251004,22.16774193548387,8251004,oiapoque,AP,,,,,,,,,,,,,,,,,,,
2001,1,8351002,14.612903225806452,8351002,oiapoque,AP,,,,,,,,,,,,,,,,,,,
2001,2,51002,9.15,51002,mazagao,AP,,,,,,,,,,,,,,,,,,,
2001,2,51004,9.426315789473684,51004,mazagao,AP,,,,,,,,,,,,,,,,,,,
2001,2,52003,5.571428571428571,52003,mazagao,AP,,,,,,,,,,,,,,,,,,,
2001,2,771001,8.707142857142857,771001,tarauaca,AC,,,,,,,,,,,,,,,,,,,
2001,2,872000,4.242857142857143,872000,marechal thaumaturgo,AC,,,,,,,,,,,,,,,,,,,
2001,2,968004,11.853571428571428,968004,bujari,AC,,,,,,,,,,,,,,,,,,,
2001,2,972000,6.742857142857143,972000,marechal thaumaturgo,AC,,,,,,,,,,,,,,,,,,,
2001,2,1067002,10.607142857142858,1067002,placido de castro,AC,,,,,,,,,,,,,,,,,,,
2001,2,1067003,6.310714285714286,1067003,capixaba,AC,,,,,,,,,,,,,,,,,,,
2001,2,1068000,6.264285714285714,1068000,xapuri,AC,,,,,,,,,,,,,,,,,,,
2001,2,8050000,13.546428571428573,8050000,macapa,AP,,,,,,,,,,,,,,,,,,,
2001,2,8050001,19.42142857142857,8050001,macapa,AP,,,,,,,,,,,,,,,,,,,
2001,2,8051010,16.82857142857143,8051010,macapa,AP,,,,,,,,,,,,,,,,,,,
2001,2,8051012,5.996428571428572,8051012,porto grande,AP,,,,,,,,,,,,,,,,,,,
2001,2,8052000,10.828571428571427,8052000,serra do navio,AP,,,,,,,,,,,,,,,,,,,
2001,2,8150000,18.62142857142857,8150000,tartarugalzinho,AP,,,,,,,,,,,,,,,,,,,
2001,2,8150001,12.310714285714285,8150001,tartarugalzinho,AP,,,,,,,,,,,,,,,,,,,
2001,2,8151000,25.560714285714283,8151000,tartarugalzinho,AP,,,,,,,,,,,,,,,,,,,
2001,2,8250002,32.607142857142854,8250002,calcoene,AP,,,,,,,,,,,,,,,,,,,
2001,2,8250003,27.599999999999998,8250003,amapa,AP,,,,,,,,,,,,,,,,,,,
2001,2,8251001,34.43214285714286,8251001,calcoene,AP,,,,,,,,,,,,,,,,,,,
2001,2,8251004,17.996428571428574,8251004,oiapoque,AP,,,,,,,,,,,,,,,,,,,
2001,2,8351002,9.892857142857142,8351002,oiapoque,AP,,,,,,,,,,,,,,,,,,,
2001,3,51002,4.806451612903226,51002,mazagao,AP,,,,,,,,,,,,,,,,,,,
2001,3,51004,,51004,mazagao,AP,,,,,,,,,,,,,,,,,,,
2001,3,52003,5.409677419354838,52003,mazagao,AP,,,,,,,,,,,,,,,,,,,
2001,3,771001,8.725806451612904,771001,tarauaca,AC,,,,,,,,,,,,,,,,,,,
2001,3,872000,6.461290322580646,872000,marechal thaumaturgo,AC,,,,,,,,,,,,,,,,,,,
2001,3,968004,13.626,968004,bujari,AC,,,,,,,,,,,,,,,,,,,
2001,3,972000,10.845161290322581,972000,marechal thaumaturgo,AC,,,,,,,,,,,,,,,,,,,
2001,3,1067002,4.212903225806452,1067002,placido de castro,AC,,,,,,,,,,,,,,,,,,,
2001,3,1067003,5.593548387096774,1067003,capixaba,AC,,,,,,,,,,,,,,,,,,,
2001,3,1068000,9.064516129032258,1068000,xapuri,AC,,,,,,,,,,,,,,,,,,,
2001,3,8050000,8.158064516129032,8050000,macapa,AP,,,,,,,,,,,,,,,,,,,
2001,3,8050001,11.574193548387097,8050001,macapa,AP,,,,,,,,,,,,,,,,,,,
2001,3,8051010,8.693548387096774,8051010,macapa,AP,,,,,,,,,,,,,,,,,,,
2001,3,8051012,3.064516129032258,8051012,porto grande,AP,,,,,,,,,,,,,,,,,,,
2001,3,8052000,7.306451612903226,8052000,serra do navio,AP,,,,,,,,,,,,,,,,,,,
2001,3,8150000,14.03225806451613,8150000,tartarugalzinho,AP,,,,,,,,,,,,,,,,,,,
2001,3,8150001,20.725806451612904,8150001,tartarugalzinho,AP,,,,,,,,,,,,,,,,,,,
2001,3,8151000,20.687096774193545,8151000,tartarugalzinho,AP,,,,,,,,,,,,,,,,,,,
2001,3,8250002,15.03225806451613,8250002,calcoene,AP,,,,,,,,,,,,,,,,,,,
2001,3,8250003,19.661290322580644,8250003,amapa,AP,,,,,,,,,,,,,,,,,,,
2001,3,8251001,25.870967741935484,8251001,calcoene,AP,,,,,,,,,,,,,,,,,,,
2001,3,8251004,12.754838709677419,8251004,oiapoque,AP,,,,,,,,,,,,,,,,,,,
2001,3,8351002,7.958064516129032,8351002,oiapoque,AP,,,,,,,,,,,,,,,,,,,
2001,4,51002,7.8933333333333335,51002,mazagao,AP,,,,,,,,,,,,,,,,,,,
2001,4,51004,,51004,mazagao,AP,,,,,,,,,,,,,,,,,,,
2001,4,52003,12.063333333333333,52003,mazagao,AP,,,,,,,,,,,,,,,,,,,
2001,4,771001,8.593333333333334,771001,tarauaca,AC,,,,,,,,,,,,,,,,,,,
2001,4,872000,5.026666666666667,872000,marechal thaumaturgo,AC,,,,,,,,,,,,,,,,,,,
2001,4,968004,3.23,968004,bujari,AC,,,,,,,,,,,,,,,,,,,
2001,4,972000,4.65,972000,marechal thaumaturgo,AC,,,,,,,,,,,,,,,,,,,
2001,4,1067002,4.133333333333334,1067002,placido de castro,AC,,,,,,,,,,,,,,,,,,,
2001,4,1067003,3.463333333333333,1067003,capixaba,AC,,,,,,,,,,,,,,,,,,,
2001,4,1068000,2.8400000000000003,1068000,xapuri,AC,,,,,,,,,,,,,,,,,,,
2001,4,8050000,8.15,8050000,macapa,AP,,,,,,,,,,,,,,,,,,,
2001,4,8050001,35.626666666666665,8050001,macapa,AP,,,,,,,,,,,,,,,,,,,
2001,4,8051010,9.496666666666666,8051010,macapa,AP,,,,,,,,,,,,,,,,,,,
2001,4,8051012,3.7666666666666666,8051012,porto grande,AP,,,,,,,,,,,,,,,,,,,
2001,4,8052000,14.2,8052000,serra do navio,AP,,,,,,,,,,,,,,,,,,,
2001,4,8150000,15.496666666666666,8150000,tartarugalzinho,AP,,,,,,,,,,,,,,,,,,,
2001,4,8150001,16.093333333333334,8150001,tartarugalzinho,AP,,,,,,,,,,,,,,,,,,,
2001,4,8151000,19.616666666666667,8151000,tartarugalzinho,AP,,,,,,,,,,,,,,,,,,,
2001,4,8250002,25.726666666666667,8250002,calcoene,AP,,,,,,,,,,,,,,,,,,,
2001,4,8250003,26.446666666666665,8250003,amapa,AP,,,,,,,,,,,,,,,,,,,
2001,4,8251001,32.04,8251001,calcoene,AP,,,,,,,,,,,,,,,,,,,
2001,4,8251004,22.209999999999997,8251004,oiapoque,AP,,,,,,,,,,,,,,,,,,,
2001,4,8351002,17.36,8351002,oiapoque,AP,,,,,,,,,,,,,,,,,,,
2001,5,51002,4.496774193548387,51002,mazagao,AP,,,,,,,,,,,,,,,,,,,
2001,5,51004,,51004,mazagao,AP,,,,,,,,,,,,,,,,,,,
2001,5,52003,9.167741935483871,52003,mazagao,AP,,,,,,,,,,,,,,,,,,,
2001,5,771001,3.8741935483870966,771001,tarauaca,AC,,,,,,,,,,,,,,,,,,,
2001,5,872000,3.458064516129032,872000,marechal thaumaturgo,AC,,,,,,,,,,,,,,,,,,,
2001,5,968004,2.14,968004,bujari,AC,,,,,,,,,,,,,,,,,,,
2001,5,972000,2.767741935483871,972000,marechal thaumaturgo,AC,,,,,,,,,,,,,,,,,,,
2001,5,1067002,0.8387096774193549,1067002,placido de castro,AC,,,,,,,,,,,,,,,,,,,
2001,5,1067003,0.4161290322580645,1067003,capixaba,AC,,,,,,,,,,,,,,,,,,,
2001,5,1068000,3.0774193548387094,1068000,xapuri,AC,,,,,,,,,,,,,,,,,,,
2001,5,8050000,3.767741935483871,8050000,macapa,AP,,,,,,,,,,,,,,,,,,,
2001,5,8050001,8.976666666666667,8050001,macapa,AP,,,,,,,,,,,,,,,,,,,
2001,5,8051010,6.706451612903226,8051010,macapa,AP,,,,,,,,,,,,,,,,,,,
2001,5,8051012,3.5612903225806454,8051012,porto grande,AP,,,,,,,,,,,,,,,,,,,
2001,5,8052000,8.048387096774194,8052000,serra do navio,AP,,,,,,,,,,,,,,,,,,,
2001,5,8150000,10.90967741935484,8150000,tartarugalzinho,AP,,,,,,,,,,,,,,,,,,,
2001,5,8150001,17.041935483870965,8150001,tartarugalzinho,AP,,,,,,,,,,,,,,,,,,,
2001,5,8151000,12.345161290322581,8151000,tartarugalzinho,AP,,,,,,,,,,,,,,,,,,,
2001,5,8250002,21.17096774193548,8250002,calcoene,AP,,,,,,,,,,,,,,,,,,,
2001,5,8250003,21.567741935483873,8250003,amapa,AP,,,,,,,,,,,,,,,,,,,
2001,5,8251001,26.270967741935483,8251001,calcoene,AP,,,,,,,,,,,,,,,,,,,
2001,5,8251004,27.79032258064516,8251004,oiapoque,AP,,,,,,,,,,,,,,,,,,,
2001,5,8351002,22.812903225806455,8351002,oiapoque,AP,,,,,,,,,,,,,,,,,,,
2001,6,51002,4.846666666666667,51002,mazagao,AP,,,,,,,,,,,,,,,,,,,
2001,6,51004,10.675,51004,mazagao,AP,,,,,,,,,,,,,,,,,,,
2001,6,52003,5.640000000000001,52003,mazagao,AP,,,,,,,,,,,,,,,,,,,
2001,6,771001,0.2866666666666667,771001,tarauaca,AC,,,,,,,,,,,,,,,,,,,
2001,6,872000,0.8666666666666667,872000,marechal thaumaturgo,AC,,,,,,,,,,,,,,,,,,,
2001,6,968004,1.2866666666666666,968004,bujari,AC,,,,,,,,,,,,,,,,,,,
2001,6,972000,5.593333333333334,972000,marechal thaumaturgo,AC,,,,,,,,,,,,,,,,,,,
2001,6,1067002,0.9966666666666666,1067002,placido de castro,AC,,,,,,,,,,,,,,,,,,,
2001,6,1067003,2.2666666666666666,1067003,capixaba,AC,,,,,,,,,,,,,,,,,,,
2001,6,1068000,0.0,1068000,xapuri,AC,,,,,,,,,,,,,,,,,,,
2001,6,8050000,2.783333333333333,8050000,macapa,AP,,,,,,,,,,,,,,,,,,,
2001,6,8050001,13.606666666666666,8050001,macapa,AP,,,,,,,,,,,,,,,,,,,
2001,6,8051010,6.65,8051010,macapa,AP,,,,,,,,,,,,,,,,,,,
2001,6,8051012,5.356666666666667,8051012,porto grande,AP,,,,,,,,,,,,,,,,,,,
2001,6,8052000,9.379999999999999,8052000,serra do navio,AP,,,,,,,,,,,,,,,,,,,
2001,6,8150000,7.443333333333333,8150000,tartarugalzinho,AP,,,,,,,,,,,,,,,,,,,
2001,6,8150001,19.936666666666667,8150001,tartarugalzinho,AP,,,,,,,,,,,,,,,,,,,
2001,6,8151000,9.716666666666667,8151000,tartarugalzinho,AP,,,,,,,,,,,,,,,,,,,
2001,6,8250002,11.826666666666666,8250002,calcoene,AP,,,,,,,,,,,,,,,,,,,
2001,6,8250003,11.213333333333333,8250003,amapa,AP,,,,,,,,,,,,,,,,,,,
2001,6,8251001,6.02,8251001,calcoene,AP,,,,,,,,,,,,,,,,,,,
2001,6,8251004,11.376666666666667,8251004,oiapoque,AP,,,,,,,,,,,,,,,,,,,
2001,6,8351002,10.91,8351002,oiapoque,AP,,,,,,,,,,,,,,,,,,,
2001,7,51002,1.0096774193548388,51002,mazagao,AP,,,,,,,,,,,,,,,,,,,
2001,7,51004,2.8096774193548386,51004,mazagao,AP,,,,,,,,,,,,,,,,,,,
2001,7,52003,4.325806451612903,52003,mazagao,AP,,,,,,,,,,,,,,,,,,,
2001,7,771001,0.8322580645161289,771001,tarauaca,AC,,,,,,,,,,,,,,,,,,,
2001,7,872000,0.6161290322580646,872000,marechal thaumaturgo,AC,,,,,,,,,,,,,,,,,,,
2001,7,968004,5.970967741935484,968004,bujari,AC,,,,,,,,,,,,,,,,,,,
2001,7,972000,0.8290322580645161,972000,marechal thaumaturgo,AC,,,,,,,,,,,,,,,,,,,
2001,7,1067002,1.4451612903225806,1067002,placido de castro,AC,,,,,,,,,,,,,,,,,,,
2001,7,1067003,0.832258064516129,1067003,capixaba,AC,,,,,,,,,,,,,,,,,,,
2001,7,1068000,0.0,1068000,xapuri,AC,,,,,,,,,,,,,,,,,,,
2001,7,8050000,3.980645161290323,8050000,macapa,AP,,,,,,,,,,,,,,,,,,,
2001,7,8050001,3.261290322580645,8050001,macapa,AP,,,,,,,,,,,,,,,,,,,
2001,7,8051010,2.458064516129032,8051010,macapa,AP,,,,,,,,,,,,,,,,,,,
2001,7,8051012,2.6451612903225805,8051012,porto grande,AP,,,,,,,,,,,,,,,,,,,
2001,7,8052000,3.803225806451613,8052000,serra do navio,AP,,,,,,,,,,,,,,,,,,,
2001,7,8150000,5.574193548387097,8150000,tartarugalzinho,AP,,,,,,,,,,,,,,,,,,,
2001,7,8150001,9.416129032258064,8150001,tartarugalzinho,AP,,,,,,,,,,,,,,,,,,,
2001,7,8151000,6.212903225806452,8151000,tartarugalzinho,AP,,,,,,,,,,,,,,,,,,,
2001,7,8250002,7.764516129032257,8250002,calcoene,AP,,,,,,,,,,,,,,,,,,,
2001,7,8250003,7.1,8250003,amapa,AP,,,,,,,,,,,,,,,,,,,
2001,7,8251001,1.5129032258064516,8251001,calcoene,AP,,,,,,,,,,,,,,,,,,,
2001,7,8251004,6.274193548387097,8251004,oiapoque,AP,,,,,,,,,,,,,,,,,,,
2001,7,8351002,10.90967741935484,8351002,oiapoque,AP,,,,,,,,,,,,,,,,,,,
2001,8,51002,0.5516129032258065,51002,mazagao,AP,,,,,,,,,,,,,,,,,,,
2001,8,51004,2.267741935483871,51004,mazagao,AP,,,,,,,,,,,,,,,,,,,
2001,8,52003,1.8193548387096774,52003,mazagao,AP,,,,,,,,,,,,,,,,,,,
2001,8,771001,0.03225806451612903,771001,tarauaca,AC,,,,,,,,,,,,,,,,,,,
2001,8,872000,1.0677419354838709,872000,marechal thaumaturgo,AC,,,,,,,,,,,,,,,,,,,
2001,8,968004,0.0,968004,bujari,AC,,,,,,,,,,,,,,,,,,,
2001,8,972000,0.4838709677419355,972000,marechal thaumaturgo,AC,,,,,,,,,,,,,,,,,,,
2001,8,1067002,1.6451612903225807,1067002,placido de castro,AC,,,,,,,,,,,,,,,,,,,
2001,8,1067003,0.27741935483870966,1067003,capixaba,AC,,,,,,,,,,,,,,,,,,,
2001,8,1068000,0.3548387096774194,1068000,xapuri,AC,,,,,,,,,,,,,,,,,,,
2001,8,8050000,0.7419354838709677,8050000,macapa,AP,,,,,,,,,,,,,,,,,,,
2001,8,8050001,1.7516129032258063,8050001,macapa,AP,,,,,,,,,,,,,,,,,,,
2001,8,8051010,1.5838709677419356,8051010,macapa,AP,,,,,,,,,,,,,,,,,,,
2001,8,8051012,1.5838709677419356,8051012,porto grande,AP,,,,,,,,,,,,,,,,,,,
2001,8,8052000,3.787096774193548,8052000,serra do navio,AP,,,,,,,,,,,,,,,,,,,
2001,8,8150000,3.0290322580645164,8150000,tartarugalzinho,AP,,,,,,,,,,,,,,,,,,,
2001,8,8150001,3.3870967741935485,8150001,tartarugalzinho,AP,,,,,,,,,,,,,,,,,,,
2001,8,8151000,4.467741935483871,8151000,tartarugalzinho,AP,,,,,,,,,,,,,,,,,,,
2001,8,8250002,1.1387096774193548,8250002,calcoene,AP,,,,,,,,,,,,,,,,,,,
2001,8,8250003,1.829032258064516,8250003,amapa,AP,,,,,,,,,,,,,,,,,,,
2001,8,8251001,0.7290322580645162,8251001,calcoene,AP,,,,,,,,,,,,,,,,,,,
2001,8,8251004,1.9516129032258065,8251004,oiapoque,AP,,,,,,,,,,,,,,,,,,,
2001,8,8351002,1.9483870967741934,8351002,oiapoque,AP,,,,,,,,,,,,,,,,,,,
2001,9,51002,0.8333333333333334,51002,mazagao,AP,,,,,,,,,,,,,,,,,,,
2001,9,51004,1.0433333333333334,51004,mazagao,AP,,,,,,,,,,,,,,,,,,,
2001,9,52003,0.6433333333333333,52003,mazagao,AP,,,,,,,,,,,,,,,,,,,
2001,9,771001,2.9966666666666666,771001,tarauaca,AC,,,,,,,,,,,,,,,,,,,
2001,9,872000,8.18,872000,marechal thaumaturgo,AC,,,,,,,,,,,,,,,,,,,
2001,9,968004,0.95,968004,bujari,AC,,,,,,,,,,,,,,,,,,,
2001,9,972000,5.329999999999999,972000,marechal thaumaturgo,AC,,,,,,,,,,,,,,,,,,,
2001,9,1067002,2.4,1067002,placido de castro,AC,,,,,,,,,,,,,,,,,,,
2001,9,1067003,3.65,1067003,capixaba,AC,,,,,,,,,,,,,,,,,,,
2001,9,1068000,1.57,1068000,xapuri,AC,,,,,,,,,,,,,,,,,,,
2001,9,8050000,0.043333333333333335,8050000,macapa,AP,,,,,,,,,,,,,,,,,,,
2001,9,8050001,0.07,8050001,macapa,AP,,,,,,,,,,,,,,,,,,,
2001,9,8051010,0.9166666666666666,8051010,macapa,AP,,,,,,,,,,,,,,,,,,,
2001,9,8051012,1.1400000000000001,8051012,porto grande,AP,,,,,,,,,,,,,,,,,,,
2001,9,8052000,2.6733333333333333,8052000,serra do navio,AP,,,,,,,,,,,,,,,,,,,
2001,9,8150000,0.15666666666666668,8150000,tartarugalzinho,AP,,,,,,,,,,,,,,,,,,,
2001,9,8150001,2.1333333333333333,8150001,tartarugalzinho,AP,,,,,,,,,,,,,,,,,,,
2001,9,8151000,2.6333333333333333,8151000,tartarugalzinho,AP,,,,,,,,,,,,,,,,,,,
2001,9,8250002,0.4933333333333333,8250002,calcoene,AP,,,,,,,,,,,,,,,,,,,
2001,9,8250003,0.29,8250003,amapa,AP,,,,,,,,,,,,,,,,,,,
2001,9,8251001,0.0,8251001,calcoene,AP,,,,,,,,,,,,,,,,,,,
2001,9,8251004,0.10333333333333333,8251004,oiapoque,AP,,,,,,,,,,,,,,,,,,,
2001,9,8351002,2.2866666666666666,8351002,oiapoque,AP,,,,,,,,,,,,,,,,,,,
2001,10,51002,1.2677419354838708,51002,mazagao,AP,,,,,,,,,,,,,,,,,,,
2001,10,51004,1.2258064516129032,51004,mazagao,AP,,,,,,,,,,,,,,,,,,,
2001,10,52003,0.3225806451612903,52003,mazagao,AP,,,,,,,,,,,,,,,,,,,
2001,10,771001,1.3870967741935485,771001,tarauaca,AC,,,,,,,,,,,,,,,,,,,
2001,10,872000,7.687096774193549,872000,marechal thaumaturgo,AC,,,,,,,,,,,,,,,,,,,
2001,10,968004,6.854838709677419,968004,bujari,AC,,,,,,,,,,,,,,,,,,,
2001,10,972000,4.709677419354839,972000,marechal thaumaturgo,AC,,,,,,,,,,,,,,,,,,,
2001,10,1067002,6.109677419354839,1067002,placido de castro,AC,,,,,,,,,,,,,,,,,,,
2001,10,1067003,5.487096774193549,1067003,capixaba,AC,,,,,,,,,,,,,,,,,,,
2001,10,1068000,4.967741935483871,1068000,xapuri,AC,,,,,,,,,,,,,,,,,,,
2001,10,8050000,0.054838709677419356,8050000,macapa,AP,,,,,,,,,,,,,,,,,,,
2001,10,8050001,0.0064516129032258064,8050001,macapa,AP,,,,,,,,,,,,,,,,,,,
2001,10,8051010,2.2806451612903227,8051010,macapa,AP,,,,,,,,,,,,,,,,,,,
2001,10,8051012,1.5516129032258066,8051012,porto grande,AP,,,,,,,,,,,,,,,,,,,
2001,10,8052000,2.509677419354839,8052000,serra do navio,AP,,,,,,,,,,,,,,,,,,,
2001,10,8150000,0.0935483870967742,8150000,tartarugalzinho,AP,,,,,,,,,,,,,,,,,,,
2001,10,8150001,3.7677419354838713,8150001,tartarugalzinho,AP,,,,,,,,,,,,,,,,,,,
2001,10,8151000,1.132258064516129,8151000,tartarugalzinho,AP,,,,,,,,,,,,,,,,,,,
2001,10,8250002,0.8225806451612904,8250002,calcoene,AP,,,,,,,,,,,,,,,,,,,
2001,10,8250003,0.7387096774193548,8250003,amapa,AP,,,,,,,,,,,,,,,,,,,
2001,10,8251001,0.0,8251001,calcoene,AP,,,,,,,,,,,,,,,,,,,
2001,10,8251004,0.5741935483870968,8251004,oiapoque,AP,,,,,,,,,,,,,,,,,,,
2001,10,8351002,0.6806451612903226,8351002,oiapoque,AP,,,,,,,,,,,,,,,,,,,
2001,11,51002,0.016666666666666666,51002,mazagao,AP,,,,,,,,,,,,,,,,,,,
2001,11,51004,1.9133333333333333,51004,mazagao,AP,,,,,,,,,,,,,,,,,,,
2001,11,52003,0.97,52003,mazagao,AP,,,,,,,,,,,,,,,,,,,
2001,11,771001,4.38,771001,tarauaca,AC,,,,,,,,,,,,,,,,,,,
2001,11,872000,3.68,872000,marechal thaumaturgo,AC,,,,,,,,,,,,,,,,,,,
2001,11,968004,2.1666666666666665,968004,bujari,AC,,,,,,,,,,,,,,,,,,,
2001,11,972000,6.576666666666667,972000,marechal thaumaturgo,AC,,,,,,,,,,,,,,,,,,,
2001,11,1067002,11.186666666666667,1067002,placido de castro,AC,,,,,,,,,,,,,,,,,,,
2001,11,1067003,6.493333333333334,1067003,capixaba,AC,,,,,,,,,,,,,,,,,,,
2001,11,1068000,4.1066666666666665,1068000,xapuri,AC,,,,,,,,,,,,,,,,,,,
2001,11,8050000,,8050000,macapa,AP,,,,,,,,,,,,,,,,,,,
2001,11,8050001,0.0,8050001,macapa,AP,,,,,,,,,,,,,,,,,,,
2001,11,8051010,0.030000000000000002,8051010,macapa,AP,,,,,,,,,,,,,,,,,,,
2001,11,8051012,0.5700000000000001,8051012,porto grande,AP,,,,,,,,,,,,,,,,,,,
2001,11,8052000,3.533333333333333,8052000,serra do navio,AP,,,,,,,,,,,,,,,,,,,
2001,11,8150000,0.6933333333333332,8150000,tartarugalzinho,AP,,,,,,,,,,,,,,,,,,,
2001,11,8150001,3.1566666666666667,8150001,tartarugalzinho,AP,,,,,,,,,,,,,,,,,,,
2001,11,8151000,1.1333333333333333,8151000,tartarugalzinho,AP,,,,,,,,,,,,,,,,,,,
2001,11,8250002,1.4433333333333336,8250002,calcoene,AP,,,,,,,,,,,,,,,,,,,
2001,11,8250003,0.32,8250003,amapa,AP,,,,,,,,,,,,,,,,,,,
2001,11,8251001,0.05333333333333334,8251001,calcoene,AP,,,,,,,,,,,,,,,,,,,
2001,11,8251004,0.93,8251004,oiapoque,AP,,,,,,,,,,,,,,,,,,,
2001,11,8351002,1.5966666666666667,8351002,oiapoque,AP,,,,,,,,,,,,,,,,,,,
2001,12,51002,0.970967741935484,51002,mazagao,AP,,,,,,,,,,,,,,,,,,,
2001,12,51004,0.8709677419354839,51004,mazagao,AP,,,,,,,,,,,,,,,,,,,
2001,12,52003,1.0774193548387097,52003,mazagao,AP,,,,,,,,,,,,,,,,,,,
2001,12,771001,10.100000000000001,771001,tarauaca,AC,,,,,,,,,,,,,,,,,,,
2001,12,872000,7.961290322580645,872000,marechal thaumaturgo,AC,,,,,,,,,,,,,,,,,,,
2001,12,968004,7.912903225806452,968004,bujari,AC,,,,,,,,,,,,,,,,,,,
2001,12,972000,9.906451612903224,972000,marechal thaumaturgo,AC,,,,,,,,,,,,,,,,,,,
2001,12,1067002,5.209677419354839,1067002,placido de castro,AC,,,,,,,,,,,,,,,,,,,
2001,12,1067003,3.2225806451612904,1067003,capixaba,AC,,,,,,,,,,,,,,,,,,,
2001,12,1068000,7.774193548387097,1068000,xapuri,AC,,,,,,,,,,,,,,,,,,,
2001,12,8050000,0.9333333333333331,8050000,macapa,AP,,,,,,,,,,,,,,,,,,,
2001,12,8050001,1.632258064516129,8050001,macapa,AP,,,,,,,,,,,,,,,,,,,
2001,12,8051010,2.3967741935483873,8051010,macapa,AP,,,,,,,,,,,,,,,,,,,
2001,12,8051012,2.070967741935484,8051012,porto grande,AP,,,,,,,,,,,,,,,,,,,
2001,12,8052000,1.4483870967741934,8052000,serra do navio,AP,,,,,,,,,,,,,,,,,,,
2001,12,8150000,1.103225806451613,8150000,tartarugalzinho,AP,,,,,,,,,,,,,,,,,,,
2001,12,8150001,5.819354838709677,8150001,tartarugalzinho,AP,,,,,,,,,,,,,,,,,,,
2001,12,8151000,1.6064516129032258,8151000,tartarugalzinho,AP,,,,,,,,,,,,,,,,,,,
2001,12,8250002,3.42258064516129,8250002,calcoene,AP,,,,,,,,,,,,,,,,,,,
2001,12,8250003,3.7193548387096773,8250003,amapa,AP,,,,,,,,,,,,,,,,,,,
2001,12,8251001,0.864516129032258,8251001,calcoene,AP,,,,,,,,,,,,,,,,,,,
2001,12,8251004,3.390322580645161,8251004,oiapoque,AP,,,,,,,,,,,,,,,,,,,
2001,12,8351002,4.422580645161291,8351002,oiapoque,AP,,,,,,,,,,,,,,,,,,,
2002,1,51002,3.0580645161290323,51002,mazagao,AP,,,,,,,,,,,,,,,,,,,
2002,1,51004,9.858064516129033,51004,mazagao,AP,,,,,,,,,,,,,,,,,,,
2002,1,52003,5.341935483870968,52003,mazagao,AP,,,,,,,,,,,,,,,,,,,
2002,1,771001,7.329032258064516,771001,tarauaca,AC,,,,,,,,,,,,,,,,,,,
2002,1,872000,8.383870967741935,872000,marechal thaumaturgo,AC,,,,,,,,,,,,,,,,,,,
2002,1,968004,6.838709677419355,968004,bujari,AC,,,,,,,,,,,,,,,,,,,
2002,1,972000,10.587096774193547,972000,marechal thaumaturgo,AC,,,,,,,,,,,,,,,,,,,
2002,1,1067002,10.135483870967741,1067002,placido de castro,AC,,,,,,,,,,,,,,,,,,,
2002,1,1067003,5.7290322580645165,1067003,capixaba,AC,,,,,,,,,,,,,,,,,,,
2002,1,1068000,4.690322580645161,1068000,xapuri,AC,,,,,,,,,,,,,,,,,,,
2002,1,8050000,9.161290322580646,8050000,macapa,AP,,,,,,,,,,,,,,,,,,,
2002,1,8050001,3.97741935483871,8050001,macapa,AP,,,,,,,,,,,,,,,,,,,
2002,1,8051010,12.154838709677419,8051010,macapa,AP,,,,,,,,,,,,,,,,,,,
2002,1,8051012,7.9,8051012,porto grande,AP,,,,,,,,,,,,,,,,,,,
2002,1,8052000,7.612903225806452,8052000,serra do navio,AP,,,,,,,,,,,,,,,,,,,
2002,1,8150000,10.635483870967741,8150000,tartarugalzinho,AP,,,,,,,,,,,,,,,,,,,
2002,1,8150001,19.59032258064516,8150001,tartarugalzinho,AP,,,,,,,,,,,,,,,,,,,
2002,1,8151000,9.86774193548387,8151000,tartarugalzinho,AP,,,,,,,,,,,,,,,,,,,
2002,1,8250002,18.970967741935485,8250002,calcoene,AP,,,,,,,,,,,,,,,,,,,
2002,1,8250003,26.51290322580645,8250003,amapa,AP,,,,,,,,,,,,,,,,,,,
2002,1,8251001,19.84193548387097,8251001,calcoene,AP,,,,,,,,,,,,,,,,,,,
2002,1,8251004,13.077419354838709,8251004,oiapoque,AP,,,,,,,,,,,,,,,,,,,
2002,1,8351002,10.42258064516129,8351002,oiapoque,AP,,,,,,,,,,,,,,,,,,,
2002,2,51002,10.757142857142856,51002,mazagao,AP,,,,,,,,,,,,,,,,,,,
2002,2,51004,9.428571428571429,51004,mazagao,AP,,,,,,,,,,,,,,,,,,,
2002,2,52003,4.692857142857143,52003,mazagao,AP,,,,,,,,,,,,,,,,,,,
2002,2,771001,6.864285714285715,771001,tarauaca,AC,,,,,,,,,,,,,,,,,,,
2002,2,872000,4.814285714285714,872000,marechal thaumaturgo,AC,,,,,,,,,,,,,,,,,,,
2002,2,968004,14.775,968004,bujari,AC,,,,,,,,,,,,,,,,,,,
2002,2,972000,10.464285714285714,972000,marechal thaumaturgo,AC,,,,,,,,,,,,,,,,,,,
2002,2,1067002,8.257142857142858,1067002,placido de castro,AC,,,,,,,,,,,,,,,,,,,
2002,2,1067003,10.739285714285714,1067003,capixaba,AC,,,,,,,,,,,,,,,,,,,
2002,2,1068000,4.807142857142857,1068000,xapuri,AC,,,,,,,,,,,,,,,,,,,
2002,2,8050000,10.946428571428571,8050000,macapa,AP,,,,,,,,,,,,,,,,,,,
2002,2,8050001,20.521428571428572,8050001,macapa,AP,,,,,,,,,,,,,,,,,,,
2002,2,8051010,12.892857142857142,8051010,macapa,AP,,,,,,,,,,,,,,,,,,,
2002,2,8051012,12.571428571428571,8051012,porto grande,AP,,,,,,,,,,,,,,,,,,,
2002,2,8052000,9.05,8052000,serra do navio,AP,,,,,,,,,,,,,,,,,,,
2002,2,8150000,12.375,8150000,tartarugalzinho,AP,,,,,,,,,,,,,,,,,,,
2002,2,8150001,24.239285714285717,8150001,tartarugalzinho,AP,,,,,,,,,,,,,,,,,,,
2002,2,8151000,19.88214285714286,8151000,tartarugalzinho,AP,,,,,,,,,,,,,,,,,,,
2002,2,8250002,20.860714285714288,8250002,calcoene,AP,,,,,,,,,,,,,,,,,,,
2002,2,8250003,23.125,8250003,amapa,AP,,,,,,,,,,,,,,,,,,,
2002,2,8251001,32.260714285714286,8251001,calcoene,AP,,,,,,,,,,,,,,,,,,,
2002,2,8251004,16.40357142857143,8251004,oiapoque,AP,,,,,,,,,,,,,,,,,,,
2002,2,8351002,18.125,8351002,oiapoque,AP,,,,,,,,,,,,,,,,,,,
2002,3,51002,8.654838709677419,51002,mazagao,AP,,,,,,,,,,,,,,,,,,,
2002,3,51004,7.6,51004,mazagao,AP,,,,,,,,,,,,,,,,,,,
2002,3,52003,6.829032258064516,52003,mazagao,AP,,,,,,,,,,,,,,,,,,,
2002,3,771001,3.9612903225806453,771001,tarauaca,AC,,,,,,,,,,,,,,,,,,,
2002,3,872000,5.254838709677419,872000,marechal thaumaturgo,AC,,,,,,,,,,,,,,,,,,,
2002,3,968004,8.17741935483871,968004,bujari,AC,,,,,,,,,,,,,,,,,,,
2002,3,972000,5.429032258064517,972000,marechal thaumaturgo,AC,,,,,,,,,,,,,,,,,,,
2002,3,1067002,6.235483870967743,1067002,placido de castro,AC,,,,,,,,,,,,,,,,,,,
2002,3,1067003,4.551612903225807,1067003,capixaba,AC,,,,,,,,,,,,,,,,,,,
2002,3,1068000,4.858064516129032,1068000,xapuri,AC,,,,,,,,,,,,,,,,,,,
2002,3,8050000,13.600000000000001,8050000,macapa,AP,,,,,,,,,,,,,,,,,,,
2002,3,8050001,12.94516129032258,8050001,macapa,AP,,,,,,,,,,,,,,,,,,,
2002,3,8051010,12.912903225806451,8051010,macapa,AP,,,,,,,,,,,,,,,,,,,
2002,3,8051012,15.745161290322581,8051012,porto grande,AP,,,,,,,,,,,,,,,,,,,
2002,3,8052000,11.76774193548387,8052000,serra do navio,AP,,,,,,,,,,,,,,,,,,,
2002,3,8150000,24.635483870967743,8150000,tartarugalzinho,AP,,,,,,,,,,,,,,,,,,,
2002,3,8150001,21.654838709677417,8150001,tartarugalzinho,AP,,,,,,,,,,,,,,,,,,,
2002,3,8151000,24.980645161290322,8151000,tartarugalzinho,AP,,,,,,,,,,,,,,,,,,,
2002,3,8250002,16.26451612903226,8250002,calcoene,AP,,,,,,,,,,,,,,,,,,,
2002,3,8250003,27.03548387096774,8250003,amapa,AP,,,,,,,,,,,,,,,,,,,
2002,3,8251001,27.906451612903226,8251001,calcoene,AP,,,,,,,,,,,,,,,,,,,
2002,3,8251004,15.17741935483871,8251004,oiapoque,AP,,,,,,,,,,,,,,,,,,,
2002,3,8351002,13.932258064516128,8351002,oiapoque,AP,,,,,,,,,,,,,,,,,,,
2002,4,51002,8.33,51002,mazagao,AP,,,,,,,,,,,,,,,,,,,
2002,4,51004,15.176666666666668,51004,mazagao,AP,,,,,,,,,,,,,,,,,,,
2002,4,52003,7.163333333333333,52003,mazagao,AP,,,,,,,,,,,,,,,,,,,
2002,4,771001,5.633333333333334,771001,tarauaca,AC,,,,,,,,,,,,,,,,,,,
2002,4,872000,6.216666666666667,872000,marechal thaumaturgo,AC,,,,,,,,,,,,,,,,,,,
2002,4,968004,8.29,968004,bujari,AC,,,,,,,,,,,,,,,,,,,
2002,4,972000,8.82,972000,marechal thaumaturgo,AC,,,,,,,,,,,,,,,,,,,
2002,4,1067002,6.596666666666667,1067002,placido de castro,AC,,,,,,,,,,,,,,,,,,,
2002,4,1067003,7.666666666666667,1067003,capixaba,AC,,,,,,,,,,,,,,,,,,,
2002,4,1068000,2.3866666666666663,1068000,xapuri,AC,,,,,,,,,,,,,,,,,,,
2002,4,8050000,17.686666666666667,8050000,macapa,AP,,,,,,,,,,,,,,,,,,,
2002,4,8050001,9.610000000000001,8050001,macapa,AP,,,,,,,,,,,,,,,,,,,
2002,4,8051010,13.129999999999999,8051010,macapa,AP,,,,,,,,,,,,,,,,,,,
2002,4,8051012,13.103333333333332,8051012,porto grande,AP,,,,,,,,,,,,,,,,,,,
2002,4,8052000,13.99,8052000,serra do navio,AP,,,,,,,,,,,,,,,,,,,
2002,4,8150000,18.723333333333336,8150000,tartarugalzinho,AP,,,,,,,,,,,,,,,,,,,
2002,4,8150001,34.419999999999995,8150001,tartarugalzinho,AP,,,,,,,,,,,,,,,,,,,
2002,4,8151000,20.866666666666667,8151000,tartarugalzinho,AP,,,,,,,,,,,,,,,,,,,
2002,4,8250002,22.009999999999998,8250002,calcoene,AP,,,,,,,,,,,,,,,,,,,
2002,4,8250003,18.89,8250003,amapa,AP,,,,,,,,,,,,,,,,,,,
2002,4,8251001,18.396666666666665,8251001,calcoene,AP,,,,,,,,,,,,,,,,,,,
2002,4,8251004,19.93,8251004,oiapoque,AP,,,,,,,,,,,,,,,,,,,
2002,4,8351002,13.67,8351002,oiapoque,AP,,,,,,,,,,,,,,,,,,,
2002,5,51002,6.387096774193548,51002,mazagao,AP,,,,,,,,,,,,,,,,,,,
2002,5,51004,8.156666666666666,51004,mazagao,AP,,,,,,,,,,,,,,,,,,,
2002,5,52003,10.558064516129033,52003,mazagao,AP,,,,,,,,,,,,,,,,,,,
2002,5,771001,2.161290322580645,771001,tarauaca,AC,,,,,,,,,,,,,,,,,,,
2002,5,872000,1.6225806451612905,872000,marechal thaumaturgo,AC,,,,,,,,,,,,,,,,,,,
2002,5,968004,6.870967741935484,968004,bujari,AC,,,,,,,,,,,,,,,,,,,
2002,5,972000,3.0161290322580645,972000,marechal thaumaturgo,AC,,,,,,,,,,,,,,,,,,,
2002,5,1067002,2.864516129032258,1067002,placido de castro,AC,,,,,,,,,,,,,,,,,,,
2002,5,1067003,1.7774193548387094,1067003,capixaba,AC,,,,,,,,,,,,,,,,,,,
2002,5,1068000,1.2193548387096773,1068000,xapuri,AC,,,,,,,,,,,,,,,,,,,
2002,5,8050000,16.970967741935485,8050000,macapa,AP,,,,,,,,,,,,,,,,,,,
2002,5,8050001,1.0870967741935484,8050001,macapa,AP,,,,,,,,,,,,,,,,,,,
2002,5,8051010,14.048387096774194,8051010,macapa,AP,,,,,,,,,,,,,,,,,,,
2002,5,8051012,10.596774193548388,8051012,porto grande,AP,,,,,,,,,,,,,,,,,,,
2002,5,8052000,13.293548387096775,8052000,serra do navio,AP,,,,,,,,,,,,,,,,,,,
2002,5,8150000,12.616129032258065,8150000,tartarugalzinho,AP,,,,,,,,,,,,,,,,,,,
2002,5,8150001,12.825806451612904,8150001,tartarugalzinho,AP,,,,,,,,,,,,,,,,,,,
2002,5,8151000,23.174193548387095,8151000,tartarugalzinho,AP,,,,,,,,,,,,,,,,,,,
2002,5,8250002,24.548387096774192,8250002,calcoene,AP,,,,,,,,,,,,,,,,,,,
2002,5,8250003,21.719354838709677,8250003,amapa,AP,,,,,,,,,,,,,,,,,,,
2002,5,8251001,17.651612903225807,8251001,calcoene,AP,,,,,,,,,,,,,,,,,,,
2002,5,8251004,20.516129032258064,8251004,oiapoque,AP,,,,,,,,,,,,,,,,,,,
2002,5,8351002,15.229032258064517,8351002,oiapoque,AP,,,,,,,,,,,,,,,,,,,
2002,6,51002,9.613333333333333,51002,mazagao,AP,,,,,,,,,,,,,,,,,,,
2002,6,51004,6.3966666666666665,51004,mazagao,AP,,,,,,,,,,,,,,,,,,,
2002,6,52003,8.95,52003,mazagao,AP,,,,,,,,,,,,,,,,,,,
2002,6,771001,2.71,771001,tarauaca,AC,,,,,,,,,,,,,,,,,,,
2002,6,872000,0.9433333333333334,872000,marechal thaumaturgo,AC,,,,,,,,,,,,,,,,,,,
2002,6,968004,0.7566666666666666,968004,bujari,AC,,,,,,,,,,,,,,,,,,,
2002,6,972000,1.6733333333333333,972000,marechal thaumaturgo,AC,,,,,,,,,,,,,,,,,,,
2002,6,1067002,0.7333333333333333,1067002,placido de castro,AC,,,,,,,,,,,,,,,,,,,
2002,6,1067003,1.5233333333333332,1067003,capixaba,AC,,,,,,,,,,,,,,,,,,,
2002,6,1068000,0.4933333333333333,1068000,xapuri,AC,,,,,,,,,,,,,,,,,,,
2002,6,8050000,9.75,8050000,macapa,AP,,,,,,,,,,,,,,,,,,,
2002,6,8050001,8.866666666666667,8050001,macapa,AP,,,,,,,,,,,,,,,,,,,
2002,6,8051010,7.6433333333333335,8051010,macapa,AP,,,,,,,,,,,,,,,,,,,
2002,6,8051012,8.770000000000001,8051012,porto grande,AP,,,,,,,,,,,,,,,,,,,
2002,6,8052000,7.05,8052000,serra do navio,AP,,,,,,,,,,,,,,,,,,,
2002,6,8150000,8.583333333333334,8150000,tartarugalzinho,AP,,,,,,,,,,,,,,,,,,,
2002,6,8150001,13.413333333333332,8150001,tartarugalzinho,AP,,,,,,,,,,,,,,,,,,,
2002,6,8151000,16.41,8151000,tartarugalzinho,AP,,,,,,,,,,,,,,,,,,,
2002,6,8250002,7.923333333333333,8250002,calcoene,AP,,,,,,,,,,,,,,,,,,,
2002,6,8250003,11.596666666666666,8250003,amapa,AP,,,,,,,,,,,,,,,,,,,
2002,6,8251001,10.703333333333335,8251001,calcoene,AP,,,,,,,,,,,,,,,,,,,
2002,6,8251004,11.286666666666667,8251004,oiapoque,AP,,,,,,,,,,,,,,,,,,,
2002,6,8351002,14.78,8351002,oiapoque,AP,,,,,,,,,,,,,,,,,,,
2002,7,51002,2.864516129032258,51002,mazagao,AP,,,,,,,,,,,,,,,,,,,
2002,7,51004,2.041935483870968,51004,mazagao,AP,,,,,,,,,,,,,,,,,,,
2002,7,52003,4.835483870967742,52003,mazagao,AP,,,,,,,,,,,,,,,,,,,
2002,7,771001,1.8838709677419354,771001,tarauaca,AC,,,,,,,,,,,,,,,,,,,
2002,7,872000,0.667741935483871,872000,marechal thaumaturgo,AC,,,,,,,,,,,,,,,,,,,
2002,7,968004,1.238709677419355,968004,bujari,AC,,,,,,,,,,,,,,,,,,,
2002,7,972000,1.6870967741935483,972000,marechal thaumaturgo,AC,,,,,,,,,,,,,,,,,,,
2002,7,1067002,0.25483870967741934,1067002,placido de castro,AC,,,,,,,,,,,,,,,,,,,
2002,7,1067003,0.45483870967741935,1067003,capixaba,AC,,,,,,,,,,,,,,,,,,,
2002,7,1068000,0.6000000000000001,1068000,xapuri,AC,,,,,,,,,,,,,,,,,,,
2002,7,8050000,2.02258064516129,8050000,macapa,AP,,,,,,,,,,,,,,,,,,,
2002,7,8050001,1.7806451612903227,8050001,macapa,AP,,,,,,,,,,,,,,,,,,,
2002,7,8051010,1.3709677419354838,8051010,macapa,AP,,,,,,,,,,,,,,,,,,,
2002,7,8051012,2.925806451612903,8051012,porto grande,AP,,,,,,,,,,,,,,,,,,,
2002,7,8052000,2.1193548387096777,8052000,serra do navio,AP,,,,,,,,,,,,,,,,,,,
2002,7,8150000,2.9096774193548387,8150000,tartarugalzinho,AP,,,,,,,,,,,,,,,,,,,
2002,7,8150001,2.870967741935484,8150001,tartarugalzinho,AP,,,,,,,,,,,,,,,,,,,
2002,7,8151000,5.9,8151000,tartarugalzinho,AP,,,,,,,,,,,,,,,,,,,
2002,7,8250002,3.5258064516129033,8250002,calcoene,AP,,,,,,,,,,,,,,,,,,,
2002,7,8250003,4.409677419354838,8250003,amapa,AP,,,,,,,,,,,,,,,,,,,
2002,7,8251001,2.6193548387096777,8251001,calcoene,AP,,,,,,,,,,,,,,,,,,,
2002,7,8251004,1.6935483870967742,8251004,oiapoque,AP,,,,,,,,,,,,,,,,,,,
2002,7,8351002,3.064516129032258,8351002,oiapoque,AP,,,,,,,,,,,,,,,,,,,
2002,8,51002,0.5903225806451613,51002,mazagao,AP,,,,,,,,,,,,,,,,,,,
2002,8,51004,0.7774193548387096,51004,mazagao,AP,,,,,,,,,,,,,,,,,,,
2002,8,52003,2.170967741935484,52003,mazagao,AP,,,,,,,,,,,,,,,,,,,
2002,8,771001,4.209677419354839,771001,tarauaca,AC,,,,,,,,,,,,,,,,,,,
2002,8,872000,1.8580645161290321,872000,marechal thaumaturgo,AC,,,,,,,,,,,,,,,,,,,
2002,8,968004,2.9516129032258065,968004,bujari,AC,,,,,,,,,,,,,,,,,,,
2002,8,972000,1.2129032258064516,972000,marechal thaumaturgo,AC,,,,,,,,,,,,,,,,,,,
2002,8,1067002,2.435483870967742,1067002,placido de castro,AC,,,,,,,,,,,,,,,,,,,
2002,8,1067003,2.3870967741935485,1067003,capixaba,AC,,,,,,,,,,,,,,,,,,,
2002,8,1068000,2.603225806451613,1068000,xapuri,AC,,,,,,,,,,,,,,,,,,,
2002,8,8050000,1.364516129032258,8050000,macapa,AP,,,,,,,,,,,,,,,,,,,
2002,8,8050001,1.0419354838709676,8050001,macapa,AP,,,,,,,,,,,,,,,,,,,
2002,8,8051010,0.9064516129032258,8051010,macapa,AP,,,,,,,,,,,,,,,,,,,
2002,8,8051012,1.2774193548387098,8051012,porto grande,AP,,,,,,,,,,,,,,,,,,,
2002,8,8052000,2.1870967741935483,8052000,serra do navio,AP,,,,,,,,,,,,,,,,,,,
2002,8,8150000,2.2129032258064516,8150000,tartarugalzinho,AP,,,,,,,,,,,,,,,,,,,
2002,8,8150001,3.635483870967742,8150001,tartarugalzinho,AP,,,,,,,,,,,,,,,,,,,
2002,8,8151000,6.6,8151000,tartarugalzinho,AP,,,,,,,,,,,,,,,,,,,
2002,8,8250002,3.764516129032258,8250002,calcoene,AP,,,,,,,,,,,,,,,,,,,
2002,8,8250003,1.1935483870967742,8250003,amapa,AP,,,,,,,,,,,,,,,,,,,
2002,8,8251001,1.567741935483871,8251001,calcoene,AP,,,,,,,,,,,,,,,,,,,
2002,8,8251004,2.325806451612903,8251004,oiapoque,AP,,,,,,,,,,,,,,,,,,,
2002,8,8351002,4.483870967741935,8351002,oiapoque,AP,,,,,,,,,,,,,,,,,,,
2002,9,51002,0.76,51002,mazagao,AP,,,,,,,,,,,,,,,,,,,
2002,9,51004,0.0,51004,mazagao,AP,,,,,,,,,,,,,,,,,,,
2002,9,52003,0.22,52003,mazagao,AP,,,,,,,,,,,,,,,,,,,
2002,9,771001,3.81,771001,tarauaca,AC,,,,,,,,,,,,,,,,,,,
2002,9,872000,6.543333333333333,872000,marechal thaumaturgo,AC,,,,,,,,,,,,,,,,,,,
2002,9,968004,1.2899999999999998,968004,bujari,AC,,,,,,,,,,,,,,,,,,,
2002,9,972000,3.246666666666667,972000,marechal thaumaturgo,AC,,,,,,,,,,,,,,,,,,,
2002,9,1067002,3.68,1067002,placido de castro,AC,,,,,,,,,,,,,,,,,,,
2002,9,1067003,0.53,1067003,capixaba,AC,,,,,,,,,,,,,,,,,,,
2002,9,1068000,1.3599999999999999,1068000,xapuri,AC,,,,,,,,,,,,,,,,,,,
2002,9,8050000,0.17666666666666667,8050000,macapa,AP,,,,,,,,,,,,,,,,,,,
2002,9,8050001,0.016666666666666666,8050001,macapa,AP,,,,,,,,,,,,,,,,,,,
2002,9,8051010,0.4633333333333333,8051010,macapa,AP,,,,,,,,,,,,,,,,,,,
2002,9,8051012,1.65,8051012,porto grande,AP,,,,,,,,,,,,,,,,,,,
2002,9,8052000,1.6233333333333335,8052000,serra do navio,AP,,,,,,,,,,,,,,,,,,,
2002,9,8150000,0.5733333333333334,8150000,tartarugalzinho,AP,,,,,,,,,,,,,,,,,,,
2002,9,8150001,6.466666666666667,8150001,tartarugalzinho,AP,,,,,,,,,,,,,,,,,,,
2002,9,8151000,0.2833333333333333,8151000,tartarugalzinho,AP,,,,,,,,,,,,,,,,,,,
2002,9,8250002,0.7633333333333333,8250002,calcoene,AP,,,,,,,,,,,,,,,,,,,
2002,9,8250003,0.23666666666666666,8250003,amapa,AP,,,,,,,,,,,,,,,,,,,
2002,9,8251001,0.0,8251001,calcoene,AP,,,,,,,,,,,,,,,,,,,
2002,9,8251004,1.0066666666666666,8251004,oiapoque,AP,,,,,,,,,,,,,,,,,,,
2002,9,8351002,1.1700000000000002,8351002,oiapoque,AP,,,,,,,,,,,,,,,,,,,
2002,10,51002,0.2032258064516129,51002,mazagao,AP,,,,,,,,,,,,,,,,,,,
2002,10,51004,0.06451612903225806,51004,mazagao,AP,,,,,,,,,,,,,,,,,,,
2002,10,52003,0.31935483870967746,52003,mazagao,AP,,,,,,,,,,,,,,,,,,,
2002,10,771001,5.693548387096774,771001,tarauaca,AC,,,,,,,,,,,,,,,,,,,
2002,10,872000,2.2,872000,marechal thaumaturgo,AC,,,,,,,,,,,,,,,,,,,
2002,10,968004,5.919354838709677,968004,bujari,AC,,,,,,,,,,,,,,,,,,,
2002,10,972000,4.836451612903226,972000,marechal thaumaturgo,AC,,,,,,,,,,,,,,,,,,,
2002,10,1067002,2.4935483870967743,1067002,placido de castro,AC,,,,,,,,,,,,,,,,,,,
2002,10,1067003,5.329032258064516,1067003,capixaba,AC,,,,,,,,,,,,,,,,,,,
2002,10,1068000,4.941935483870967,1068000,xapuri,AC,,,,,,,,,,,,,,,,,,,
2002,10,8050000,0.0,8050000,macapa,AP,,,,,,,,,,,,,,,,,,,
2002,10,8050001,0.5645161290322581,8050001,macapa,AP,,,,,,,,,,,,,,,,,,,
2002,10,8051010,0.0,8051010,macapa,AP,,,,,,,,,,,,,,,,,,,
2002,10,8051012,0.6741935483870968,8051012,porto grande,AP,,,,,,,,,,,,,,,,,,,
2002,10,8052000,1.0612903225806452,8052000,serra do navio,AP,,,,,,,,,,,,,,,,,,,
2002,10,8150000,0.5580645161290323,8150000,tartarugalzinho,AP,,,,,,,,,,,,,,,,,,,
2002,10,8150001,0.3032258064516129,8150001,tartarugalzinho,AP,,,,,,,,,,,,,,,,,,,
2002,10,8151000,0.17096774193548386,8151000,tartarugalzinho,AP,,,,,,,,,,,,,,,,,,,
2002,10,8250002,0.0,8250002,calcoene,AP,,,,,,,,,,,,,,,,,,,
2002,10,8250003,0.47096774193548385,8250003,amapa,AP,,,,,,,,,,,,,,,,,,,
2002,10,8251001,0.0,8251001,calcoene,AP,,,,,,,,,,,,,,,,,,,
2002,10,8251004,0.05161290322580645,8251004,oiapoque,AP,,,,,,,,,,,,,,,,,,,
2002,10,8351002,0.1064516129032258,8351002,oiapoque,AP,,,,,,,,,,,,,,,,,,,
2002,11,51002,0.95,51002,mazagao,AP,,,,,,,,,,,,,,,,,,,
2002,11,51004,1.2199999999999998,51004,mazagao,AP,,,,,,,,,,,,,,,,,,,
2002,11,52003,1.7733333333333334,52003,mazagao,AP,,,,,,,,,,,,,,,,,,,
2002,11,771001,11.346666666666666,771001,tarauaca,AC,,,,,,,,,,,,,,,,,,,
2002,11,872000,3.3333333333333335,872000,marechal thaumaturgo,AC,,,,,,,,,,,,,,,,,,,
2002,11,968004,7.676666666666667,968004,bujari,AC,,,,,,,,,,,,,,,,,,,
2002,11,972000,5.6033333333333335,972000,marechal thaumaturgo,AC,,,,,,,,,,,,,,,,,,,
2002,11,1067002,4.066666666666666,1067002,placido de castro,AC,,,,,,,,,,,,,,,,,,,
2002,11,1067003,2.6233333333333335,1067003,capixaba,AC,,,,,,,,,,,,,,,,,,,
2002,11,1068000,2.6866666666666665,1068000,xapuri,AC,,,,,,,,,,,,,,,,,,,
2002,11,8050000,0.08,8050000,macapa,AP,,,,,,,,,,,,,,,,,,,
2002,11,8050001,1.7433333333333334,8050001,macapa,AP,,,,,,,,,,,,,,,,,,,
2002,11,8051010,0.17666666666666667,8051010,macapa,AP,,,,,,,,,,,,,,,,,,,
2002,11,8051012,1.7533333333333334,8051012,porto grande,AP,,,,,,,,,,,,,,,,,,,
2002,11,8052000,1.1366666666666667,8052000,serra do navio,AP,,,,,,,,,,,,,,,,,,,
2002,11,8150000,0.48000000000000004,8150000,tartarugalzinho,AP,,,,,,,,,,,,,,,,,,,
2002,11,8150001,3.986666666666667,8150001,tartarugalzinho,AP,,,,,,,,,,,,,,,,,,,
2002,11,8151000,2.246666666666667,8151000,tartarugalzinho,AP,,,,,,,,,,,,,,,,,,,
2002,11,8250002,1.9233333333333333,8250002,calcoene,AP,,,,,,,,,,,,,,,,,,,
2002,11,8250003,0.29333333333333333,8250003,amapa,AP,,,,,,,,,,,,,,,,,,,
2002,11,8251001,1.8166666666666667,8251001,calcoene,AP,,,,,,,,,,,,,,,,,,,
2002,11,8251004,0.7266666666666667,8251004,oiapoque,AP,,,,,,,,,,,,,,,,,,,
2002,11,8351002,4.783333333333333,8351002,oiapoque,AP,,,,,,,,,,,,,,,,,,,
2002,12,51002,2.164516129032258,51002,mazagao,AP,,,,,,,,,,,,,,,,,,,
2002,12,51004,6.880645161290323,51004,mazagao,AP,,,,,,,,,,,,,,,,,,,
2002,12,52003,4.519354838709678,52003,mazagao,AP,,,,,,,,,,,,,,,,,,,
2002,12,771001,8.129032258064516,771001,tarauaca,AC,,,,,,,,,,,,,,,,,,,
2002,12,872000,6.006451612903225,872000,marechal thaumaturgo,AC,,,,,,,,,,,,,,,,,,,
2002,12,968004,8.59032258064516,968004,bujari,AC,,,,,,,,,,,,,,,,,,,
2002,12,972000,7.867741935483871,972000,marechal thaumaturgo,AC,,,,,,,,,,,,,,,,,,,
2002,12,1067002,8.12258064516129,1067002,placido de castro,AC,,,,,,,,,,,,,,,,,,,
2002,12,1067003,8.570967741935483,1067003,capixaba,AC,,,,,,,,,,,,,,,,,,,
2002,12,1068000,5.464516129032258,1068000,xapuri,AC,,,,,,,,,,,,,,,,,,,
2002,12,8050000,8.896774193548387,8050000,macapa,AP,,,,,,,,,,,,,,,,,,,
2002,12,8050001,2.829032258064516,8050001,macapa,AP,,,,,,,,,,,,,,,,,,,
2002,12,8051010,4.300000000000001,8051010,macapa,AP,,,,,,,,,,,,,,,,,,,
2002,12,8051012,6.758064516129032,8051012,porto grande,AP,,,,,,,,,,,,,,,,,,,
2002,12,8052000,5.516129032258065,8052000,serra do navio,AP,,,,,,,,,,,,,,,,,,,
2002,12,8150000,10.638709677419355,8150000,tartarugalzinho,AP,,,,,,,,,,,,,,,,,,,
2002,12,8150001,10.429032258064517,8150001,tartarugalzinho,AP,,,,,,,,,,,,,,,,,,,
2002,12,8151000,12.564516129032258,8151000,tartarugalzinho,AP,,,,,,,,,,,,,,,,,,,
2002,12,8250002,16.59032258064516,8250002,calcoene,AP,,,,,,,,,,,,,,,,,,,
2002,12,8250003,13.829032258064517,8250003,amapa,AP,,,,,,,,,,,,,,,,,,,
2002,12,8251001,11.806451612903226,8251001,calcoene,AP,,,,,,,,,,,,,,,,,,,
2002,12,8251004,9.59032258064516,8251004,oiapoque,AP,,,,,,,,,,,,,,,,,,,
2002,12,8351002,13.3,8351002,oiapoque,AP,,,,,,,,,,,,,,,,,,,
2003,1,51002,3.25,51002,mazagao,AP,,,,,,,,,,,,,,,,,,,
2003,1,51004,5.016129032258065,51004,mazagao,AP,,,,,,,,,,,,,,,,,,,
2003,1,52003,3.161290322580645,52003,mazagao,AP,,,,,,,,,,,,,,,,,,,
2003,1,771001,8.064516129032258,771001,tarauaca,AC,,,,,,,,,,,,,,,,,,,
2003,1,872000,3.9838709677419355,872000,marechal thaumaturgo,AC,,,,,,,,,,,,,,,,,,,
2003,1,968004,6.480645161290322,968004,bujari,AC,,,,,,,,,,,,,,,,,,,
2003,1,972000,5.267741935483872,972000,marechal thaumaturgo,AC,,,,,,,,,,,,,,,,,,,
2003,1,1067002,6.841935483870968,1067002,placido de castro,AC,,,,,,,,,,,,,,,,,,,
2003,1,1067003,6.990322580645161,1067003,capixaba,AC,,,,,,,,,,,,,,,,,,,
2003,1,1068000,6.187096774193548,1068000,xapuri,AC,,,,,,,,,,,,,,,,,,,
2003,1,8050000,2.6451612903225805,8050000,macapa,AP,,,,,,,,,,,,,,,,,,,
2003,1,8050001,9.296774193548387,8050001,macapa,AP,,,,,,,,,,,,,,,,,,,
2003,1,8051010,4.509677419354839,8051010,macapa,AP,,,,,,,,,,,,,,,,,,,
2003,1,8051012,6.429032258064517,8051012,porto grande,AP,,,,,,,,,,,,,,,,,,,
2003,1,8052000,6.796774193548386,8052000,serra do navio,AP,,,,,,,,,,,,,,,,,,,
2003,1,8150000,7.261290322580645,8150000,tartarugalzinho,AP,,,,,,,,,,,,,,,,,,,
2003,1,8150001,27.241935483870968,8150001,tartarugalzinho,AP,,,,,,,,,,,,,,,,,,,
2003,1,8151000,23.183870967741935,8151000,tartarugalzinho,AP,,,,,,,,,,,,,,,,,,,
2003,1,8250002,15.583870967741936,8250002,calcoene,AP,,,,,,,,,,,,,,,,,,,
2003,1,8250003,23.700000000000003,8250003,amapa,AP,,,,,,,,,,,,,,,,,,,
2003,1,8251001,11.03225806451613,8251001,calcoene,AP,,,,,,,,,,,,,,,,,,,
2003,1,8251004,8.558064516129033,8251004,oiapoque,AP,,,,,,,,,,,,,,,,,,,
2003,1,8351002,5.729032258064516,8351002,oiapoque,AP,,,,,,,,,,,,,,,,,,,
2003,2,51002,11.85,51002,mazagao,AP,,,,,,,,,,,,,,,,,,,
2003,2,51004,17.16785714285714,51004,mazagao,AP,,,,,,,,,,,,,,,,,,,
2003,2,52003,9.930357142857144,52003,mazagao,AP,,,,,,,,,,,,,,,,,,,
2003,2,771001,10.642857142857142,771001,tarauaca,AC,,,,,,,,,,,,,,,,,,,
2003,2,872000,5.5249999999999995,872000,marechal thaumaturgo,AC,,,,,,,,,,,,,,,,,,,
2003,2,968004,11.182142857142859,968004,bujari,AC,,,,,,,,,,,,,,,,,,,
2003,2,972000,11.760714285714286,972000,marechal thaumaturgo,AC,,,,,,,,,,,,,,,,,,,
2003,2,1067002,7.778571428571429,1067002,placido de castro,AC,,,,,,,,,,,,,,,,,,,
2003,2,1067003,11.514285714285714,1067003,capixaba,AC,,,,,,,,,,,,,,,,,,,
2003,2,1068000,5.328571428571429,1068000,xapuri,AC,,,,,,,,,,,,,,,,,,,
2003,2,8050000,20.739285714285717,8050000,macapa,AP,,,,,,,,,,,,,,,,,,,
2003,2,8050001,21.335714285714285,8050001,macapa,AP,,,,,,,,,,,,,,,,,,,
2003,2,8051010,13.867857142857144,8051010,macapa,AP,,,,,,,,,,,,,,,,,,,
2003,2,8051012,13.917857142857143,8051012,porto grande,AP,,,,,,,,,,,,,,,,,,,
2003,2,8052000,14.896428571428572,8052000,serra do navio,AP,,,,,,,,,,,,,,,,,,,
2003,2,8150000,15.503571428571428,8150000,tartarugalzinho,AP,,,,,,,,,,,,,,,,,,,
2003,2,8150001,38.114285714285714,8150001,tartarugalzinho,AP,,,,,,,,,,,,,,,,,,,
2003,2,8151000,30.20357142857143,8151000,tartarugalzinho,AP,,,,,,,,,,,,,,,,,,,
2003,2,8250002,21.292857142857144,8250002,calcoene,AP,,,,,,,,,,,,,,,,,,,
2003,2,8250003,22.76071428571429,8250003,amapa,AP,,,,,,,,,,,,,,,,,,,
2003,2,8251001,15.567857142857141,8251001,calcoene,AP,,,,,,,,,,,,,,,,,,,
2003,2,8251004,9.146428571428572,8251004,oiapoque,AP,,,,,,,,,,,,,,,,,,,
2003,2,8351002,11.357142857142858,8351002,oiapoque,AP,,,,,,,,,,,,,,,,,,,
2003,3,51002,6.493548387096775,51002,mazagao,AP,,,,,,,,,,,,,,,,,,,
2003,3,51004,8.164516129032258,51004,mazagao,AP,,,,,,,,,,,,,,,,,,,
2003,3,52003,7.825806451612903,52003,mazagao,AP,,,,,,,,,,,,,,,,,,,
2003,3,771001,7.206451612903226,771001,tarauaca,AC,,,,,,,,,,,,,,,,,,,
2003,3,872000,4.267741935483872,872000,marechal thaumaturgo,AC,,,,,,,,,,,,,,,,,,,
2003,3,968004,5.174193548387097,968004,bujari,AC,,,,,,,,,,,,,,,,,,,
2003,3,972000,7.441935483870967,972000,marechal thaumaturgo,AC,,,,,,,,,,,,,,,,,,,
2003,3,1067002,7.225806451612903,1067002,placido de castro,AC,,,,,,,,,,,,,,,,,,,
2003,3,1067003,18.567741935483873,1067003,capixaba,AC,,,,,,,,,,,,,,,,,,,
2003,3,1068000,6.438709677419355,1068000,xapuri,AC,,,,,,,,,,,,,,,,,,,
2003,3,8050000,12.348387096774195,8050000,macapa,AP,,,,,,,,,,,,,,,,,,,
2003,3,8050001,6.645161290322581,8050001,macapa,AP,,,,,,,,,,,,,,,,,,,
2003,3,8051010,7.254838709677419,8051010,macapa,AP,,,,,,,,,,,,,,,,,,,
2003,3,8051012,6.567741935483871,8051012,porto grande,AP,,,,,,,,,,,,,,,,,,,
2003,3,8052000,8.135483870967741,8052000,serra do navio,AP,,,,,,,,,,,,,,,,,,,
2003,3,8150000,11.770967741935484,8150000,tartarugalzinho,AP,,,,,,,,,,,,,,,,,,,
2003,3,8150001,10.04516129032258,8150001,tartarugalzinho,AP,,,,,,,,,,,,,,,,,,,
2003,3,8151000,13.819354838709677,8151000,tartarugalzinho,AP,,,,,,,,,,,,,,,,,,,
2003,3,8250002,3.7193548387096773,8250002,calcoene,AP,,,,,,,,,,,,,,,,,,,
2003,3,8250003,5.329032258064516,8250003,amapa,AP,,,,,,,,,,,,,,,,,,,
2003,3,8251001,5.748387096774193,8251001,calcoene,AP,,,,,,,,,,,,,,,,,,,
2003,3,8251004,7.229032258064516,8251004,oiapoque,AP,,,,,,,,,,,,,,,,,,,
2003,3,8351002,4.967741935483871,8351002,oiapoque,AP,,,,,,,,,,,,,,,,,,,
2003,4,51002,9.21,51002,mazagao,AP,,,,,,,,,,,,,,,,,,,
2003,4,51004,10.693333333333333,51004,mazagao,AP,,,,,,,,,,,,,,,,,,,
2003,4,52003,6.8133333333333335,52003,mazagao,AP,,,,,,,,,,,,,,,,,,,
2003,4,771001,6.6,771001,tarauaca,AC,,,,,,,,,,,,,,,,,,,
2003,4,872000,4.03,872000,marechal thaumaturgo,AC,,,,,,,,,,,,,,,,,,,
2003,4,968004,7.159999999999999,968004,bujari,AC,,,,,,,,,,,,,,,,,,,
2003,4,972000,7.75,972000,marechal thaumaturgo,AC,,,,,,,,,,,,,,,,,,,
2003,4,1067002,4.653333333333333,1067002,placido de castro,AC,,,,,,,,,,,,,,,,,,,
2003,4,1067003,3.8233333333333333,1067003,capixaba,AC,,,,,,,,,,,,,,,,,,,
2003,4,1068000,5.4,1068000,xapuri,AC,,,,,,,,,,,,,,,,,,,
2003,4,8050000,18.34333333333333,8050000,macapa,AP,,,,,,,,,,,,,,,,,,,
2003,4,8050001,7.076666666666666,8050001,macapa,AP,,,,,,,,,,,,,,,,,,,
2003,4,8051010,12.556666666666667,8051010,macapa,AP,,,,,,,,,,,,,,,,,,,
2003,4,8051012,11.856666666666666,8051012,porto grande,AP,,,,,,,,,,,,,,,,,,,
2003,4,8052000,11.09,8052000,serra do navio,AP,,,,,,,,,,,,,,,,,,,
2003,4,8150000,14.653333333333334,8150000,tartarugalzinho,AP,,,,,,,,,,,,,,,,,,,
2003,4,8150001,24.373333333333335,8150001,tartarugalzinho,AP,,,,,,,,,,,,,,,,,,,
2003,4,8151000,39.28666666666666,8151000,tartarugalzinho,AP,,,,,,,,,,,,,,,,,,,
2003,4,8250002,36.35666666666667,8250002,calcoene,AP,,,,,,,,,,,,,,,,,,,
2003,4,8250003,37.166666666666664,8250003,amapa,AP,,,,,,,,,,,,,,,,,,,
2003,4,8251001,20.383333333333333,8251001,calcoene,AP,,,,,,,,,,,,,,,,,,,
2003,4,8251004,19.85666666666667,8251004,oiapoque,AP,,,,,,,,,,,,,,,,,,,
2003,4,8351002,11.82,8351002,oiapoque,AP,,,,,,,,,,,,,,,,,,,
2003,5,51002,5.812903225806451,51002,mazagao,AP,,,,,,,,,,,,,,,,,,,
2003,5,51004,11.006451612903225,51004,mazagao,AP,,,,,,,,,,,,,,,,,,,
2003,5,52003,5.209677419354839,52003,mazagao,AP,,,,,,,,,,,,,,,,,,,
2003,5,771001,9.251612903225807,771001,tarauaca,AC,,,,,,,,,,,,,,,,,,,
2003,5,872000,4.34516129032258,872000,marechal thaumaturgo,AC,,,,,,,,,,,,,,,,,,,
2003,5,968004,1.670967741935484,968004,bujari,AC,,,,,,,,,,,,,,,,,,,
2003,5,972000,4.354838709677419,972000,marechal thaumaturgo,AC,,,,,,,,,,,,,,,,,,,
2003,5,1067002,1.535483870967742,1067002,placido de castro,AC,,,,,,,,,,,,,,,,,,,
2003,5,1067003,1.6903225806451614,1067003,capixaba,AC,,,,,,,,,,,,,,,,,,,
2003,5,1068000,2.6129032258064515,1068000,xapuri,AC,,,,,,,,,,,,,,,,,,,
2003,5,8050000,12.303225806451612,8050000,macapa,AP,,,,,,,,,,,,,,,,,,,
2003,5,8050001,9.996774193548386,8050001,macapa,AP,,,,,,,,,,,,,,,,,,,
2003,5,8051010,10.219354838709679,8051010,macapa,AP,,,,,,,,,,,,,,,,,,,
2003,5,8051012,10.883870967741935,8051012,porto grande,AP,,,,,,,,,,,,,,,,,,,
2003,5,8052000,9.577419354838709,8052000,serra do navio,AP,,,,,,,,,,,,,,,,,,,
2003,5,8150000,11.248387096774193,8150000,tartarugalzinho,AP,,,,,,,,,,,,,,,,,,,
2003,5,8150001,17.07741935483871,8150001,tartarugalzinho,AP,,,,,,,,,,,,,,,,,,,
2003,5,8151000,16.806451612903224,8151000,tartarugalzinho,AP,,,,,,,,,,,,,,,,,,,
2003,5,8250002,28.919354838709676,8250002,calcoene,AP,,,,,,,,,,,,,,,,,,,
2003,5,8250003,16.393548387096775,8250003,amapa,AP,,,,,,,,,,,,,,,,,,,
2003,5,8251001,18.31935483870968,8251001,calcoene,AP,,,,,,,,,,,,,,,,,,,
2003,5,8251004,18.206451612903226,8251004,oiapoque,AP,,,,,,,,,,,,,,,,,,,
2003,5,8351002,23.55806451612903,8351002,oiapoque,AP,,,,,,,,,,,,,,,,,,,
2003,6,51002,3.6333333333333333,51002,mazagao,AP,,,,,,,,,,,,,,,,,,,
2003,6,51004,2.1633333333333336,51004,mazagao,AP,,,,,,,,,,,,,,,,,,,
2003,6,52003,4.96,52003,mazagao,AP,,,,,,,,,,,,,,,,,,,
2003,6,771001,4.88,771001,tarauaca,AC,,,,,,,,,,,,,,,,,,,
2003,6,872000,1.9200000000000002,872000,marechal thaumaturgo,AC,,,,,,,,,,,,,,,,,,,
2003,6,968004,1.8233333333333333,968004,bujari,AC,,,,,,,,,,,,,,,,,,,
2003,6,972000,5.37,972000,marechal thaumaturgo,AC,,,,,,,,,,,,,,,,,,,
2003,6,1067002,0.15333333333333332,1067002,placido de castro,AC,,,,,,,,,,,,,,,,,,,
2003,6,1067003,1.5433333333333332,1067003,capixaba,AC,,,,,,,,,,,,,,,,,,,
2003,6,1068000,0.2,1068000,xapuri,AC,,,,,,,,,,,,,,,,,,,
2003,6,8050000,6.92,8050000,macapa,AP,,,,,,,,,,,,,,,,,,,
2003,6,8050001,5.39,8050001,macapa,AP,,,,,,,,,,,,,,,,,,,
2003,6,8051010,3.5900000000000003,8051010,macapa,AP,,,,,,,,,,,,,,,,,,,
2003,6,8051012,7.951666666666666,8051012,porto grande,AP,,,,,,,,,,,,,,,,,,,
2003,6,8052000,6.373333333333334,8052000,serra do navio,AP,,,,,,,,,,,,,,,,,,,
2003,6,8150000,4.26,8150000,tartarugalzinho,AP,,,,,,,,,,,,,,,,,,,
2003,6,8150001,3.1566666666666667,8150001,tartarugalzinho,AP,,,,,,,,,,,,,,,,,,,
2003,6,8151000,18.006666666666668,8151000,tartarugalzinho,AP,,,,,,,,,,,,,,,,,,,
2003,6,8250002,10.973333333333333,8250002,calcoene,AP,,,,,,,,,,,,,,,,,,,
2003,6,8250003,8.453333333333333,8250003,amapa,AP,,,,,,,,,,,,,,,,,,,
2003,6,8251001,3.4466666666666668,8251001,calcoene,AP,,,,,,,,,,,,,,,,,,,
2003,6,8251004,7.35,8251004,oiapoque,AP,,,,,,,,,,,,,,,,,,,
2003,6,8351002,8.403333333333332,8351002,oiapoque,AP,,,,,,,,,,,,,,,,,,,
2003,7,51002,11.306451612903226,51002,mazagao,AP,,,,,,,,,,,,,,,,,,,
2003,7,51004,7.65483870967742,51004,mazagao,AP,,,,,,,,,,,,,,,,,,,
2003,7,52003,8.545161290322582,52003,mazagao,AP,,,,,,,,,,,,,,,,,,,
2003,7,771001,1.0290322580645161,771001,tarauaca,AC,,,,,,,,,,,,,,,,,,,
2003,7,872000,0.16451612903225804,872000,marechal thaumaturgo,AC,,,,,,,,,,,,,,,,,,,
2003,7,968004,0.06129032258064516,968004,bujari,AC,,,,,,,,,,,,,,,,,,,
2003,7,972000,0.8516129032258064,972000,marechal thaumaturgo,AC,,,,,,,,,,,,,,,,,,,
2003,7,1067002,0.4483870967741936,1067002,placido de castro,AC,,,,,,,,,,,,,,,,,,,
2003,7,1067003,0.0,1067003,capixaba,AC,,,,,,,,,,,,,,,,,,,
2003,7,1068000,0.0,1068000,xapuri,AC,,,,,,,,,,,,,,,,,,,
2003,7,8050000,11.235483870967743,8050000,macapa,AP,,,,,,,,,,,,,,,,,,,
2003,7,8051012,6.97741935483871,8051012,porto grande,AP,,,,,,,,,,,,,,,,,,,
2003,7,8052000,7.664516129032258,8052000,serra do navio,AP,,,,,,,,,,,,,,,,,,,
2003,7,8150000,6.619354838709677,8150000,tartarugalzinho,AP,,,,,,,,,,,,,,,,,,,
2003,7,8150001,5.97741935483871,8150001,tartarugalzinho,AP,,,,,,,,,,,,,,,,,,,
2003,7,8151000,10.983870967741936,8151000,tartarugalzinho,AP,,,,,,,,,,,,,,,,,,,
2003,7,8250002,8.05483870967742,8250002,calcoene,AP,,,,,,,,,,,,,,,,,,,
2003,7,8250003,10.170967741935485,8250003,amapa,AP,,,,,,,,,,,,,,,,,,,
2003,7,8251001,1.8774193548387097,8251001,calcoene,AP,,,,,,,,,,,,,,,,,,,
2003,7,8251004,6.967741935483871,8251004,oiapoque,AP,,,,,,,,,,,,,,,,,,,
2003,7,8351002,4.706451612903226,8351002,oiapoque,AP,,,,,,,,,,,,,,,,,,,
2003,8,51002,0.0967741935483871,51002,mazagao,AP,,,,,,,,,,,,,,,,,,,
2003,8,51004,0.8387096774193549,51004,mazagao,AP,,,,,,,,,,,,,,,,,,,
2003,8,52003,2.1967741935483875,52003,mazagao,AP,,,,,,,,,,,,,,,,,,,
2003,8,771001,3.429032258064516,771001,tarauaca,AC,,,,,,,,,,,,,,,,,,,
2003,8,872000,2.6774193548387095,872000,marechal thaumaturgo,AC,,,,,,,,,,,,,,,,,,,
2003,8,968004,1.0935483870967742,968004,bujari,AC,,,,,,,,,,,,,,,,,,,
2003,8,972000,0.6806451612903226,972000,marechal thaumaturgo,AC,,,,,,,,,,,,,,,,,,,
2003,8,1067002,2.5,1067002,placido de castro,AC,,,,,,,,,,,,,,,,,,,
2003,8,1067003,1.2000000000000002,1067003,capixaba,AC,,,,,,,,,,,,,,,,,,,
2003,8,1068000,1.5419354838709678,1068000,xapuri,AC,,,,,,,,,,,,,,,,,,,
2003,8,8050000,3.051612903225806,8050000,macapa,AP,,,,,,,,,,,,,,,,,,,
2003,8,8051010,2.3032258064516125,8051010,macapa,AP,,,,,,,,,,,,,,,,,,,
2003,8,8051012,4.364516129032259,8051012,porto grande,AP,,,,,,,,,,,,,,,,,,,
2003,8,8052000,3.5064516129032257,8052000,serra do navio,AP,,,,,,,,,,,,,,,,,,,
2003,8,8150000,1.670967741935484,8150000,tartarugalzinho,AP,,,,,,,,,,,,,,,,,,,
2003,8,8150001,2.4645161290322584,8150001,tartarugalzinho,AP,,,,,,,,,,,,,,,,,,,
2003,8,8151000,2.3741935483870966,8151000,tartarugalzinho,AP,,,,,,,,,,,,,,,,,,,
2003,8,8250002,1.9774193548387096,8250002,calcoene,AP,,,,,,,,,,,,,,,,,,,
2003,8,8250003,1.4322580645161291,8250003,amapa,AP,,,,,,,,,,,,,,,,,,,
2003,8,8251001,0.0,8251001,calcoene,AP,,,,,,,,,,,,,,,,,,,
2003,8,8251004,2.1580645161290324,8251004,oiapoque,AP,,,,,,,,,,,,,,,,,,,
2003,8,8351002,2.635483870967742,8351002,oiapoque,AP,,,,,,,,,,,,,,,,,,,
2003,9,51002,2.316666666666667,51002,mazagao,AP,,,,,,,,,,,,,,,,,,,
2003,9,51004,0.8333333333333334,51004,mazagao,AP,,,,,,,,,,,,,,,,,,,
2003,9,52003,1.02,52003,mazagao,AP,,,,,,,,,,,,,,,,,,,
2003,9,771001,3.823333333333333,771001,tarauaca,AC,,,,,,,,,,,,,,,,,,,
2003,9,872000,0.4,872000,marechal thaumaturgo,AC,,,,,,,,,,,,,,,,,,,
2003,9,968004,6.069999999999999,968004,bujari,AC,,,,,,,,,,,,,,,,,,,
2003,9,972000,1.55,972000,marechal thaumaturgo,AC,,,,,,,,,,,,,,,,,,,
2003,9,1067002,8.76,1067002,placido de castro,AC,,,,,,,,,,,,,,,,,,,
2003,9,1067003,5.096666666666667,1067003,capixaba,AC,,,,,,,,,,,,,,,,,,,
2003,9,1068000,4.04,1068000,xapuri,AC,,,,,,,,,,,,,,,,,,,
2003,9,8050000,0.47,8050000,macapa,AP,,,,,,,,,,,,,,,,,,,
2003,9,8051010,0.5266666666666667,8051010,macapa,AP,,,,,,,,,,,,,,,,,,,
2003,9,8051012,2.6966666666666668,8051012,porto grande,AP,,,,,,,,,,,,,,,,,,,
2003,9,8052000,4.716666666666667,8052000,serra do navio,AP,,,,,,,,,,,,,,,,,,,
2003,9,8150000,0.8966666666666666,8150000,tartarugalzinho,AP,,,,,,,,,,,,,,,,,,,
2003,9,8150001,5.17,8150001,tartarugalzinho,AP,,,,,,,,,,,,,,,,,,,
2003,9,8151000,4.306666666666667,8151000,tartarugalzinho,AP,,,,,,,,,,,,,,,,,,,
2003,9,8250002,0.46,8250002,calcoene,AP,,,,,,,,,,,,,,,,,,,
2003,9,8250003,0.19,8250003,amapa,AP,,,,,,,,,,,,,,,,,,,
2003,9,8251001,0.0,8251001,calcoene,AP,,,,,,,,,,,,,,,,,,,
2003,9,8251004,6.156666666666666,8251004,oiapoque,AP,,,,,,,,,,,,,,,,,,,
2003,9,8351002,1.3166666666666667,8351002,oiapoque,AP,,,,,,,,,,,,,,,,,,,
2003,10,51002,0.7935483870967742,51002,mazagao,AP,,,,,,,,,,,,,,,,,,,
2003,10,51004,1.058064516129032,51004,mazagao,AP,,,,,,,,,,,,,,,,,,,
2003,10,52003,0.45483870967741935,52003,mazagao,AP,,,,,,,,,,,,,,,,,,,
2003,10,771001,4.303225806451613,771001,tarauaca,AC,,,,,,,,,,,,,,,,,,,
2003,10,872000,1.4129032258064516,872000,marechal thaumaturgo,AC,,,,,,,,,,,,,,,,,,,
2003,10,968004,6.341935483870968,968004,bujari,AC,,,,,,,,,,,,,,,,,,,
2003,10,972000,2.7225806451612904,972000,marechal thaumaturgo,AC,,,,,,,,,,,,,,,,,,,
2003,10,1067002,6.412903225806452,1067002,placido de castro,AC,,,,,,,,,,,,,,,,,,,
2003,10,1067003,4.635483870967741,1067003,capixaba,AC,,,,,,,,,,,,,,,,,,,
2003,10,1068000,3.245161290322581,1068000,xapuri,AC,,,,,,,,,,,,,,,,,,,
2003,10,8050000,1.9161290322580644,8050000,macapa,AP,,,,,,,,,,,,,,,,,,,
2003,10,8050001,0.8225806451612904,8050001,macapa,AP,,,,,,,,,,,,,,,,,,,
2003,10,8051010,1.9838709677419355,8051010,macapa,AP,,,,,,,,,,,,,,,,,,,
2003,10,8051012,0.7774193548387097,8051012,porto grande,AP,,,,,,,,,,,,,,,,,,,
2003,10,8052000,1.0870967741935484,8052000,serra do navio,AP,,,,,,,,,,,,,,,,,,,
2003,10,8150000,0.0,8150000,tartarugalzinho,AP,,,,,,,,,,,,,,,,,,,
2003,10,8150001,1.1,8150001,tartarugalzinho,AP,,,,,,,,,,,,,,,,,,,
2003,10,8151000,0.3709677419354839,8151000,tartarugalzinho,AP,,,,,,,,,,,,,,,,,,,
2003,10,8250002,3.4096774193548387,8250002,calcoene,AP,,,,,,,,,,,,,,,,,,,
2003,10,8250003,1.6838709677419357,8250003,amapa,AP,,,,,,,,,,,,,,,,,,,
2003,10,8251001,0.31612903225806455,8251001,calcoene,AP,,,,,,,,,,,,,,,,,,,
2003,10,8251004,1.5290322580645161,8251004,oiapoque,AP,,,,,,,,,,,,,,,,,,,
2003,10,8351002,1.8419354838709678,8351002,oiapoque,AP,,,,,,,,,,,,,,,,,,,
2003,11,51002,0.8166666666666667,51002,mazagao,AP,,,,,,,,,,,,,,,,,,,
2003,11,51004,1.1166666666666667,51004,mazagao,AP,,,,,,,,,,,,,,,,,,,
2003,11,52003,1.7533333333333334,52003,mazagao,AP,,,,,,,,,,,,,,,,,,,
2003,11,771001,5.956666666666666,771001,tarauaca,AC,,,,,,,,,,,,,,,,,,,
2003,11,968004,5.983333333333333,968004,bujari,AC,,,,,,,,,,,,,,,,,,,
2003,11,1067002,3.31,1067002,placido de castro,AC,,,,,,,,,,,,,,,,,,,
2003,11,1067003,5.62,1067003,capixaba,AC,,,,,,,,,,,,,,,,,,,
2003,11,1068000,5.1,1068000,xapuri,AC,,,,,,,,,,,,,,,,,,,
2003,11,8050000,0.0,8050000,macapa,AP,,,,,,,,,,,,,,,,,,,
2003,11,8050001,0.48000000000000004,8050001,macapa,AP,,,,,,,,,,,,,,,,,,,
2003,11,8051010,0.09000000000000001,8051010,macapa,AP,,,,,,,,,,,,,,,,,,,
2003,11,8051012,1.0799999999999998,8051012,porto grande,AP,,,,,,,,,,,,,,,,,,,
2003,11,8052000,1.66,8052000,serra do navio,AP,,,,,,,,,,,,,,,,,,,
2003,11,8150000,0.060000000000000005,8150000,tartarugalzinho,AP,,,,,,,,,,,,,,,,,,,
2003,11,8150001,4.48,8150001,tartarugalzinho,AP,,,,,,,,,,,,,,,,,,,
2003,11,8151000,6.016666666666667,8151000,tartarugalzinho,AP,,,,,,,,,,,,,,,,,,,
2003,11,8250002,0.30666666666666664,8250002,calcoene,AP,,,,,,,,,,,,,,,,,,,
2003,11,8250003,0.04333333333333333,8250003,amapa,AP,,,,,,,,,,,,,,,,,,,
2003,11,8251001,0.0,8251001,calcoene,AP,,,,,,,,,,,,,,,,,,,
2003,11,8251004,1.2633333333333332,8251004,oiapoque,AP,,,,,,,,,,,,,,,,,,,
2003,11,8351002,2.296666666666667,8351002,oiapoque,AP,,,,,,,,,,,,,,,,,,,
2003,12,51002,1.9193548387096775,51002,mazagao,AP,,,,,,,,,,,,,,,,,,,
2003,12,51004,3.9000000000000004,51004,mazagao,AP,,,,,,,,,,,,,,,,,,,
2003,12,52003,2.429032258064516,52003,mazagao,AP,,,,,,,,,,,,,,,,,,,
2003,12,771001,8.606451612903227,771001,tarauaca,AC,,,,,,,,,,,,,,,,,,,
2003,12,968004,9.0,968004,bujari,AC,,,,,,,,,,,,,,,,,,,
2003,12,1067002,11.306382978723404,1067002,placido de castro,AC,,,,,,,,,,,,,,,,,,,
2003,12,1067003,10.080645161290322,1067003,capixaba,AC,,,,,,,,,,,,,,,,,,,
2003,12,1068000,4.703225806451614,1068000,xapuri,AC,,,,,,,,,,,,,,,,,,,
2003,12,8050000,0.1774193548387097,8050000,macapa,AP,,,,,,,,,,,,,,,,,,,
2003,12,8050001,6.051612903225807,8050001,macapa,AP,,,,,,,,,,,,,,,,,,,
2003,12,8051010,2.4387096774193546,8051010,macapa,AP,,,,,,,,,,,,,,,,,,,
2003,12,8051012,4.370967741935484,8051012,porto grande,AP,,,,,,,,,,,,,,,,,,,
2003,12,8052000,1.7193548387096773,8052000,serra do navio,AP,,,,,,,,,,,,,,,,,,,
2003,12,8150000,3.9064516129032256,8150000,tartarugalzinho,AP,,,,,,,,,,,,,,,,,,,
2003,12,8150001,10.048387096774194,8150001,tartarugalzinho,AP,,,,,,,,,,,,,,,,,,,
2003,12,8151000,4.206451612903226,8151000,tartarugalzinho,AP,,,,,,,,,,,,,,,,,,,
2003,12,8250002,7.012903225806451,8250002,calcoene,AP,,,,,,,,,,,,,,,,,,,
2003,12,8250003,8.241935483870968,8250003,amapa,AP,,,,,,,,,,,,,,,,,,,
2003,12,8251001,4.300000000000001,8251001,calcoene,AP,,,,,,,,,,,,,,,,,,,
2003,12,8251004,4.974193548387096,8251004,oiapoque,AP,,,,,,,,,,,,,,,,,,,
2003,12,8351002,2.948387096774194,8351002,oiapoque,AP,,,,,,,,,,,,,,,,,,,
2004,1,51002,2.847058823529412,51002,mazagao,AP,,,,,,,,,,,,,,,,,,,
2004,1,51004,1.6612903225806452,51004,mazagao,AP,,,,,,,,,,,,,,,,,,,
2004,1,52003,3.851612903225806,52003,mazagao,AP,,,,,,,,,,,,,,,,,,,
2004,1,771001,11.577419354838709,771001,tarauaca,AC,,,,,,,,,,,,,,,,,,,
2004,1,968004,3.4838709677419355,968004,bujari,AC,,,,,,,,,,,,,,,,,,,
2004,1,1067002,5.529032258064516,1067002,placido de castro,AC,,,,,,,,,,,,,,,,,,,
2004,1,1067003,4.9,1067003,capixaba,AC,,,,,,,,,,,,,,,,,,,
2004,1,1068000,3.6516129032258067,1068000,xapuri,AC,,,,,,,,,,,,,,,,,,,
2004,1,8050000,10.548387096774194,8050000,macapa,AP,,,,,,,,,,,,,,,,,,,
2004,1,8050001,11.535483870967743,8050001,macapa,AP,,,,,,,,,,,,,,,,,,,
2004,1,8051010,4.874193548387097,8051010,macapa,AP,,,,,,,,,,,,,,,,,,,
2004,1,8051012,5.3,8051012,porto grande,AP,,,,,,,,,,,,,,,,,,,
2004,1,8052000,2.532258064516129,8052000,serra do navio,AP,,,,,,,,,,,,,,,,,,,
2004,1,8150000,5.6,8150000,tartarugalzinho,AP,,,,,,,,,,,,,,,,,,,
2004,1,8150001,8.319354838709677,8150001,tartarugalzinho,AP,,,,,,,,,,,,,,,,,,,
2004,1,8151000,15.406451612903224,8151000,tartarugalzinho,AP,,,,,,,,,,,,,,,,,,,
2004,1,8250002,7.935483870967742,8250002,calcoene,AP,,,,,,,,,,,,,,,,,,,
2004,1,8250003,13.616129032258065,8250003,amapa,AP,,,,,,,,,,,,,,,,,,,
2004,1,8251001,12.241935483870968,8251001,calcoene,AP,,,,,,,,,,,,,,,,,,,
2004,1,8251004,7.916129032258064,8251004,oiapoque,AP,,,,,,,,,,,,,,,,,,,
2004,1,8351002,6.187096774193549,8351002,oiapoque,AP,,,,,,,,,,,,,,,,,,,
2004,2,51002,20.773076923076925,51002,mazagao,AP,,,,,,,,,,,,,,,,,,,
2004,2,51004,15.299999999999999,51004,mazagao,AP,,,,,,,,,,,,,,,,,,,
2004,2,52003,15.720689655172414,52003,mazagao,AP,,,,,,,,,,,,,,,,,,,
2004,2,771001,7.0103448275862075,771001,tarauaca,AC,,,,,,,,,,,,,,,,,,,
2004,2,872000,2.1965517241379313,872000,marechal thaumaturgo,AC,,,,,,,,,,,,,,,,,,,
2004,2,968004,7.6689655172413795,968004,bujari,AC,,,,,,,,,,,,,,,,,,,
2004,2,972000,4.920689655172414,972000,marechal thaumaturgo,AC,,,,,,,,,,,,,,,,,,,
2004,2,1067002,6.527586206896552,1067002,placido de castro,AC,,,,,,,,,,,,,,,,,,,
2004,2,1067003,8.403448275862068,1067003,capixaba,AC,,,,,,,,,,,,,,,,,,,
2004,2,1068000,5.86551724137931,1068000,xapuri,AC,,,,,,,,,,,,,,,,,,,
2004,2,8050000,13.56551724137931,8050000,macapa,AP,,,,,,,,,,,,,,,,,,,
2004,2,8050001,4.155172413793103,8050001,macapa,AP,,,,,,,,,,,,,,,,,,,
2004,2,8051010,14.689655172413794,8051010,macapa,AP,,,,,,,,,,,,,,,,,,,
2004,2,8051012,12.172413793103448,8051012,porto grande,AP,,,,,,,,,,,,,,,,,,,
2004,2,8052000,12.593103448275862,8052000,serra do navio,AP,,,,,,,,,,,,,,,,,,,
2004,2,8150000,13.072413793103447,8150000,tartarugalzinho,AP,,,,,,,,,,,,,,,,,,,
2004,2,8150001,16.06551724137931,8150001,tartarugalzinho,AP,,,,,,,,,,,,,,,,,,,
2004,2,8151000,19.02758620689655,8151000,tartarugalzinho,AP,,,,,,,,,,,,,,,,,,,
2004,2,8250002,20.613793103448277,8250002,calcoene,AP,,,,,,,,,,,,,,,,,,,
2004,2,8250003,24.586206896551722,8250003,amapa,AP,,,,,,,,,,,,,,,,,,,
2004,2,8251001,13.420689655172414,8251001,calcoene,AP,,,,,,,,,,,,,,,,,,,
2004,2,8251004,12.679310344827586,8251004,oiapoque,AP,,,,,,,,,,,,,,,,,,,
2004,2,8351002,8.848275862068967,8351002,oiapoque,AP,,,,,,,,,,,,,,,,,,,
2004,3,51002,14.341935483870968,51002,mazagao,AP,,,,,,,,,,,,,,,,,,,
2004,3,51004,7.906451612903226,51004,mazagao,AP,,,,,,,,,,,,,,,,,,,
2004,3,52003,7.109677419354839,52003,mazagao,AP,,,,,,,,,,,,,,,,,,,
2004,3,771001,11.567741935483872,771001,tarauaca,AC,,,,,,,,,,,,,,,,,,,
2004,3,872000,3.0129032258064514,872000,marechal thaumaturgo,AC,,,,,,,,,,,,,,,,,,,
2004,3,968004,7.648387096774194,968004,bujari,AC,,,,,,,,,,,,,,,,,,,
2004,3,972000,5.664516129032258,972000,marechal thaumaturgo,AC,,,,,,,,,,,,,,,,,,,
2004,3,1067002,8.443548387096774,1067002,placido de castro,AC,,,,,,,,,,,,,,,,,,,
2004,3,1067003,8.312903225806451,1067003,capixaba,AC,,,,,,,,,,,,,,,,,,,
2004,3,1068000,4.929032258064517,1068000,xapuri,AC,,,,,,,,,,,,,,,,,,,
2004,3,8050000,17.62258064516129,8050000,macapa,AP,,,,,,,,,,,,,,,,,,,
2004,3,8050001,11.903225806451612,8050001,macapa,AP,,,,,,,,,,,,,,,,,,,
2004,3,8051010,17.309677419354838,8051010,macapa,AP,,,,,,,,,,,,,,,,,,,
2004,3,8051012,14.48709677419355,8051012,porto grande,AP,,,,,,,,,,,,,,,,,,,
2004,3,8052000,9.658064516129032,8052000,serra do navio,AP,,,,,,,,,,,,,,,,,,,
2004,3,8150000,13.69032258064516,8150000,tartarugalzinho,AP,,,,,,,,,,,,,,,,,,,
2004,3,8150001,21.067741935483873,8150001,tartarugalzinho,AP,,,,,,,,,,,,,,,,,,,
2004,3,8151000,24.87741935483871,8151000,tartarugalzinho,AP,,,,,,,,,,,,,,,,,,,
2004,3,8250002,30.296774193548387,8250002,calcoene,AP,,,,,,,,,,,,,,,,,,,
2004,3,8250003,39.71290322580645,8250003,amapa,AP,,,,,,,,,,,,,,,,,,,
2004,3,8251001,22.03548387096774,8251001,calcoene,AP,,,,,,,,,,,,,,,,,,,
2004,3,8251004,24.02258064516129,8251004,oiapoque,AP,,,,,,,,,,,,,,,,,,,
2004,3,8351002,16.84193548387097,8351002,oiapoque,AP,,,,,,,,,,,,,,,,,,,
2004,4,51002,1.8777777777777775,51002,mazagao,AP,,,,,,,,,,,,,,,,,,,
2004,4,51004,4.8533333333333335,51004,mazagao,AP,,,,,,,,,,,,,,,,,,,
2004,4,52003,11.843333333333334,52003,mazagao,AP,,,,,,,,,,,,,,,,,,,
2004,4,771001,4.523333333333334,771001,tarauaca,AC,,,,,,,,,,,,,,,,,,,
2004,4,872000,2.6333333333333333,872000,marechal thaumaturgo,AC,,,,,,,,,,,,,,,,,,,
2004,4,968004,2.0966666666666667,968004,bujari,AC,,,,,,,,,,,,,,,,,,,
2004,4,972000,4.566666666666666,972000,marechal thaumaturgo,AC,,,,,,,,,,,,,,,,,,,
2004,4,1067002,6.62,1067002,placido de castro,AC,,,,,,,,,,,,,,,,,,,
2004,4,1067003,3.6,1067003,capixaba,AC,,,,,,,,,,,,,,,,,,,
2004,4,1068000,4.973333333333333,1068000,xapuri,AC,,,,,,,,,,,,,,,,,,,
2004,4,8050000,13.023333333333333,8050000,macapa,AP,,,,,,,,,,,,,,,,,,,
2004,4,8050001,21.666666666666668,8050001,macapa,AP,,,,,,,,,,,,,,,,,,,
2004,4,8051010,7.863333333333333,8051010,macapa,AP,,,,,,,,,,,,,,,,,,,
2004,4,8051012,11.85,8051012,porto grande,AP,,,,,,,,,,,,,,,,,,,
2004,4,8052000,14.183333333333334,8052000,serra do navio,AP,,,,,,,,,,,,,,,,,,,
2004,4,8150000,10.053333333333335,8150000,tartarugalzinho,AP,,,,,,,,,,,,,,,,,,,
2004,4,8150001,15.233333333333333,8150001,tartarugalzinho,AP,,,,,,,,,,,,,,,,,,,
2004,4,8151000,21.4,8151000,tartarugalzinho,AP,,,,,,,,,,,,,,,,,,,
2004,4,8250002,14.870000000000001,8250002,calcoene,AP,,,,,,,,,,,,,,,,,,,
2004,4,8251001,21.7,8251001,calcoene,AP,,,,,,,,,,,,,,,,,,,
2004,4,8251004,18.66,8251004,oiapoque,AP,,,,,,,,,,,,,,,,,,,
2004,4,8351002,20.02,8351002,oiapoque,AP,,,,,,,,,,,,,,,,,,,
2004,5,51002,6.37037037037037,51002,mazagao,AP,,,,,,,,,,,,,,,,,,,
2004,5,51004,11.98709677419355,51004,mazagao,AP,,,,,,,,,,,,,,,,,,,
2004,5,52003,7.751612903225807,52003,mazagao,AP,,,,,,,,,,,,,,,,,,,
2004,5,771001,0.3709677419354839,771001,tarauaca,AC,,,,,,,,,,,,,,,,,,,
2004,5,872000,0.5935483870967742,872000,marechal thaumaturgo,AC,,,,,,,,,,,,,,,,,,,
2004,5,968004,1.0870967741935484,968004,bujari,AC,,,,,,,,,,,,,,,,,,,
2004,5,972000,3.6774193548387095,972000,marechal thaumaturgo,AC,,,,,,,,,,,,,,,,,,,
2004,5,1067002,2.3483870967741933,1067002,placido de castro,AC,,,,,,,,,,,,,,,,,,,
2004,5,1067003,0.5096774193548387,1067003,capixaba,AC,,,,,,,,,,,,,,,,,,,
2004,5,1068000,0.6000000000000001,1068000,xapuri,AC,,,,,,,,,,,,,,,,,,,
2004,5,8050000,9.519354838709678,8050000,macapa,AP,,,,,,,,,,,,,,,,,,,
2004,5,8050001,16.94193548387097,8050001,macapa,AP,,,,,,,,,,,,,,,,,,,
2004,5,8051010,6.025806451612904,8051010,macapa,AP,,,,,,,,,,,,,,,,,,,
2004,5,8051012,10.719354838709679,8051012,porto grande,AP,,,,,,,,,,,,,,,,,,,
2004,5,8052000,9.702580645161289,8052000,serra do navio,AP,,,,,,,,,,,,,,,,,,,
2004,5,8150000,11.974193548387097,8150000,tartarugalzinho,AP,,,,,,,,,,,,,,,,,,,
2004,5,8150001,12.951612903225806,8150001,tartarugalzinho,AP,,,,,,,,,,,,,,,,,,,
2004,5,8151000,21.43548387096774,8151000,tartarugalzinho,AP,,,,,,,,,,,,,,,,,,,
2004,5,8250002,21.641935483870967,8250002,calcoene,AP,,,,,,,,,,,,,,,,,,,
2004,5,8251001,22.674193548387095,8251001,calcoene,AP,,,,,,,,,,,,,,,,,,,
2004,5,8251004,13.21290322580645,8251004,oiapoque,AP,,,,,,,,,,,,,,,,,,,
2004,5,8351002,15.719354838709679,8351002,oiapoque,AP,,,,,,,,,,,,,,,,,,,
2004,6,51002,12.557692307692308,51002,mazagao,AP,,,,,,,,,,,,,,,,,,,
2004,6,51004,7.706666666666666,51004,mazagao,AP,,,,,,,,,,,,,,,,,,,
2004,6,52003,11.276666666666667,52003,mazagao,AP,,,,,,,,,,,,,,,,,,,
2004,6,771001,4.086666666666667,771001,tarauaca,AC,,,,,,,,,,,,,,,,,,,
2004,6,872000,1.7533333333333334,872000,marechal thaumaturgo,AC,,,,,,,,,,,,,,,,,,,
2004,6,968004,0.39333333333333337,968004,bujari,AC,,,,,,,,,,,,,,,,,,,
2004,6,972000,0.9233333333333335,972000,marechal thaumaturgo,AC,,,,,,,,,,,,,,,,,,,
2004,6,1067002,1.23,1067002,placido de castro,AC,,,,,,,,,,,,,,,,,,,
2004,6,1067003,1.25,1067003,capixaba,AC,,,,,,,,,,,,,,,,,,,
2004,6,1068000,0.4666666666666667,1068000,xapuri,AC,,,,,,,,,,,,,,,,,,,
2004,6,8050000,11.370000000000001,8050000,macapa,AP,,,,,,,,,,,,,,,,,,,
2004,6,8050001,4.713333333333334,8050001,macapa,AP,,,,,,,,,,,,,,,,,,,
2004,6,8051010,5.973333333333333,8051010,macapa,AP,,,,,,,,,,,,,,,,,,,
2004,6,8051012,5.23,8051012,porto grande,AP,,,,,,,,,,,,,,,,,,,
2004,6,8052000,7.003333333333333,8052000,serra do navio,AP,,,,,,,,,,,,,,,,,,,
2004,6,8150000,9.256666666666666,8150000,tartarugalzinho,AP,,,,,,,,,,,,,,,,,,,
2004,6,8150001,6.38,8150001,tartarugalzinho,AP,,,,,,,,,,,,,,,,,,,
2004,6,8151000,13.71,8151000,tartarugalzinho,AP,,,,,,,,,,,,,,,,,,,
2004,6,8250002,14.71,8250002,calcoene,AP,,,,,,,,,,,,,,,,,,,
2004,6,8251001,15.356666666666666,8251001,calcoene,AP,,,,,,,,,,,,,,,,,,,
2004,6,8251004,13.736666666666666,8251004,oiapoque,AP,,,,,,,,,,,,,,,,,,,
2004,6,8351002,13.25,8351002,oiapoque,AP,,,,,,,,,,,,,,,,,,,
2004,7,51002,4.335483870967742,51002,mazagao,AP,,,,,,,,,,,,,,,,,,,
2004,7,51004,10.403225806451612,51004,mazagao,AP,,,,,,,,,,,,,,,,,,,
2004,7,52003,6.809677419354839,52003,mazagao,AP,,,,,,,,,,,,,,,,,,,
2004,7,771001,4.961290322580646,771001,tarauaca,AC,,,,,,,,,,,,,,,,,,,
2004,7,872000,1.9838709677419355,872000,marechal thaumaturgo,AC,,,,,,,,,,,,,,,,,,,
2004,7,968004,1.038709677419355,968004,bujari,AC,,,,,,,,,,,,,,,,,,,
2004,7,972000,1.7870967741935486,972000,marechal thaumaturgo,AC,,,,,,,,,,,,,,,,,,,
2004,7,1067002,1.6580645161290322,1067002,placido de castro,AC,,,,,,,,,,,,,,,,,,,
2004,7,1067003,1.670967741935484,1067003,capixaba,AC,,,,,,,,,,,,,,,,,,,
2004,7,1068000,1.2451612903225804,1068000,xapuri,AC,,,,,,,,,,,,,,,,,,,
2004,7,8050000,7.361290322580645,8050000,macapa,AP,,,,,,,,,,,,,,,,,,,
2004,7,8050001,3.825806451612903,8050001,macapa,AP,,,,,,,,,,,,,,,,,,,
2004,7,8051010,4.590322580645162,8051010,macapa,AP,,,,,,,,,,,,,,,,,,,
2004,7,8051012,5.206451612903226,8051012,porto grande,AP,,,,,,,,,,,,,,,,,,,
2004,7,8052000,6.699999999999999,8052000,serra do navio,AP,,,,,,,,,,,,,,,,,,,
2004,7,8150000,7.9,8150000,tartarugalzinho,AP,,,,,,,,,,,,,,,,,,,
2004,7,8150001,5.577419354838709,8150001,tartarugalzinho,AP,,,,,,,,,,,,,,,,,,,
2004,7,8151000,8.896774193548387,8151000,tartarugalzinho,AP,,,,,,,,,,,,,,,,,,,
2004,7,8250002,5.16774193548387,8250002,calcoene,AP,,,,,,,,,,,,,,,,,,,
2004,7,8251001,8.480645161290322,8251001,calcoene,AP,,,,,,,,,,,,,,,,,,,
2004,7,8251004,8.348387096774195,8251004,oiapoque,AP,,,,,,,,,,,,,,,,,,,
2004,7,8351002,5.325806451612903,8351002,oiapoque,AP,,,,,,,,,,,,,,,,,,,
2004,8,51002,7.883870967741935,51002,mazagao,AP,,,,,,,,,,,,,,,,,,,
2004,8,51004,1.467741935483871,51004,mazagao,AP,,,,,,,,,,,,,,,,,,,
2004,8,52003,1.7387096774193551,52003,mazagao,AP,,,,,,,,,,,,,,,,,,,
2004,8,771001,3.3322580645161293,771001,tarauaca,AC,,,,,,,,,,,,,,,,,,,
2004,8,872000,2.4387096774193546,872000,marechal thaumaturgo,AC,,,,,,,,,,,,,,,,,,,
2004,8,968004,2.5612903225806454,968004,bujari,AC,,,,,,,,,,,,,,,,,,,
2004,8,972000,2.116129032258064,972000,marechal thaumaturgo,AC,,,,,,,,,,,,,,,,,,,
2004,8,1067002,4.309677419354839,1067002,placido de castro,AC,,,,,,,,,,,,,,,,,,,
2004,8,1067003,1.2354838709677418,1067003,capixaba,AC,,,,,,,,,,,,,,,,,,,
2004,8,1068000,1.632258064516129,1068000,xapuri,AC,,,,,,,,,,,,,,,,,,,
2004,8,8050000,0.0,8050000,macapa,AP,,,,,,,,,,,,,,,,,,,
2004,8,8051010,3.2129032258064516,8051010,macapa,AP,,,,,,,,,,,,,,,,,,,
2004,8,8051012,4.019354838709678,8051012,porto grande,AP,,,,,,,,,,,,,,,,,,,
2004,8,8052000,3.6129032258064515,8052000,serra do navio,AP,,,,,,,,,,,,,,,,,,,
2004,8,8150000,1.8774193548387095,8150000,tartarugalzinho,AP,,,,,,,,,,,,,,,,,,,
2004,8,8150001,5.348387096774194,8150001,tartarugalzinho,AP,,,,,,,,,,,,,,,,,,,
2004,8,8151000,3.661290322580645,8151000,tartarugalzinho,AP,,,,,,,,,,,,,,,,,,,
2004,8,8250002,2.267741935483871,8250002,calcoene,AP,,,,,,,,,,,,,,,,,,,
2004,8,8250003,2.296774193548387,8250003,amapa,AP,,,,,,,,,,,,,,,,,,,
2004,8,8251001,0.37741935483870964,8251001,calcoene,AP,,,,,,,,,,,,,,,,,,,
2004,8,8251004,1.2483870967741937,8251004,oiapoque,AP,,,,,,,,,,,,,,,,,,,
2004,8,8351002,1.1096774193548387,8351002,oiapoque,AP,,,,,,,,,,,,,,,,,,,
2004,9,51002,0.5633333333333334,51002,mazagao,AP,,,,,,,,,,,,,,,,,,,
2004,9,51004,0.0,51004,mazagao,AP,,,,,,,,,,,,,,,,,,,
2004,9,52003,0.04666666666666666,52003,mazagao,AP,,,,,,,,,,,,,,,,,,,
2004,9,771001,6.46,771001,tarauaca,AC,,,,,,,,,,,,,,,,,,,
2004,9,872000,3.1533333333333333,872000,marechal thaumaturgo,AC,,,,,,,,,,,,,,,,,,,
2004,9,968004,1.3766666666666665,968004,bujari,AC,,,,,,,,,,,,,,,,,,,
2004,9,972000,4.153333333333333,972000,marechal thaumaturgo,AC,,,,,,,,,,,,,,,,,,,
2004,9,1067002,1.3660377358490567,1067002,placido de castro,AC,,,,,,,,,,,,,,,,,,,
2004,9,1067003,0.64,1067003,capixaba,AC,,,,,,,,,,,,,,,,,,,
2004,9,1068000,0.5333333333333333,1068000,xapuri,AC,,,,,,,,,,,,,,,,,,,
2004,9,8050000,0.0,8050000,macapa,AP,,,,,,,,,,,,,,,,,,,
2004,9,8050001,1.275,8050001,macapa,AP,,,,,,,,,,,,,,,,,,,
2004,9,8051010,0.0,8051010,macapa,AP,,,,,,,,,,,,,,,,,,,
2004,9,8051012,3.25,8051012,porto grande,AP,,,,,,,,,,,,,,,,,,,
2004,9,8052000,4.156666666666667,8052000,serra do navio,AP,,,,,,,,,,,,,,,,,,,
2004,9,8150000,0.6033333333333334,8150000,tartarugalzinho,AP,,,,,,,,,,,,,,,,,,,
2004,9,8150001,0.73,8150001,tartarugalzinho,AP,,,,,,,,,,,,,,,,,,,
2004,9,8151000,5.383333333333334,8151000,tartarugalzinho,AP,,,,,,,,,,,,,,,,,,,
2004,9,8250002,0.30333333333333334,8250002,calcoene,AP,,,,,,,,,,,,,,,,,,,
2004,9,8250003,0.23333333333333334,8250003,amapa,AP,,,,,,,,,,,,,,,,,,,
2004,9,8251001,0.4766666666666666,8251001,calcoene,AP,,,,,,,,,,,,,,,,,,,
2004,9,8251004,0.30333333333333334,8251004,oiapoque,AP,,,,,,,,,,,,,,,,,,,
2004,9,8351002,0.6166666666666667,8351002,oiapoque,AP,,,,,,,,,,,,,,,,,,,
2004,10,51002,0.132258064516129,51002,mazagao,AP,,,,,,,,,,,,,,,,,,,
2004,10,51004,2.238709677419355,51004,mazagao,AP,,,,,,,,,,,,,,,,,,,
2004,10,52003,1.4548387096774194,52003,mazagao,AP,,,,,,,,,,,,,,,,,,,
2004,10,771001,8.764516129032257,771001,tarauaca,AC,,,,,,,,,,,,,,,,,,,
2004,10,872000,5.780645161290322,872000,marechal thaumaturgo,AC,,,,,,,,,,,,,,,,,,,
2004,10,968004,7.580645161290323,968004,bujari,AC,,,,,,,,,,,,,,,,,,,
2004,10,972000,9.009677419354839,972000,marechal thaumaturgo,AC,,,,,,,,,,,,,,,,,,,
2004,10,1067002,4.761290322580645,1067002,placido de castro,AC,,,,,,,,,,,,,,,,,,,
2004,10,1067003,1.8838709677419356,1067003,capixaba,AC,,,,,,,,,,,,,,,,,,,
2004,10,1068000,2.2580645161290325,1068000,xapuri,AC,,,,,,,,,,,,,,,,,,,
2004,10,8050000,0.0,8050000,macapa,AP,,,,,,,,,,,,,,,,,,,
2004,10,8050001,1.2580645161290323,8050001,macapa,AP,,,,,,,,,,,,,,,,,,,
2004,10,8051010,0.0,8051010,macapa,AP,,,,,,,,,,,,,,,,,,,
2004,10,8051012,2.8193548387096774,8051012,porto grande,AP,,,,,,,,,,,,,,,,,,,
2004,10,8052000,5.035483870967742,8052000,serra do navio,AP,,,,,,,,,,,,,,,,,,,
2004,10,8150000,0.03225806451612903,8150000,tartarugalzinho,AP,,,,,,,,,,,,,,,,,,,
2004,10,8150001,0.17419354838709677,8150001,tartarugalzinho,AP,,,,,,,,,,,,,,,,,,,
2004,10,8151000,1.5161290322580645,8151000,tartarugalzinho,AP,,,,,,,,,,,,,,,,,,,
2004,10,8250002,1.6258064516129032,8250002,calcoene,AP,,,,,,,,,,,,,,,,,,,
2004,10,8250003,0.0,8250003,amapa,AP,,,,,,,,,,,,,,,,,,,
2004,10,8251001,0.11290322580645161,8251001,calcoene,AP,,,,,,,,,,,,,,,,,,,
2004,10,8251004,0.23225806451612904,8251004,oiapoque,AP,,,,,,,,,,,,,,,,,,,
2004,10,8351002,2.629032258064516,8351002,oiapoque,AP,,,,,,,,,,,,,,,,,,,
2004,11,51002,0.0,51002,mazagao,AP,,,,,,,,,,,,,,,,,,,
2004,11,51004,0.0,51004,mazagao,AP,,,,,,,,,,,,,,,,,,,
2004,11,52003,0.0,52003,mazagao,AP,,,,,,,,,,,,,,,,,,,
2004,11,771001,6.0,771001,tarauaca,AC,,,,,,,,,,,,,,,,,,,
2004,11,872000,1.6666666666666667,872000,marechal thaumaturgo,AC,,,,,,,,,,,,,,,,,,,
2004,11,968004,10.97,968004,bujari,AC,,,,,,,,,,,,,,,,,,,
2004,11,972000,9.73,972000,marechal thaumaturgo,AC,,,,,,,,,,,,,,,,,,,
2004,11,1067002,2.01,1067002,placido de castro,AC,,,,,,,,,,,,,,,,,,,
2004,11,1067003,5.673333333333333,1067003,capixaba,AC,,,,,,,,,,,,,,,,,,,
2004,11,1068000,6.319999999999999,1068000,xapuri,AC,,,,,,,,,,,,,,,,,,,
2004,11,8050000,0.0,8050000,macapa,AP,,,,,,,,,,,,,,,,,,,
2004,11,8050001,0.59,8050001,macapa,AP,,,,,,,,,,,,,,,,,,,
2004,11,8051010,0.0,8051010,macapa,AP,,,,,,,,,,,,,,,,,,,
2004,11,8051012,0.7133333333333333,8051012,porto grande,AP,,,,,,,,,,,,,,,,,,,
2004,11,8052000,0.9900000000000001,8052000,serra do navio,AP,,,,,,,,,,,,,,,,,,,
2004,11,8150000,0.30333333333333334,8150000,tartarugalzinho,AP,,,,,,,,,,,,,,,,,,,
2004,11,8150001,0.04,8150001,tartarugalzinho,AP,,,,,,,,,,,,,,,,,,,
2004,11,8151000,2.536666666666667,8151000,tartarugalzinho,AP,,,,,,,,,,,,,,,,,,,
2004,11,8250002,0.37333333333333335,8250002,calcoene,AP,,,,,,,,,,,,,,,,,,,
2004,11,8250003,0.07333333333333333,8250003,amapa,AP,,,,,,,,,,,,,,,,,,,
2004,11,8251001,1.6900000000000002,8251001,calcoene,AP,,,,,,,,,,,,,,,,,,,
2004,11,8251004,1.0466666666666666,8251004,oiapoque,AP,,,,,,,,,,,,,,,,,,,
2004,11,8351002,1.9800000000000002,8351002,oiapoque,AP,,,,,,,,,,,,,,,,,,,
2004,12,51002,0.4258064516129032,51002,mazagao,AP,,,,,,,,,,,,,,,,,,,
2004,12,51004,4.590322580645162,51004,mazagao,AP,,,,,,,,,,,,,,,,,,,
2004,12,52003,1.8225806451612903,52003,mazagao,AP,,,,,,,,,,,,,,,,,,,
2004,12,771001,11.770967741935483,771001,tarauaca,AC,,,,,,,,,,,,,,,,,,,
2004,12,872000,6.548387096774194,872000,marechal thaumaturgo,AC,,,,,,,,,,,,,,,,,,,
2004,12,968004,9.806451612903226,968004,bujari,AC,,,,,,,,,,,,,,,,,,,
2004,12,972000,8.82258064516129,972000,marechal thaumaturgo,AC,,,,,,,,,,,,,,,,,,,
2004,12,1067002,7.903225806451613,1067002,placido de castro,AC,,,,,,,,,,,,,,,,,,,
2004,12,1067003,7.848387096774194,1067003,capixaba,AC,,,,,,,,,,,,,,,,,,,
2004,12,1068000,4.32258064516129,1068000,xapuri,AC,,,,,,,,,,,,,,,,,,,
2004,12,8050000,0.0,8050000,macapa,AP,,,,,,,,,,,,,,,,,,,
2004,12,8050001,2.116129032258064,8050001,macapa,AP,,,,,,,,,,,,,,,,,,,
2004,12,8051010,1.3290322580645162,8051010,macapa,AP,,,,,,,,,,,,,,,,,,,
2004,12,8051012,2.306451612903226,8051012,porto grande,AP,,,,,,,,,,,,,,,,,,,
2004,12,8052000,2.738709677419355,8052000,serra do navio,AP,,,,,,,,,,,,,,,,,,,
2004,12,8150000,2.3645161290322583,8150000,tartarugalzinho,AP,,,,,,,,,,,,,,,,,,,
2004,12,8150001,1.1258064516129032,8150001,tartarugalzinho,AP,,,,,,,,,,,,,,,,,,,
2004,12,8151000,0.6483870967741936,8151000,tartarugalzinho,AP,,,,,,,,,,,,,,,,,,,
2004,12,8250002,2.8806451612903223,8250002,calcoene,AP,,,,,,,,,,,,,,,,,,,
2004,12,8250003,2.796774193548387,8250003,amapa,AP,,,,,,,,,,,,,,,,,,,
2004,12,8251001,0.535483870967742,8251001,calcoene,AP,,,,,,,,,,,,,,,,,,,
2004,12,8251004,1.7580645161290323,8251004,oiapoque,AP,,,,,,,,,,,,,,,,,,,
2004,12,8351002,4.209677419354839,8351002,oiapoque,AP,,,,,,,,,,,,,,,,,,,
2005,1,51002,6.656666666666666,51002,mazagao,AP,,,,,,,,,,,,,,,,,,,
2005,1,51004,5.593548387096774,51004,mazagao,AP,,,,,,,,,,,,,,,,,,,
2005,1,52003,3.2580645161290325,52003,mazagao,AP,,,,,,,,,,,,,,,,,,,
2005,1,771001,4.829032258064517,771001,tarauaca,AC,,,,,,,,,,,,,,,,,,,
2005,1,872000,4.193548387096774,872000,marechal thaumaturgo,AC,,,,,,,,,,,,,,,,,,,
2005,1,968004,9.725806451612904,968004,bujari,AC,,,,,,,,,,,,,,,,,,,
2005,1,972000,8.174193548387096,972000,marechal thaumaturgo,AC,,,,,,,,,,,,,,,,,,,
2005,1,1067002,2.8193548387096774,1067002,placido de castro,AC,,,,,,,,,,,,,,,,,,,
2005,1,1067003,4.212903225806452,1067003,capixaba,AC,,,,,,,,,,,,,,,,,,,
2005,1,1068000,3.6258064516129034,1068000,xapuri,AC,,,,,,,,,,,,,,,,,,,
2005,1,8050000,7.125806451612903,8050000,macapa,AP,,,,,,,,,,,,,,,,,,,
2005,1,8050001,3.106451612903226,8050001,macapa,AP,,,,,,,,,,,,,,,,,,,
2005,1,8051010,4.37741935483871,8051010,macapa,AP,,,,,,,,,,,,,,,,,,,
2005,1,8051012,5.032258064516129,8051012,porto grande,AP,,,,,,,,,,,,,,,,,,,
2005,1,8052000,7.993548387096775,8052000,serra do navio,AP,,,,,,,,,,,,,,,,,,,
2005,1,8150000,5.683870967741936,8150000,tartarugalzinho,AP,,,,,,,,,,,,,,,,,,,
2005,1,8150001,6.819354838709677,8150001,tartarugalzinho,AP,,,,,,,,,,,,,,,,,,,
2005,1,8151000,11.245161290322581,8151000,tartarugalzinho,AP,,,,,,,,,,,,,,,,,,,
2005,1,8250002,11.206451612903226,8250002,calcoene,AP,,,,,,,,,,,,,,,,,,,
2005,1,8250003,10.783870967741937,8250003,amapa,AP,,,,,,,,,,,,,,,,,,,
2005,1,8251001,10.387096774193548,8251001,calcoene,AP,,,,,,,,,,,,,,,,,,,
2005,1,8251004,10.222580645161292,8251004,oiapoque,AP,,,,,,,,,,,,,,,,,,,
2005,1,8351002,12.62258064516129,8351002,oiapoque,AP,,,,,,,,,,,,,,,,,,,
2005,2,51002,10.633333333333333,51002,mazagao,AP,,,,,,,,,,,,,,,,,,,
2005,2,51004,7.425,51004,mazagao,AP,,,,,,,,,,,,,,,,,,,
2005,2,52003,9.292857142857143,52003,mazagao,AP,,,,,,,,,,,,,,,,,,,
2005,2,771001,9.535714285714286,771001,tarauaca,AC,,,,,,,,,,,,,,,,,,,
2005,2,872000,6.564285714285715,872000,marechal thaumaturgo,AC,,,,,,,,,,,,,,,,,,,
2005,2,968004,8.189285714285715,968004,bujari,AC,,,,,,,,,,,,,,,,,,,
2005,2,972000,7.603571428571429,972000,marechal thaumaturgo,AC,,,,,,,,,,,,,,,,,,,
2005,2,1067002,5.971428571428571,1067002,placido de castro,AC,,,,,,,,,,,,,,,,,,,
2005,2,1067003,9.521428571428572,1067003,capixaba,AC,,,,,,,,,,,,,,,,,,,
2005,2,1068000,13.771428571428572,1068000,xapuri,AC,,,,,,,,,,,,,,,,,,,
2005,2,8050000,11.242857142857144,8050000,macapa,AP,,,,,,,,,,,,,,,,,,,
2005,2,8050001,10.075000000000001,8050001,macapa,AP,,,,,,,,,,,,,,,,,,,
2005,2,8051010,8.607142857142858,8051010,macapa,AP,,,,,,,,,,,,,,,,,,,
2005,2,8051012,14.450000000000001,8051012,porto grande,AP,,,,,,,,,,,,,,,,,,,
2005,2,8052000,9.5,8052000,serra do navio,AP,,,,,,,,,,,,,,,,,,,
2005,2,8150000,17.717857142857145,8150000,tartarugalzinho,AP,,,,,,,,,,,,,,,,,,,
2005,2,8150001,18.79642857142857,8150001,tartarugalzinho,AP,,,,,,,,,,,,,,,,,,,
2005,2,8151000,19.807142857142857,8151000,tartarugalzinho,AP,,,,,,,,,,,,,,,,,,,
2005,2,8250002,29.40357142857143,8250002,calcoene,AP,,,,,,,,,,,,,,,,,,,
2005,2,8250003,17.321428571428573,8250003,amapa,AP,,,,,,,,,,,,,,,,,,,
2005,2,8251001,18.728571428571428,8251001,calcoene,AP,,,,,,,,,,,,,,,,,,,
2005,2,8251004,16.035714285714285,8251004,oiapoque,AP,,,,,,,,,,,,,,,,,,,
2005,2,8351002,12.071428571428571,8351002,oiapoque,AP,,,,,,,,,,,,,,,,,,,
2005,3,51002,10.421428571428573,51002,mazagao,AP,,,,,,,,,,,,,,,,,,,
2005,3,51004,10.903225806451612,51004,mazagao,AP,,,,,,,,,,,,,,,,,,,
2005,3,52003,6.628064516129032,52003,mazagao,AP,,,,,,,,,,,,,,,,,,,
2005,3,771001,8.67741935483871,771001,tarauaca,AC,,,,,,,,,,,,,,,,,,,
2005,3,872000,9.061290322580644,872000,marechal thaumaturgo,AC,,,,,,,,,,,,,,,,,,,
2005,3,968004,7.658064516129032,968004,bujari,AC,,,,,,,,,,,,,,,,,,,
2005,3,972000,8.058064516129031,972000,marechal thaumaturgo,AC,,,,,,,,,,,,,,,,,,,
2005,3,1067002,8.761290322580646,1067002,placido de castro,AC,,,,,,,,,,,,,,,,,,,
2005,3,1067003,6.561290322580645,1067003,capixaba,AC,,,,,,,,,,,,,,,,,,,
2005,3,1068000,3.967741935483871,1068000,xapuri,AC,,,,,,,,,,,,,,,,,,,
2005,3,8050000,18.467741935483872,8050000,macapa,AP,,,,,,,,,,,,,,,,,,,
2005,3,8050001,11.045161290322582,8050001,macapa,AP,,,,,,,,,,,,,,,,,,,
2005,3,8051010,13.758064516129032,8051010,macapa,AP,,,,,,,,,,,,,,,,,,,
2005,3,8051012,8.358064516129033,8051012,porto grande,AP,,,,,,,,,,,,,,,,,,,
2005,3,8052000,9.319354838709677,8052000,serra do navio,AP,,,,,,,,,,,,,,,,,,,
2005,3,8150000,18.138709677419353,8150000,tartarugalzinho,AP,,,,,,,,,,,,,,,,,,,
2005,3,8150001,15.180645161290323,8150001,tartarugalzinho,AP,,,,,,,,,,,,,,,,,,,
2005,3,8151000,25.16774193548387,8151000,tartarugalzinho,AP,,,,,,,,,,,,,,,,,,,
2005,3,8250002,19.996774193548386,8250002,calcoene,AP,,,,,,,,,,,,,,,,,,,
2005,3,8250003,17.516129032258064,8250003,amapa,AP,,,,,,,,,,,,,,,,,,,
2005,3,8251001,26.02258064516129,8251001,calcoene,AP,,,,,,,,,,,,,,,,,,,
2005,3,8251004,17.725806451612904,8251004,oiapoque,AP,,,,,,,,,,,,,,,,,,,
2005,3,8351002,19.63225806451613,8351002,oiapoque,AP,,,,,,,,,,,,,,,,,,,
2005,4,51002,10.1,51002,mazagao,AP,,,,,,,,,,,,,,,,,,,
2005,4,51004,13.49,51004,mazagao,AP,,,,,,,,,,,,,,,,,,,
2005,4,52003,14.31,52003,mazagao,AP,,,,,,,,,,,,,,,,,,,
2005,4,771001,7.0600000000000005,771001,tarauaca,AC,,,,,,,,,,,,,,,,,,,
2005,4,872000,6.796666666666667,872000,marechal thaumaturgo,AC,,,,,,,,,,,,,,,,,,,
2005,4,968004,5.8533333333333335,968004,bujari,AC,,,,,,,,,,,,,,,,,,,
2005,4,972000,4.25,972000,marechal thaumaturgo,AC,,,,,,,,,,,,,,,,,,,
2005,4,1067002,6.863333333333333,1067002,placido de castro,AC,,,,,,,,,,,,,,,,,,,
2005,4,1067003,3.57,1067003,capixaba,AC,,,,,,,,,,,,,,,,,,,
2005,4,1068000,2.5933333333333333,1068000,xapuri,AC,,,,,,,,,,,,,,,,,,,
2005,4,8050000,20.69333333333333,8050000,macapa,AP,,,,,,,,,,,,,,,,,,,
2005,4,8050001,27.833333333333332,8050001,macapa,AP,,,,,,,,,,,,,,,,,,,
2005,4,8051010,19.12,8051010,macapa,AP,,,,,,,,,,,,,,,,,,,
2005,4,8051012,12.4,8051012,porto grande,AP,,,,,,,,,,,,,,,,,,,
2005,4,8052000,16.646666666666665,8052000,serra do navio,AP,,,,,,,,,,,,,,,,,,,
2005,4,8150000,19.60666666666667,8150000,tartarugalzinho,AP,,,,,,,,,,,,,,,,,,,
2005,4,8150001,30.19,8150001,tartarugalzinho,AP,,,,,,,,,,,,,,,,,,,
2005,4,8151000,24.62,8151000,tartarugalzinho,AP,,,,,,,,,,,,,,,,,,,
2005,4,8250002,38.20333333333334,8250002,calcoene,AP,,,,,,,,,,,,,,,,,,,
2005,4,8250003,4.266666666666667,8250003,amapa,AP,,,,,,,,,,,,,,,,,,,
2005,4,8251001,35.14333333333333,8251001,calcoene,AP,,,,,,,,,,,,,,,,,,,
2005,4,8251004,29.14333333333333,8251004,oiapoque,AP,,,,,,,,,,,,,,,,,,,
2005,4,8351002,27.866666666666667,8351002,oiapoque,AP,,,,,,,,,,,,,,,,,,,
2005,5,51002,9.013793103448275,51002,mazagao,AP,,,,,,,,,,,,,,,,,,,
2005,5,51004,6.65483870967742,51004,mazagao,AP,,,,,,,,,,,,,,,,,,,
2005,5,52003,10.251612903225807,52003,mazagao,AP,,,,,,,,,,,,,,,,,,,
2005,5,771001,4.051612903225807,771001,tarauaca,AC,,,,,,,,,,,,,,,,,,,
2005,5,872000,0.5870967741935483,872000,marechal thaumaturgo,AC,,,,,,,,,,,,,,,,,,,
2005,5,968004,0.6225806451612903,968004,bujari,AC,,,,,,,,,,,,,,,,,,,
2005,5,972000,1.8548387096774193,972000,marechal thaumaturgo,AC,,,,,,,,,,,,,,,,,,,
2005,5,1067002,1.5741935483870966,1067002,placido de castro,AC,,,,,,,,,,,,,,,,,,,
2005,5,1067003,1.5999999999999999,1067003,capixaba,AC,,,,,,,,,,,,,,,,,,,
2005,5,1068000,0.7161290322580645,1068000,xapuri,AC,,,,,,,,,,,,,,,,,,,
2005,5,8050000,13.0,8050000,macapa,AP,,,,,,,,,,,,,,,,,,,
2005,5,8050001,12.364516129032259,8050001,macapa,AP,,,,,,,,,,,,,,,,,,,
2005,5,8051010,9.519354838709678,8051010,macapa,AP,,,,,,,,,,,,,,,,,,,
2005,5,8051012,8.961290322580645,8051012,porto grande,AP,,,,,,,,,,,,,,,,,,,
2005,5,8052000,9.296774193548387,8052000,serra do navio,AP,,,,,,,,,,,,,,,,,,,
2005,5,8150000,12.07741935483871,8150000,tartarugalzinho,AP,,,,,,,,,,,,,,,,,,,
2005,5,8150001,7.203225806451612,8150001,tartarugalzinho,AP,,,,,,,,,,,,,,,,,,,
2005,5,8151000,18.838709677419356,8151000,tartarugalzinho,AP,,,,,,,,,,,,,,,,,,,
2005,5,8250002,17.68064516129032,8250002,calcoene,AP,,,,,,,,,,,,,,,,,,,
2005,5,8250003,2.074193548387097,8250003,amapa,AP,,,,,,,,,,,,,,,,,,,
2005,5,8251001,11.003225806451614,8251001,calcoene,AP,,,,,,,,,,,,,,,,,,,
2005,5,8251004,17.04516129032258,8251004,oiapoque,AP,,,,,,,,,,,,,,,,,,,
2005,5,8351002,21.83225806451613,8351002,oiapoque,AP,,,,,,,,,,,,,,,,,,,
2005,6,51002,7.573333333333333,51002,mazagao,AP,,,,,,,,,,,,,,,,,,,
2005,6,51004,8.273333333333333,51004,mazagao,AP,,,,,,,,,,,,,,,,,,,
2005,6,52003,9.7,52003,mazagao,AP,,,,,,,,,,,,,,,,,,,
2005,6,771001,2.93,771001,tarauaca,AC,,,,,,,,,,,,,,,,,,,
2005,6,872000,0.22666666666666666,872000,marechal thaumaturgo,AC,,,,,,,,,,,,,,,,,,,
2005,6,968004,1.0633333333333332,968004,bujari,AC,,,,,,,,,,,,,,,,,,,
2005,6,972000,4.166666666666667,972000,marechal thaumaturgo,AC,,,,,,,,,,,,,,,,,,,
2005,6,1067002,0.0,1067002,placido de castro,AC,,,,,,,,,,,,,,,,,,,
2005,6,1067003,1.8966666666666667,1067003,capixaba,AC,,,,,,,,,,,,,,,,,,,
2005,6,1068000,0.0,1068000,xapuri,AC,,,,,,,,,,,,,,,,,,,
2005,6,8050000,5.536666666666666,8050000,macapa,AP,,,,,,,,,,,,,,,,,,,
2005,6,8050001,3.3466666666666667,8050001,macapa,AP,,,,,,,,,,,,,,,,,,,
2005,6,8051010,8.233333333333333,8051010,macapa,AP,,,,,,,,,,,,,,,,,,,
2005,6,8051012,8.666666666666666,8051012,porto grande,AP,,,,,,,,,,,,,,,,,,,
2005,6,8052000,5.263333333333334,8052000,serra do navio,AP,,,,,,,,,,,,,,,,,,,
2005,6,8150000,5.433333333333334,8150000,tartarugalzinho,AP,,,,,,,,,,,,,,,,,,,
2005,6,8150001,5.086666666666667,8150001,tartarugalzinho,AP,,,,,,,,,,,,,,,,,,,
2005,6,8151000,4.623333333333333,8151000,tartarugalzinho,AP,,,,,,,,,,,,,,,,,,,
2005,6,8250002,4.16,8250002,calcoene,AP,,,,,,,,,,,,,,,,,,,
2005,6,8250003,5.4,8250003,amapa,AP,,,,,,,,,,,,,,,,,,,
2005,6,8251001,0.44333333333333336,8251001,calcoene,AP,,,,,,,,,,,,,,,,,,,
2005,6,8251004,3.5466666666666664,8251004,oiapoque,AP,,,,,,,,,,,,,,,,,,,
2005,6,8351002,5.156666666666667,8351002,oiapoque,AP,,,,,,,,,,,,,,,,,,,
2005,7,51002,6.136666666666667,51002,mazagao,AP,,,,,,,,,,,,,,,,,,,
2005,7,51004,6.461290322580645,51004,mazagao,AP,,,,,,,,,,,,,,,,,,,
2005,7,52003,7.806451612903226,52003,mazagao,AP,,,,,,,,,,,,,,,,,,,
2005,7,771001,0.0,771001,tarauaca,AC,,,,,,,,,,,,,,,,,,,
2005,7,872000,0.4161290322580645,872000,marechal thaumaturgo,AC,,,,,,,,,,,,,,,,,,,
2005,7,968004,0.3419354838709678,968004,bujari,AC,,,,,,,,,,,,,,,,,,,
2005,7,972000,0.0,972000,marechal thaumaturgo,AC,,,,,,,,,,,,,,,,,,,
2005,7,1067002,0.0,1067002,placido de castro,AC,,,,,,,,,,,,,,,,,,,
2005,7,1067003,0.0,1067003,capixaba,AC,,,,,,,,,,,,,,,,,,,
2005,7,1068000,0.0,1068000,xapuri,AC,,,,,,,,,,,,,,,,,,,
2005,7,8050000,5.790322580645161,8050000,macapa,AP,,,,,,,,,,,,,,,,,,,
2005,7,8050001,5.029032258064516,8050001,macapa,AP,,,,,,,,,,,,,,,,,,,
2005,7,8051010,7.190322580645161,8051010,macapa,AP,,,,,,,,,,,,,,,,,,,
2005,7,8052000,3.829032258064516,8052000,serra do navio,AP,,,,,,,,,,,,,,,,,,,
2005,7,8150000,6.590322580645162,8150000,tartarugalzinho,AP,,,,,,,,,,,,,,,,,,,
2005,7,8150001,3.6870967741935483,8150001,tartarugalzinho,AP,,,,,,,,,,,,,,,,,,,
2005,7,8151000,5.967741935483871,8151000,tartarugalzinho,AP,,,,,,,,,,,,,,,,,,,
2005,7,8250002,9.44516129032258,8250002,calcoene,AP,,,,,,,,,,,,,,,,,,,
2005,7,8250003,9.419354838709678,8250003,amapa,AP,,,,,,,,,,,,,,,,,,,
2005,7,8251004,7.535483870967742,8251004,oiapoque,AP,,,,,,,,,,,,,,,,,,,
2005,7,8351002,7.196774193548387,8351002,oiapoque,AP,,,,,,,,,,,,,,,,,,,
2005,8,51002,1.525806451612903,51002,mazagao,AP,,,,,,,,,,,,,,,,,,,
2005,8,51004,2.0451612903225804,51004,mazagao,AP,,,,,,,,,,,,,,,,,,,
2005,8,52003,0.8419354838709678,52003,mazagao,AP,,,,,,,,,,,,,,,,,,,
2005,8,771001,4.532258064516129,771001,tarauaca,AC,,,,,,,,,,,,,,,,,,,
2005,8,872000,0.16451612903225804,872000,marechal thaumaturgo,AC,,,,,,,,,,,,,,,,,,,
2005,8,968004,0.04838709677419355,968004,bujari,AC,,,,,,,,,,,,,,,,,,,
2005,8,972000,0.4419354838709677,972000,marechal thaumaturgo,AC,,,,,,,,,,,,,,,,,,,
2005,8,1067002,0.3806451612903226,1067002,placido de castro,AC,,,,,,,,,,,,,,,,,,,
2005,8,1067003,0.7870967741935483,1067003,capixaba,AC,,,,,,,,,,,,,,,,,,,
2005,8,1068000,0.0,1068000,xapuri,AC,,,,,,,,,,,,,,,,,,,
2005,8,8050000,0.0,8050000,macapa,AP,,,,,,,,,,,,,,,,,,,
2005,8,8050001,1.8838709677419354,8050001,macapa,AP,,,,,,,,,,,,,,,,,,,
2005,8,8051010,0.8516129032258064,8051010,macapa,AP,,,,,,,,,,,,,,,,,,,
2005,8,8052000,2.7870967741935484,8052000,serra do navio,AP,,,,,,,,,,,,,,,,,,,
2005,8,8150000,2.003225806451613,8150000,tartarugalzinho,AP,,,,,,,,,,,,,,,,,,,
2005,8,8150001,5.232258064516128,8150001,tartarugalzinho,AP,,,,,,,,,,,,,,,,,,,
2005,8,8151000,2.0548387096774197,8151000,tartarugalzinho,AP,,,,,,,,,,,,,,,,,,,
2005,8,8250002,4.0612903225806445,8250002,calcoene,AP,,,,,,,,,,,,,,,,,,,
2005,8,8250003,10.193548387096774,8250003,amapa,AP,,,,,,,,,,,,,,,,,,,
2005,8,8251004,4.267741935483871,8251004,oiapoque,AP,,,,,,,,,,,,,,,,,,,
2005,8,8351002,3.416129032258065,8351002,oiapoque,AP,,,,,,,,,,,,,,,,,,,
2005,9,51002,1.7366666666666668,51002,mazagao,AP,,,,,,,,,,,,,,,,,,,
2005,9,51004,0.0,51004,mazagao,AP,,,,,,,,,,,,,,,,,,,
2005,9,52003,0.0,52003,mazagao,AP,,,,,,,,,,,,,,,,,,,
2005,9,771001,2.7,771001,tarauaca,AC,,,,,,,,,,,,,,,,,,,
2005,9,872000,2.0533333333333332,872000,marechal thaumaturgo,AC,,,,,,,,,,,,,,,,,,,
2005,9,968004,0.9066666666666666,968004,bujari,AC,,,,,,,,,,,,,,,,,,,
2005,9,972000,0.9766666666666667,972000,marechal thaumaturgo,AC,,,,,,,,,,,,,,,,,,,
2005,9,1067002,1.8333333333333333,1067002,placido de castro,AC,,,,,,,,,,,,,,,,,,,
2005,9,1067003,1.35,1067003,capixaba,AC,,,,,,,,,,,,,,,,,,,
2005,9,1068000,0.36000000000000004,1068000,xapuri,AC,,,,,,,,,,,,,,,,,,,
2005,9,8050000,0.32,8050000,macapa,AP,,,,,,,,,,,,,,,,,,,
2005,9,8050001,0.33999999999999997,8050001,macapa,AP,,,,,,,,,,,,,,,,,,,
2005,9,8051010,0.0,8051010,macapa,AP,,,,,,,,,,,,,,,,,,,
2005,9,8052000,1.6733333333333333,8052000,serra do navio,AP,,,,,,,,,,,,,,,,,,,
2005,9,8150000,0.08666666666666667,8150000,tartarugalzinho,AP,,,,,,,,,,,,,,,,,,,
2005,9,8150001,0.37,8150001,tartarugalzinho,AP,,,,,,,,,,,,,,,,,,,
2005,9,8151000,0.3966666666666666,8151000,tartarugalzinho,AP,,,,,,,,,,,,,,,,,,,
2005,9,8250002,0.10333333333333333,8250002,calcoene,AP,,,,,,,,,,,,,,,,,,,
2005,9,8250003,0.0,8250003,amapa,AP,,,,,,,,,,,,,,,,,,,
2005,9,8251004,0.3266666666666667,8251004,oiapoque,AP,,,,,,,,,,,,,,,,,,,
2005,9,8351002,1.06,8351002,oiapoque,AP,,,,,,,,,,,,,,,,,,,
2005,10,51002,2.7903225806451615,51002,mazagao,AP,,,,,,,,,,,,,,,,,,,
2005,10,51004,1.7096774193548387,51004,mazagao,AP,,,,,,,,,,,,,,,,,,,
2005,10,52003,1.0451612903225806,52003,mazagao,AP,,,,,,,,,,,,,,,,,,,
2005,10,771001,7.432258064516129,771001,tarauaca,AC,,,,,,,,,,,,,,,,,,,
2005,10,872000,1.0903225806451613,872000,marechal thaumaturgo,AC,,,,,,,,,,,,,,,,,,,
2005,10,968004,5.270967741935484,968004,bujari,AC,,,,,,,,,,,,,,,,,,,
2005,10,972000,2.47741935483871,972000,marechal thaumaturgo,AC,,,,,,,,,,,,,,,,,,,
2005,10,1067002,9.69032258064516,1067002,placido de castro,AC,,,,,,,,,,,,,,,,,,,
2005,10,1067003,3.5548387096774197,1067003,capixaba,AC,,,,,,,,,,,,,,,,,,,
2005,10,1068000,4.6,1068000,xapuri,AC,,,,,,,,,,,,,,,,,,,
2005,10,8050000,0.17096774193548386,8050000,macapa,AP,,,,,,,,,,,,,,,,,,,
2005,10,8050001,0.43870967741935485,8050001,macapa,AP,,,,,,,,,,,,,,,,,,,
2005,10,8051010,0.30000000000000004,8051010,macapa,AP,,,,,,,,,,,,,,,,,,,
2005,10,8052000,1.7677419354838708,8052000,serra do navio,AP,,,,,,,,,,,,,,,,,,,
2005,10,8150000,2.170967741935484,8150000,tartarugalzinho,AP,,,,,,,,,,,,,,,,,,,
2005,10,8150001,5.419354838709677,8150001,tartarugalzinho,AP,,,,,,,,,,,,,,,,,,,
2005,10,8151000,0.48709677419354835,8151000,tartarugalzinho,AP,,,,,,,,,,,,,,,,,,,
2005,10,8250002,0.0,8250002,calcoene,AP,,,,,,,,,,,,,,,,,,,
2005,10,8250003,0.0,8250003,amapa,AP,,,,,,,,,,,,,,,,,,,
2005,10,8251004,0.3870967741935484,8251004,oiapoque,AP,,,,,,,,,,,,,,,,,,,
2005,11,51002,1.9633333333333336,51002,mazagao,AP,,,,,,,,,,,,,,,,,,,
2005,11,51004,0.0,51004,mazagao,AP,,,,,,,,,,,,,,,,,,,
2005,11,52003,0.46,52003,mazagao,AP,,,,,,,,,,,,,,,,,,,
2005,11,771001,5.403333333333333,771001,tarauaca,AC,,,,,,,,,,,,,,,,,,,
2005,11,872000,0.97,872000,marechal thaumaturgo,AC,,,,,,,,,,,,,,,,,,,
2005,11,968004,5.876666666666667,968004,bujari,AC,,,,,,,,,,,,,,,,,,,
2005,11,972000,5.866666666666666,972000,marechal thaumaturgo,AC,,,,,,,,,,,,,,,,,,,
2005,11,1067002,12.796666666666665,1067002,placido de castro,AC,,,,,,,,,,,,,,,,,,,
2005,11,1067003,4.613333333333333,1067003,capixaba,AC,,,,,,,,,,,,,,,,,,,
2005,11,1068000,8.126666666666667,1068000,xapuri,AC,,,,,,,,,,,,,,,,,,,
2005,11,8050000,0.15666666666666668,8050000,macapa,AP,,,,,,,,,,,,,,,,,,,
2005,11,8050001,0.07666666666666666,8050001,macapa,AP,,,,,,,,,,,,,,,,,,,
2005,11,8051010,0.29,8051010,macapa,AP,,,,,,,,,,,,,,,,,,,
2005,11,8052000,4.23,8052000,serra do navio,AP,,,,,,,,,,,,,,,,,,,
2005,11,8150000,1.95,8150000,tartarugalzinho,AP,,,,,,,,,,,,,,,,,,,
2005,11,8150001,4.806666666666667,8150001,tartarugalzinho,AP,,,,,,,,,,,,,,,,,,,
2005,11,8151000,6.34,8151000,tartarugalzinho,AP,,,,,,,,,,,,,,,,,,,
2005,11,8250002,2.58,8250002,calcoene,AP,,,,,,,,,,,,,,,,,,,
2005,11,8250003,7.73,8250003,amapa,AP,,,,,,,,,,,,,,,,,,,
2005,11,8251004,1.1,8251004,oiapoque,AP,,,,,,,,,,,,,,,,,,,
2005,11,8351002,2.64,8351002,oiapoque,AP,,,,,,,,,,,,,,,,,,,
2005,12,51002,4.451612903225806,51002,mazagao,AP,,,,,,,,,,,,,,,,,,,
2005,12,51004,6.512903225806451,51004,mazagao,AP,,,,,,,,,,,,,,,,,,,
2005,12,52003,9.345161290322581,52003,mazagao,AP,,,,,,,,,,,,,,,,,,,
2005,12,771001,7.509677419354838,771001,tarauaca,AC,,,,,,,,,,,,,,,,,,,
2005,12,872000,0.7806451612903226,872000,marechal thaumaturgo,AC,,,,,,,,,,,,,,,,,,,
2005,12,968004,7.048387096774194,968004,bujari,AC,,,,,,,,,,,,,,,,,,,
2005,12,972000,4.658064516129032,972000,marechal thaumaturgo,AC,,,,,,,,,,,,,,,,,,,
2005,12,1067002,8.093548387096773,1067002,placido de castro,AC,,,,,,,,,,,,,,,,,,,
2005,12,1067003,9.416129032258064,1067003,capixaba,AC,,,,,,,,,,,,,,,,,,,
2005,12,1068000,6.296774193548386,1068000,xapuri,AC,,,,,,,,,,,,,,,,,,,
2005,12,8050000,7.983870967741935,8050000,macapa,AP,,,,,,,,,,,,,,,,,,,
2005,12,8050001,6.474193548387096,8050001,macapa,AP,,,,,,,,,,,,,,,,,,,
2005,12,8051010,4.170967741935484,8051010,macapa,AP,,,,,,,,,,,,,,,,,,,
2005,12,8052000,7.812903225806451,8052000,serra do navio,AP,,,,,,,,,,,,,,,,,,,
2005,12,8150000,7.316129032258065,8150000,tartarugalzinho,AP,,,,,,,,,,,,,,,,,,,
2005,12,8150001,12.567741935483872,8150001,tartarugalzinho,AP,,,,,,,,,,,,,,,,,,,
2005,12,8151000,16.896774193548385,8151000,tartarugalzinho,AP,,,,,,,,,,,,,,,,,,,
2005,12,8250002,10.474193548387097,8250002,calcoene,AP,,,,,,,,,,,,,,,,,,,
2005,12,8250003,7.093548387096774,8250003,amapa,AP,,,,,,,,,,,,,,,,,,,
2005,12,8251004,12.479032258064517,8251004,oiapoque,AP,,,,,,,,,,,,,,,,,,,
2005,12,8351002,12.4,8351002,oiapoque,AP,,,,,,,,,,,,,,,,,,,
2006,1,51002,6.00327868852459,51002,mazagao,AP,,,,,,,,,,,,,,,,,,,
2006,1,51004,4.441935483870967,51004,mazagao,AP,,,,,,,,,,,,,,,,,,,
2006,1,52003,3.641935483870968,52003,mazagao,AP,,,,,,,,,,,,,,,,,,,
2006,1,771001,9.151612903225805,771001,tarauaca,AC,,,,,,,,,,,,,,,,,,,
2006,1,872000,1.2967741935483872,872000,marechal thaumaturgo,AC,,,,,,,,,,,,,,,,,,,
2006,1,968004,12.796774193548387,968004,bujari,AC,,,,,,,,,,,,,,,,,,,
2006,1,968005,6.741935483870968,968005,sena madureira,AC,,,,,,,,,,,,,,,,,,,
2006,1,972000,9.051612903225807,972000,marechal thaumaturgo,AC,,,,,,,,,,,,,,,,,,,
2006,1,1067002,8.09032258064516,1067002,placido de castro,AC,,,,,,,,,,,,,,,,,,,
2006,1,1067003,6.45483870967742,1067003,capixaba,AC,,,,,,,,,,,,,,,,,,,
2006,1,1068000,5.161290322580645,1068000,xapuri,AC,,,,,,,,,,,,,,,,,,,
2006,1,8050000,8.316129032258065,8050000,macapa,AP,,,,,,,,,,,,,,,,,,,
2006,1,8050001,5.829032258064517,8050001,macapa,AP,,,,,,,,,,,,,,,,,,,
2006,1,8051010,5.461290322580645,8051010,macapa,AP,,,,,,,,,,,,,,,,,,,
2006,1,8051012,6.5354838709677425,8051012,porto grande,AP,,,,,,,,,,,,,,,,,,,
2006,1,8052000,6.738709677419355,8052000,serra do navio,AP,,,,,,,,,,,,,,,,,,,
2006,1,8150000,9.77741935483871,8150000,tartarugalzinho,AP,,,,,,,,,,,,,,,,,,,
2006,1,8150001,8.203225806451613,8150001,tartarugalzinho,AP,,,,,,,,,,,,,,,,,,,
2006,1,8151000,17.929032258064513,8151000,tartarugalzinho,AP,,,,,,,,,,,,,,,,,,,
2006,1,8250002,13.196774193548388,8250002,calcoene,AP,,,,,,,,,,,,,,,,,,,
2006,1,8250003,10.648387096774194,8250003,amapa,AP,,,,,,,,,,,,,,,,,,,
2006,1,8251001,17.65209677419355,8251001,calcoene,AP,,,,,,,,,,,,,,,,,,,
2006,1,8251004,15.751612903225807,8251004,oiapoque,AP,,,,,,,,,,,,,,,,,,,
2006,1,8351002,14.661290322580646,8351002,oiapoque,AP,,,,,,,,,,,,,,,,,,,
2006,2,51002,9.010714285714286,51002,mazagao,AP,,,,,,,,,,,,,,,,,,,
2006,2,51004,12.450000000000001,51004,mazagao,AP,,,,,,,,,,,,,,,,,,,
2006,2,52003,10.996428571428572,52003,mazagao,AP,,,,,,,,,,,,,,,,,,,
2006,2,771001,8.289285714285715,771001,tarauaca,AC,,,,,,,,,,,,,,,,,,,
2006,2,872000,5.917857142857143,872000,marechal thaumaturgo,AC,,,,,,,,,,,,,,,,,,,
2006,2,968004,9.803571428571429,968004,bujari,AC,,,,,,,,,,,,,,,,,,,
2006,2,968005,12.053571428571429,968005,sena madureira,AC,,,,,,,,,,,,,,,,,,,
2006,2,972000,10.596428571428572,972000,marechal thaumaturgo,AC,,,,,,,,,,,,,,,,,,,
2006,2,1067002,17.817857142857143,1067002,placido de castro,AC,,,,,,,,,,,,,,,,,,,
2006,2,1067003,12.700000000000001,1067003,capixaba,AC,,,,,,,,,,,,,,,,,,,
2006,2,1068000,9.028571428571428,1068000,xapuri,AC,,,,,,,,,,,,,,,,,,,
2006,2,8050000,8.02142857142857,8050000,macapa,AP,,,,,,,,,,,,,,,,,,,
2006,2,8050001,4.126785714285714,8050001,macapa,AP,,,,,,,,,,,,,,,,,,,
2006,2,8051010,7.107142857142857,8051010,macapa,AP,,,,,,,,,,,,,,,,,,,
2006,2,8051012,12.535714285714286,8051012,porto grande,AP,,,,,,,,,,,,,,,,,,,
2006,2,8052000,10.510714285714286,8052000,serra do navio,AP,,,,,,,,,,,,,,,,,,,
2006,2,8150000,13.507142857142856,8150000,tartarugalzinho,AP,,,,,,,,,,,,,,,,,,,
2006,2,8150001,13.085714285714285,8150001,tartarugalzinho,AP,,,,,,,,,,,,,,,,,,,
2006,2,8151000,17.54642857142857,8151000,tartarugalzinho,AP,,,,,,,,,,,,,,,,,,,
2006,2,8250002,21.05,8250002,calcoene,AP,,,,,,,,,,,,,,,,,,,
2006,2,8250003,17.760714285714286,8250003,amapa,AP,,,,,,,,,,,,,,,,,,,
2006,2,8251001,23.928571428571427,8251001,calcoene,AP,,,,,,,,,,,,,,,,,,,
2006,2,8251004,14.642857142857142,8251004,oiapoque,AP,,,,,,,,,,,,,,,,,,,
2006,2,8351002,11.857142857142858,8351002,oiapoque,AP,,,,,,,,,,,,,,,,,,,
2006,3,51002,14.13225806451613,51002,mazagao,AP,,,,,,,,,,,,,,,,,,,
2006,3,51004,7.396774193548388,51004,mazagao,AP,,,,,,,,,,,,,,,,,,,
2006,3,52003,8.306451612903226,52003,mazagao,AP,,,,,,,,,,,,,,,,,,,
2006,3,771001,9.332258064516129,771001,tarauaca,AC,,,,,,,,,,,,,,,,,,,
2006,3,872000,4.741935483870968,872000,marechal thaumaturgo,AC,,,,,,,,,,,,,,,,,,,
2006,3,968004,6.67741935483871,968004,bujari,AC,,,,,,,,,,,,,,,,,,,
2006,3,968005,8.54516129032258,968005,sena madureira,AC,,,,,,,,,,,,,,,,,,,
2006,3,972000,10.17741935483871,972000,marechal thaumaturgo,AC,,,,,,,,,,,,,,,,,,,
2006,3,1067002,8.003225806451614,1067002,placido de castro,AC,,,,,,,,,,,,,,,,,,,
2006,3,1067003,4.674193548387097,1067003,capixaba,AC,,,,,,,,,,,,,,,,,,,
2006,3,1068000,6.290322580645161,1068000,xapuri,AC,,,,,,,,,,,,,,,,,,,
2006,3,8050000,10.706451612903225,8050000,macapa,AP,,,,,,,,,,,,,,,,,,,
2006,3,8050001,7.422580645161291,8050001,macapa,AP,,,,,,,,,,,,,,,,,,,
2006,3,8051010,15.506451612903225,8051010,macapa,AP,,,,,,,,,,,,,,,,,,,
2006,3,8051012,9.764516129032257,8051012,porto grande,AP,,,,,,,,,,,,,,,,,,,
2006,3,8052000,10.974193548387097,8052000,serra do navio,AP,,,,,,,,,,,,,,,,,,,
2006,3,8150000,12.158064516129032,8150000,tartarugalzinho,AP,,,,,,,,,,,,,,,,,,,
2006,3,8150001,16.80322580645161,8150001,tartarugalzinho,AP,,,,,,,,,,,,,,,,,,,
2006,3,8151000,18.09032258064516,8151000,tartarugalzinho,AP,,,,,,,,,,,,,,,,,,,
2006,3,8250002,14.525806451612901,8250002,calcoene,AP,,,,,,,,,,,,,,,,,,,
2006,3,8250003,16.032258064516128,8250003,amapa,AP,,,,,,,,,,,,,,,,,,,
2006,3,8251001,13.193548387096774,8251001,calcoene,AP,,,,,,,,,,,,,,,,,,,
2006,3,8251004,12.24516129032258,8251004,oiapoque,AP,,,,,,,,,,,,,,,,,,,
2006,3,8351002,9.87258064516129,8351002,oiapoque,AP,,,,,,,,,,,,,,,,,,,
2006,4,51002,8.966666666666667,51002,mazagao,AP,,,,,,,,,,,,,,,,,,,
2006,4,51004,7.703333333333333,51004,mazagao,AP,,,,,,,,,,,,,,,,,,,
2006,4,52003,11.870000000000001,52003,mazagao,AP,,,,,,,,,,,,,,,,,,,
2006,4,771001,6.180000000000001,771001,tarauaca,AC,,,,,,,,,,,,,,,,,,,
2006,4,872000,0.9066666666666666,872000,marechal thaumaturgo,AC,,,,,,,,,,,,,,,,,,,
2006,4,968004,5.683333333333334,968004,bujari,AC,,,,,,,,,,,,,,,,,,,
2006,4,968005,3.0833333333333335,968005,sena madureira,AC,,,,,,,,,,,,,,,,,,,
2006,4,972000,2.816666666666667,972000,marechal thaumaturgo,AC,,,,,,,,,,,,,,,,,,,
2006,4,1067002,4.77,1067002,placido de castro,AC,,,,,,,,,,,,,,,,,,,
2006,4,1067003,4.673333333333333,1067003,capixaba,AC,,,,,,,,,,,,,,,,,,,
2006,4,1068000,6.88,1068000,xapuri,AC,,,,,,,,,,,,,,,,,,,
2006,4,8050000,13.483333333333333,8050000,macapa,AP,,,,,,,,,,,,,,,,,,,
2006,4,8050001,6.703333333333333,8050001,macapa,AP,,,,,,,,,,,,,,,,,,,
2006,4,8051010,10.68,8051010,macapa,AP,,,,,,,,,,,,,,,,,,,
2006,4,8051012,8.173333333333334,8051012,porto grande,AP,,,,,,,,,,,,,,,,,,,
2006,4,8052000,7.496666666666667,8052000,serra do navio,AP,,,,,,,,,,,,,,,,,,,
2006,4,8150000,13.093333333333334,8150000,tartarugalzinho,AP,,,,,,,,,,,,,,,,,,,
2006,4,8150001,14.913333333333332,8150001,tartarugalzinho,AP,,,,,,,,,,,,,,,,,,,
2006,4,8151000,15.879999999999999,8151000,tartarugalzinho,AP,,,,,,,,,,,,,,,,,,,
2006,4,8250002,32.24666666666666,8250002,calcoene,AP,,,,,,,,,,,,,,,,,,,
2006,4,8250003,21.456666666666667,8250003,amapa,AP,,,,,,,,,,,,,,,,,,,
2006,4,8251001,33.1,8251001,calcoene,AP,,,,,,,,,,,,,,,,,,,
2006,4,8251004,16.443333333333335,8251004,oiapoque,AP,,,,,,,,,,,,,,,,,,,
2006,4,8351002,16.276666666666667,8351002,oiapoque,AP,,,,,,,,,,,,,,,,,,,
2006,5,51002,8.935483870967742,51002,mazagao,AP,,,,,,,,,,,,,,,,,,,
2006,5,51004,10.883870967741935,51004,mazagao,AP,,,,,,,,,,,,,,,,,,,
2006,5,52003,11.23709677419355,52003,mazagao,AP,,,,,,,,,,,,,,,,,,,
2006,5,771001,1.1612903225806452,771001,tarauaca,AC,,,,,,,,,,,,,,,,,,,
2006,5,872000,1.432258064516129,872000,marechal thaumaturgo,AC,,,,,,,,,,,,,,,,,,,
2006,5,968004,2.429032258064516,968004,bujari,AC,,,,,,,,,,,,,,,,,,,
2006,5,968005,1.867741935483871,968005,sena madureira,AC,,,,,,,,,,,,,,,,,,,
2006,5,972000,1.6838709677419357,972000,marechal thaumaturgo,AC,,,,,,,,,,,,,,,,,,,
2006,5,1067002,2.1774193548387095,1067002,placido de castro,AC,,,,,,,,,,,,,,,,,,,
2006,5,1067003,1.3516129032258064,1067003,capixaba,AC,,,,,,,,,,,,,,,,,,,
2006,5,1068000,0.6709677419354839,1068000,xapuri,AC,,,,,,,,,,,,,,,,,,,
2006,5,8050000,3.264516129032258,8050000,macapa,AP,,,,,,,,,,,,,,,,,,,
2006,5,8050001,5.603225806451612,8050001,macapa,AP,,,,,,,,,,,,,,,,,,,
2006,5,8051010,14.077419354838709,8051010,macapa,AP,,,,,,,,,,,,,,,,,,,
2006,5,8051012,9.62258064516129,8051012,porto grande,AP,,,,,,,,,,,,,,,,,,,
2006,5,8052000,7.390322580645161,8052000,serra do navio,AP,,,,,,,,,,,,,,,,,,,
2006,5,8150000,15.009677419354839,8150000,tartarugalzinho,AP,,,,,,,,,,,,,,,,,,,
2006,5,8150001,14.3,8150001,tartarugalzinho,AP,,,,,,,,,,,,,,,,,,,
2006,5,8151000,20.530645161290323,8151000,tartarugalzinho,AP,,,,,,,,,,,,,,,,,,,
2006,5,8250002,18.301612903225806,8250002,calcoene,AP,,,,,,,,,,,,,,,,,,,
2006,5,8250003,19.958064516129035,8250003,amapa,AP,,,,,,,,,,,,,,,,,,,
2006,5,8251001,15.26290322580645,8251001,calcoene,AP,,,,,,,,,,,,,,,,,,,
2006,5,8251004,14.4,8251004,oiapoque,AP,,,,,,,,,,,,,,,,,,,
2006,5,8351002,15.83548387096774,8351002,oiapoque,AP,,,,,,,,,,,,,,,,,,,
2006,6,51002,13.143333333333334,51002,mazagao,AP,,,,,,,,,,,,,,,,,,,
2006,6,51004,10.936666666666667,51004,mazagao,AP,,,,,,,,,,,,,,,,,,,
2006,6,52003,4.503333333333333,52003,mazagao,AP,,,,,,,,,,,,,,,,,,,
2006,6,771001,1.0866666666666667,771001,tarauaca,AC,,,,,,,,,,,,,,,,,,,
2006,6,872000,1.1366666666666667,872000,marechal thaumaturgo,AC,,,,,,,,,,,,,,,,,,,
2006,6,968004,0.8,968004,bujari,AC,,,,,,,,,,,,,,,,,,,
2006,6,968005,1.6633333333333333,968005,sena madureira,AC,,,,,,,,,,,,,,,,,,,
2006,6,972000,3.4799999999999995,972000,marechal thaumaturgo,AC,,,,,,,,,,,,,,,,,,,
2006,6,1067002,0.20666666666666667,1067002,placido de castro,AC,,,,,,,,,,,,,,,,,,,
2006,6,1067003,0.31,1067003,capixaba,AC,,,,,,,,,,,,,,,,,,,
2006,6,1068000,0.66,1068000,xapuri,AC,,,,,,,,,,,,,,,,,,,
2006,6,8050001,4.37,8050001,macapa,AP,,,,,,,,,,,,,,,,,,,
2006,6,8051012,10.04,8051012,porto grande,AP,,,,,,,,,,,,,,,,,,,
2006,6,8052000,6.4766666666666675,8052000,serra do navio,AP,,,,,,,,,,,,,,,,,,,
2006,6,8150000,7.95,8150000,tartarugalzinho,AP,,,,,,,,,,,,,,,,,,,
2006,6,8150001,3.8033333333333332,8150001,tartarugalzinho,AP,,,,,,,,,,,,,,,,,,,
2006,6,8151000,20.83,8151000,tartarugalzinho,AP,,,,,,,,,,,,,,,,,,,
2006,6,8250002,15.788333333333332,8250002,calcoene,AP,,,,,,,,,,,,,,,,,,,
2006,6,8250003,15.81,8250003,amapa,AP,,,,,,,,,,,,,,,,,,,
2006,6,8251001,12.433333333333334,8251001,calcoene,AP,,,,,,,,,,,,,,,,,,,
2006,6,8251004,14.853333333333333,8251004,oiapoque,AP,,,,,,,,,,,,,,,,,,,
2006,6,8351002,15.006666666666666,8351002,oiapoque,AP,,,,,,,,,,,,,,,,,,,
2006,7,51002,9.47741935483871,51002,mazagao,AP,,,,,,,,,,,,,,,,,,,
2006,7,51004,8.761290322580646,51004,mazagao,AP,,,,,,,,,,,,,,,,,,,
2006,7,52003,4.129032258064516,52003,mazagao,AP,,,,,,,,,,,,,,,,,,,
2006,7,771001,1.4516129032258065,771001,tarauaca,AC,,,,,,,,,,,,,,,,,,,
2006,7,872000,1.2258064516129032,872000,marechal thaumaturgo,AC,,,,,,,,,,,,,,,,,,,
2006,7,968004,3.029032258064516,968004,bujari,AC,,,,,,,,,,,,,,,,,,,
2006,7,968005,2.4645161290322584,968005,sena madureira,AC,,,,,,,,,,,,,,,,,,,
2006,7,972000,0.5903225806451613,972000,marechal thaumaturgo,AC,,,,,,,,,,,,,,,,,,,
2006,7,1067002,0.0,1067002,placido de castro,AC,,,,,,,,,,,,,,,,,,,
2006,7,1067003,0.532258064516129,1067003,capixaba,AC,,,,,,,,,,,,,,,,,,,
2006,7,1068000,1.6580645161290324,1068000,xapuri,AC,,,,,,,,,,,,,,,,,,,
2006,7,8050001,7.7709677419354835,8050001,macapa,AP,,,,,,,,,,,,,,,,,,,
2006,7,8051010,6.828709677419355,8051010,macapa,AP,,,,,,,,,,,,,,,,,,,
2006,7,8051012,6.04516129032258,8051012,porto grande,AP,,,,,,,,,,,,,,,,,,,
2006,7,8052000,6.792903225806452,8052000,serra do navio,AP,,,,,,,,,,,,,,,,,,,
2006,7,8150000,4.196774193548387,8150000,tartarugalzinho,AP,,,,,,,,,,,,,,,,,,,
2006,7,8150001,2.009677419354839,8150001,tartarugalzinho,AP,,,,,,,,,,,,,,,,,,,
2006,7,8151000,6.245161290322581,8151000,tartarugalzinho,AP,,,,,,,,,,,,,,,,,,,
2006,7,8250002,6.796774193548386,8250002,calcoene,AP,,,,,,,,,,,,,,,,,,,
2006,7,8250003,6.474193548387096,8250003,amapa,AP,,,,,,,,,,,,,,,,,,,
2006,7,8251001,6.861290322580645,8251001,calcoene,AP,,,,,,,,,,,,,,,,,,,
2006,7,8251004,7.432258064516129,8251004,oiapoque,AP,,,,,,,,,,,,,,,,,,,
2006,7,8351002,7.441935483870967,8351002,oiapoque,AP,,,,,,,,,,,,,,,,,,,
2006,8,51002,2.396774193548387,51002,mazagao,AP,,,,,,,,,,,,,,,,,,,
2006,8,51004,0.9903225806451613,51004,mazagao,AP,,,,,,,,,,,,,,,,,,,
2006,8,52003,0.0,52003,mazagao,AP,,,,,,,,,,,,,,,,,,,
2006,8,771001,2.5838709677419356,771001,tarauaca,AC,,,,,,,,,,,,,,,,,,,
2006,8,872000,0.5032258064516129,872000,marechal thaumaturgo,AC,,,,,,,,,,,,,,,,,,,
2006,8,968004,1.1387096774193548,968004,bujari,AC,,,,,,,,,,,,,,,,,,,
2006,8,968005,0.4612903225806452,968005,sena madureira,AC,,,,,,,,,,,,,,,,,,,
2006,8,972000,2.5387096774193547,972000,marechal thaumaturgo,AC,,,,,,,,,,,,,,,,,,,
2006,8,1067002,1.2354838709677418,1067002,placido de castro,AC,,,,,,,,,,,,,,,,,,,
2006,8,1067003,0.3645161290322581,1067003,capixaba,AC,,,,,,,,,,,,,,,,,,,
2006,8,1068000,0.5612903225806452,1068000,xapuri,AC,,,,,,,,,,,,,,,,,,,
2006,8,8050000,0.6032258064516128,8050000,macapa,AP,,,,,,,,,,,,,,,,,,,
2006,8,8050001,0.27419354838709675,8050001,macapa,AP,,,,,,,,,,,,,,,,,,,
2006,8,8051010,0.8451612903225806,8051010,macapa,AP,,,,,,,,,,,,,,,,,,,
2006,8,8051012,4.77741935483871,8051012,porto grande,AP,,,,,,,,,,,,,,,,,,,
2006,8,8052000,3.7806451612903227,8052000,serra do navio,AP,,,,,,,,,,,,,,,,,,,
2006,8,8150000,2.0193548387096776,8150000,tartarugalzinho,AP,,,,,,,,,,,,,,,,,,,
2006,8,8150001,2.5935483870967744,8150001,tartarugalzinho,AP,,,,,,,,,,,,,,,,,,,
2006,8,8151000,2.935483870967742,8151000,tartarugalzinho,AP,,,,,,,,,,,,,,,,,,,
2006,8,8250002,2.293548387096774,8250002,calcoene,AP,,,,,,,,,,,,,,,,,,,
2006,8,8250003,1.9516129032258065,8250003,amapa,AP,,,,,,,,,,,,,,,,,,,
2006,8,8251001,2.648387096774193,8251001,calcoene,AP,,,,,,,,,,,,,,,,,,,
2006,8,8251004,2.8,8251004,oiapoque,AP,,,,,,,,,,,,,,,,,,,
2006,8,8351002,0.5580645161290323,8351002,oiapoque,AP,,,,,,,,,,,,,,,,,,,
2006,9,51002,1.6666666666666667,51002,mazagao,AP,,,,,,,,,,,,,,,,,,,
2006,9,51004,2.1100000000000003,51004,mazagao,AP,,,,,,,,,,,,,,,,,,,
2006,9,52003,2.4166666666666665,52003,mazagao,AP,,,,,,,,,,,,,,,,,,,
2006,9,771001,2.8033333333333337,771001,tarauaca,AC,,,,,,,,,,,,,,,,,,,
2006,9,872000,0.19666666666666668,872000,marechal thaumaturgo,AC,,,,,,,,,,,,,,,,,,,
2006,9,968004,4.286666666666666,968004,bujari,AC,,,,,,,,,,,,,,,,,,,
2006,9,968005,2.623333333333333,968005,sena madureira,AC,,,,,,,,,,,,,,,,,,,
2006,9,972000,2.45,972000,marechal thaumaturgo,AC,,,,,,,,,,,,,,,,,,,
2006,9,1067002,1.7399999999999998,1067002,placido de castro,AC,,,,,,,,,,,,,,,,,,,
2006,9,1067003,1.8399999999999999,1067003,capixaba,AC,,,,,,,,,,,,,,,,,,,
2006,9,1068000,2.6233333333333335,1068000,xapuri,AC,,,,,,,,,,,,,,,,,,,
2006,9,8050000,0.0,8050000,macapa,AP,,,,,,,,,,,,,,,,,,,
2006,9,8050001,0.0,8050001,macapa,AP,,,,,,,,,,,,,,,,,,,
2006,9,8051010,1.0466666666666666,8051010,macapa,AP,,,,,,,,,,,,,,,,,,,
2006,9,8051012,0.8466666666666666,8051012,porto grande,AP,,,,,,,,,,,,,,,,,,,
2006,9,8052000,2.466666666666667,8052000,serra do navio,AP,,,,,,,,,,,,,,,,,,,
2006,9,8150000,0.9166666666666666,8150000,tartarugalzinho,AP,,,,,,,,,,,,,,,,,,,
2006,9,8150001,1.2733333333333334,8150001,tartarugalzinho,AP,,,,,,,,,,,,,,,,,,,
2006,9,8151000,1.5133333333333332,8151000,tartarugalzinho,AP,,,,,,,,,,,,,,,,,,,
2006,9,8250002,2.71,8250002,calcoene,AP,,,,,,,,,,,,,,,,,,,
2006,9,8250003,1.16,8250003,amapa,AP,,,,,,,,,,,,,,,,,,,
2006,9,8251001,1.2633333333333332,8251001,calcoene,AP,,,,,,,,,,,,,,,,,,,
2006,9,8251004,0.73,8251004,oiapoque,AP,,,,,,,,,,,,,,,,,,,
2006,9,8351002,0.7866666666666666,8351002,oiapoque,AP,,,,,,,,,,,,,,,,,,,
2006,10,51002,2.5612903225806454,51002,mazagao,AP,,,,,,,,,,,,,,,,,,,
2006,10,51004,0.6193548387096774,51004,mazagao,AP,,,,,,,,,,,,,,,,,,,
2006,10,52003,0.0,52003,mazagao,AP,,,,,,,,,,,,,,,,,,,
2006,10,771001,5.180645161290323,771001,tarauaca,AC,,,,,,,,,,,,,,,,,,,
2006,10,872000,1.1290322580645162,872000,marechal thaumaturgo,AC,,,,,,,,,,,,,,,,,,,
2006,10,968004,7.519354838709678,968004,bujari,AC,,,,,,,,,,,,,,,,,,,
2006,10,968005,3.967741935483871,968005,sena madureira,AC,,,,,,,,,,,,,,,,,,,
2006,10,972000,2.4193548387096775,972000,marechal thaumaturgo,AC,,,,,,,,,,,,,,,,,,,
2006,10,1067002,4.719354838709678,1067002,placido de castro,AC,,,,,,,,,,,,,,,,,,,
2006,10,1067003,0.9483870967741936,1067003,capixaba,AC,,,,,,,,,,,,,,,,,,,
2006,10,1068000,5.187096774193549,1068000,xapuri,AC,,,,,,,,,,,,,,,,,,,
2006,10,8050000,0.0,8050000,macapa,AP,,,,,,,,,,,,,,,,,,,
2006,10,8050001,0.11935483870967742,8050001,macapa,AP,,,,,,,,,,,,,,,,,,,
2006,10,8051010,0.0,8051010,macapa,AP,,,,,,,,,,,,,,,,,,,
2006,10,8051012,0.7451612903225807,8051012,porto grande,AP,,,,,,,,,,,,,,,,,,,
2006,10,8052000,1.9548387096774191,8052000,serra do navio,AP,,,,,,,,,,,,,,,,,,,
2006,10,8150000,0.14516129032258066,8150000,tartarugalzinho,AP,,,,,,,,,,,,,,,,,,,
2006,10,8150001,0.567741935483871,8150001,tartarugalzinho,AP,,,,,,,,,,,,,,,,,,,
2006,10,8151000,1.8161290322580643,8151000,tartarugalzinho,AP,,,,,,,,,,,,,,,,,,,
2006,10,8250002,0.10967741935483871,8250002,calcoene,AP,,,,,,,,,,,,,,,,,,,
2006,10,8250003,0.0,8250003,amapa,AP,,,,,,,,,,,,,,,,,,,
2006,10,8251001,0.0,8251001,calcoene,AP,,,,,,,,,,,,,,,,,,,
2006,10,8251004,0.3548387096774194,8251004,oiapoque,AP,,,,,,,,,,,,,,,,,,,
2006,10,8351002,1.7322580645161292,8351002,oiapoque,AP,,,,,,,,,,,,,,,,,,,
2006,11,51002,7.485185185185186,51002,mazagao,AP,,,,,,,,,,,,,,,,,,,
2006,11,51004,5.88,51004,mazagao,AP,,,,,,,,,,,,,,,,,,,
2006,11,52003,2.9033333333333333,52003,mazagao,AP,,,,,,,,,,,,,,,,,,,
2006,11,771001,7.36,771001,tarauaca,AC,,,,,,,,,,,,,,,,,,,
2006,11,872000,5.256666666666666,872000,marechal thaumaturgo,AC,,,,,,,,,,,,,,,,,,,
2006,11,968004,12.17,968004,bujari,AC,,,,,,,,,,,,,,,,,,,
2006,11,968005,8.943333333333333,968005,sena madureira,AC,,,,,,,,,,,,,,,,,,,
2006,11,972000,6.753333333333333,972000,marechal thaumaturgo,AC,,,,,,,,,,,,,,,,,,,
2006,11,1067002,6.58,1067002,placido de castro,AC,,,,,,,,,,,,,,,,,,,
2006,11,1067003,6.2299999999999995,1067003,capixaba,AC,,,,,,,,,,,,,,,,,,,
2006,11,1068000,8.493333333333334,1068000,xapuri,AC,,,,,,,,,,,,,,,,,,,
2006,11,8050000,0.0,8050000,macapa,AP,,,,,,,,,,,,,,,,,,,
2006,11,8050001,1.7966666666666666,8050001,macapa,AP,,,,,,,,,,,,,,,,,,,
2006,11,8051010,0.52,8051010,macapa,AP,,,,,,,,,,,,,,,,,,,
2006,11,8051012,4.541666666666667,8051012,porto grande,AP,,,,,,,,,,,,,,,,,,,
2006,11,8052000,5.12,8052000,serra do navio,AP,,,,,,,,,,,,,,,,,,,
2006,11,8150000,1.86,8150000,tartarugalzinho,AP,,,,,,,,,,,,,,,,,,,
2006,11,8151000,6.09,8151000,tartarugalzinho,AP,,,,,,,,,,,,,,,,,,,
2006,11,8250002,3.4166666666666665,8250002,calcoene,AP,,,,,,,,,,,,,,,,,,,
2006,11,8250003,2.1666666666666665,8250003,amapa,AP,,,,,,,,,,,,,,,,,,,
2006,11,8251001,2.256666666666667,8251001,calcoene,AP,,,,,,,,,,,,,,,,,,,
2006,11,8251004,3.1166666666666667,8251004,oiapoque,AP,,,,,,,,,,,,,,,,,,,
2006,11,8351002,3.35,8351002,oiapoque,AP,,,,,,,,,,,,,,,,,,,
2006,12,51002,4.622580645161291,51002,mazagao,AP,,,,,,,,,,,,,,,,,,,
2006,12,51004,3.02258064516129,51004,mazagao,AP,,,,,,,,,,,,,,,,,,,
2006,12,52003,1.6096774193548387,52003,mazagao,AP,,,,,,,,,,,,,,,,,,,
2006,12,771001,6.993548387096775,771001,tarauaca,AC,,,,,,,,,,,,,,,,,,,
2006,12,872000,13.44516129032258,872000,marechal thaumaturgo,AC,,,,,,,,,,,,,,,,,,,
2006,12,968004,8.548387096774194,968004,bujari,AC,,,,,,,,,,,,,,,,,,,
2006,12,968005,9.23225806451613,968005,sena madureira,AC,,,,,,,,,,,,,,,,,,,
2006,12,972000,7.6161290322580655,972000,marechal thaumaturgo,AC,,,,,,,,,,,,,,,,,,,
2006,12,1067002,7.593548387096774,1067002,placido de castro,AC,,,,,,,,,,,,,,,,,,,
2006,12,1067003,10.0,1067003,capixaba,AC,,,,,,,,,,,,,,,,,,,
2006,12,1068000,11.24516129032258,1068000,xapuri,AC,,,,,,,,,,,,,,,,,,,
2006,12,8050000,3.1064516129032262,8050000,macapa,AP,,,,,,,,,,,,,,,,,,,
2006,12,8050001,1.2322580645161292,8050001,macapa,AP,,,,,,,,,,,,,,,,,,,
2006,12,8051010,3.448387096774194,8051010,macapa,AP,,,,,,,,,,,,,,,,,,,
2006,12,8051012,6.593548387096774,8051012,porto grande,AP,,,,,,,,,,,,,,,,,,,
2006,12,8052000,4.903225806451613,8052000,serra do navio,AP,,,,,,,,,,,,,,,,,,,
2006,12,8150000,3.335483870967742,8150000,tartarugalzinho,AP,,,,,,,,,,,,,,,,,,,
2006,12,8150001,11.693548387096774,8150001,tartarugalzinho,AP,,,,,,,,,,,,,,,,,,,
2006,12,8151000,9.529032258064515,8151000,tartarugalzinho,AP,,,,,,,,,,,,,,,,,,,
2006,12,8250002,14.890322580645162,8250002,calcoene,AP,,,,,,,,,,,,,,,,,,,
2006,12,8250003,7.996774193548387,8250003,amapa,AP,,,,,,,,,,,,,,,,,,,
2006,12,8251001,11.451612903225806,8251001,calcoene,AP,,,,,,,,,,,,,,,,,,,
2006,12,8251004,7.854838709677419,8251004,oiapoque,AP,,,,,,,,,,,,,,,,,,,
2006,12,8351002,10.087096774193547,8351002,oiapoque,AP,,,,,,,,,,,,,,,,,,,
2007,1,51002,2.7225806451612904,51002,mazagao,AP,85.05789614554087,,,,,,,,,,,,,,,,,,
2007,1,51004,5.65483870967742,51004,mazagao,AP,85.05789614554087,,,,,,,,,,,,,,,,,,
2007,1,52003,3.8129032258064517,52003,mazagao,AP,85.05789614554087,,,,,,,,,,,,,,,,,,
2007,1,771001,12.696774193548388,771001,tarauaca,AC,1305.245027170259,,,,,,,,,,,,,,,,,,
2007,1,872000,9.929032258064517,872000,marechal thaumaturgo,AC,182.6700622152257,,,,,,,,,,,,,,,,,,
2007,1,968004,7.935483870967742,968004,bujari,AC,1116.9559363778203,,,,,,,,,,,,,,,,,,
2007,1,968005,8.480645161290322,968005,sena madureira,AC,1504.441009052582,,,,,,,,,,,,,,,,,,
2007,1,972000,6.632258064516129,972000,marechal thaumaturgo,AC,182.6700622152257,,,,,,,,,,,,,,,,,,
2007,1,1067002,6.435483870967742,1067002,placido de castro,AC,1368.3572383550074,,,,,,,,,,,,,,,,,,
2007,1,1067003,7.603225806451612,1067003,capixaba,AC,803.726959839437,,,,,,,,,,,,,,,,,,
2007,1,1068000,6.116129032258065,1068000,xapuri,AC,1201.1857376838711,,,,,,,,,,,,,,,,,,
2007,1,8050000,0.7580645161290323,8050000,macapa,AP,387.5953143099971,,,,,,,,,,,,,,,,,,
2007,1,8050001,3.664516129032258,8050001,macapa,AP,387.5953143099971,,,,,,,,,,,,,,,,,,
2007,1,8051010,3.9922580645161294,8051010,macapa,AP,387.5953143099971,,,,,,,,,,,,,,,,,,
2007,1,8051012,4.503225806451613,8051012,porto grande,AP,343.6257274153682,,,,,,,,,,,,,,,,,,
2007,1,8052000,5.138709677419355,8052000,serra do navio,AP,61.22167840678732,,,,,,,,,,,,,,,,,,
2007,1,8150000,5.064516129032258,8150000,tartarugalzinho,AP,269.9210572933923,,,,,,,,,,,,,,,,,,
2007,1,8150001,8.841935483870968,8150001,tartarugalzinho,AP,269.9210572933923,,,,,,,,,,,,,,,,,,
2007,1,8151000,17.325806451612905,8151000,tartarugalzinho,AP,269.9210572933923,,,,,,,,,,,,,,,,,,
2007,1,8250002,13.541935483870969,8250002,calcoene,AP,159.2651776780907,,,,,,,,,,,,,,,,,,
2007,1,8250003,10.251612903225807,8250003,amapa,AP,102.81501702984652,,,,,,,,,,,,,,,,,,
2007,1,8251001,13.790322580645162,8251001,calcoene,AP,159.2651776780907,,,,,,,,,,,,,,,,,,
2007,1,8251004,11.103225806451613,8251004,oiapoque,AP,183.00879878566272,,,,,,,,,,,,,,,,,,
2007,1,8351002,10.867741935483872,8351002,oiapoque,AP,183.00879878566272,,,,,,,,,,,,,,,,,,
2007,2,51002,9.07391304347826,51002,mazagao,AP,85.05789614554087,,,,,,,,,,,,,,,,,,
2007,2,51004,12.975,51004,mazagao,AP,85.05789614554087,,,,,,,,,,,,,,,,,,
2007,2,52003,2.142857142857143,52003,mazagao,AP,85.05789614554087,,,,,,,,,,,,,,,,,,
2007,2,771001,3.3035714285714284,771001,tarauaca,AC,1305.245027170259,,,,,,,,,,,,,,,,,,
2007,2,872000,6.214285714285714,872000,marechal thaumaturgo,AC,182.6700622152257,,,,,,,,,,,,,,,,,,
2007,2,968004,8.425,968004,bujari,AC,1116.9559363778203,,,,,,,,,,,,,,,,,,
2007,2,968005,6.292857142857144,968005,sena madureira,AC,1504.441009052582,,,,,,,,,,,,,,,,,,
2007,2,972000,4.871428571428572,972000,marechal thaumaturgo,AC,182.6700622152257,,,,,,,,,,,,,,,,,,
2007,2,1067002,10.107142857142858,1067002,placido de castro,AC,1368.3572383550074,,,,,,,,,,,,,,,,,,
2007,2,1067003,7.285714285714286,1067003,capixaba,AC,803.726959839437,,,,,,,,,,,,,,,,,,
2007,2,1068000,8.72857142857143,1068000,xapuri,AC,1201.1857376838711,,,,,,,,,,,,,,,,,,
2007,2,8050000,6.675,8050000,macapa,AP,387.5953143099971,,,,,,,,,,,,,,,,,,
2007,2,8050001,5.675,8050001,macapa,AP,387.5953143099971,,,,,,,,,,,,,,,,,,
2007,2,8051010,6.253571428571428,8051010,macapa,AP,387.5953143099971,,,,,,,,,,,,,,,,,,
2007,2,8051012,3.7714285714285714,8051012,porto grande,AP,343.6257274153682,,,,,,,,,,,,,,,,,,
2007,2,8052000,9.07857142857143,8052000,serra do navio,AP,61.22167840678732,,,,,,,,,,,,,,,,,,
2007,2,8150000,5.710714285714286,8150000,tartarugalzinho,AP,269.9210572933923,,,,,,,,,,,,,,,,,,
2007,2,8150001,8.571428571428571,8150001,tartarugalzinho,AP,269.9210572933923,,,,,,,,,,,,,,,,,,
2007,2,8151000,13.971428571428572,8151000,tartarugalzinho,AP,269.9210572933923,,,,,,,,,,,,,,,,,,
2007,2,8250002,10.607142857142858,8250002,calcoene,AP,159.2651776780907,,,,,,,,,,,,,,,,,,
2007,2,8250003,10.864285714285714,8250003,amapa,AP,102.81501702984652,,,,,,,,,,,,,,,,,,
2007,2,8251001,13.435714285714285,8251001,calcoene,AP,159.2651776780907,,,,,,,,,,,,,,,,,,
2007,2,8251004,11.221428571428572,8251004,oiapoque,AP,183.00879878566272,,,,,,,,,,,,,,,,,,
2007,2,8351002,3.7357142857142853,8351002,oiapoque,AP,183.00879878566272,,,,,,,,,,,,,,,,,,
2007,3,51002,6.613793103448276,51002,mazagao,AP,85.05789614554087,,,,,,,,,,,,,,,,,,
2007,3,51004,17.87741935483871,51004,mazagao,AP,85.05789614554087,,,,,,,,,,,,,,,,,,
2007,3,52003,12.393548387096773,52003,mazagao,AP,85.05789614554087,,,,,,,,,,,,,,,,,,
2007,3,771001,17.238709677419354,771001,tarauaca,AC,1305.245027170259,,,,,,,,,,,,,,,,,,
2007,3,872000,6.670967741935483,872000,marechal thaumaturgo,AC,182.6700622152257,,,,,,,,,,,,,,,,,,
2007,3,968004,9.035483870967743,968004,bujari,AC,1116.9559363778203,,,,,,,,,,,,,,,,,,
2007,3,968005,13.174193548387098,968005,sena madureira,AC,1504.441009052582,,,,,,,,,,,,,,,,,,
2007,3,972000,7.974193548387096,972000,marechal thaumaturgo,AC,182.6700622152257,,,,,,,,,,,,,,,,,,
2007,3,1067002,6.774193548387097,1067002,placido de castro,AC,1368.3572383550074,,,,,,,,,,,,,,,,,,
2007,3,1067003,1.403225806451613,1067003,capixaba,AC,803.726959839437,,,,,,,,,,,,,,,,,,
2007,3,1068000,9.903225806451612,1068000,xapuri,AC,1201.1857376838711,,,,,,,,,,,,,,,,,,
2007,3,8050000,14.483870967741936,8050000,macapa,AP,387.5953143099971,,,,,,,,,,,,,,,,,,
2007,3,8050001,6.174193548387097,8050001,macapa,AP,387.5953143099971,,,,,,,,,,,,,,,,,,
2007,3,8051010,17.20967741935484,8051010,macapa,AP,387.5953143099971,,,,,,,,,,,,,,,,,,
2007,3,8051012,15.580645161290322,8051012,porto grande,AP,343.6257274153682,,,,,,,,,,,,,,,,,,
2007,3,8052000,13.629032258064516,8052000,serra do navio,AP,61.22167840678732,,,,,,,,,,,,,,,,,,
2007,3,8150000,12.970967741935485,8150000,tartarugalzinho,AP,269.9210572933923,,,,,,,,,,,,,,,,,,
2007,3,8150001,45.949999999999996,8150001,tartarugalzinho,AP,269.9210572933923,,,,,,,,,,,,,,,,,,
2007,3,8151000,39.480645161290326,8151000,tartarugalzinho,AP,269.9210572933923,,,,,,,,,,,,,,,,,,
2007,3,8250002,33.400000000000006,8250002,calcoene,AP,159.2651776780907,,,,,,,,,,,,,,,,,,
2007,3,8250003,50.57333333333334,8250003,amapa,AP,102.81501702984652,,,,,,,,,,,,,,,,,,
2007,3,8251001,26.654838709677417,8251001,calcoene,AP,159.2651776780907,,,,,,,,,,,,,,,,,,
2007,3,8251004,28.820967741935487,8251004,oiapoque,AP,183.00879878566272,,,,,,,,,,,,,,,,,,
2007,3,8351002,11.083870967741936,8351002,oiapoque,AP,183.00879878566272,,,,,,,,,,,,,,,,,,
2007,4,51002,3.561,51002,mazagao,AP,85.05789614554087,,,,,,,,,,,,,,,,,,
2007,4,51004,11.288666666666666,51004,mazagao,AP,85.05789614554087,,,,,,,,,,,,,,,,,,
2007,4,52003,9.74,52003,mazagao,AP,85.05789614554087,,,,,,,,,,,,,,,,,,
2007,4,771001,5.4433333333333325,771001,tarauaca,AC,1305.245027170259,,,,,,,,,,,,,,,,,,
2007,4,872000,4.02,872000,marechal thaumaturgo,AC,182.6700622152257,,,,,,,,,,,,,,,,,,
2007,4,968004,8.936666666666667,968004,bujari,AC,1116.9559363778203,,,,,,,,,,,,,,,,,,
2007,4,968005,8.843333333333334,968005,sena madureira,AC,1504.441009052582,,,,,,,,,,,,,,,,,,
2007,4,972000,6.933333333333334,972000,marechal thaumaturgo,AC,182.6700622152257,,,,,,,,,,,,,,,,,,
2007,4,1067002,5.3933333333333335,1067002,placido de castro,AC,1368.3572383550074,,,,,,,,,,,,,,,,,,
2007,4,1067003,1.85,1067003,capixaba,AC,803.726959839437,,,,,,,,,,,,,,,,,,
2007,4,1068000,4.013333333333334,1068000,xapuri,AC,1201.1857376838711,,,,,,,,,,,,,,,,,,
2007,4,8050000,12.176666666666668,8050000,macapa,AP,387.5953143099971,,,,,,,,,,,,,,,,,,
2007,4,8050001,7.366666666666666,8050001,macapa,AP,387.5953143099971,,,,,,,,,,,,,,,,,,
2007,4,8051010,10.843333333333334,8051010,macapa,AP,387.5953143099971,,,,,,,,,,,,,,,,,,
2007,4,8051012,12.196666666666665,8051012,porto grande,AP,343.6257274153682,,,,,,,,,,,,,,,,,,
2007,4,8052000,11.733333333333333,8052000,serra do navio,AP,61.22167840678732,,,,,,,,,,,,,,,,,,
2007,4,8150000,18.716666666666665,8150000,tartarugalzinho,AP,269.9210572933923,,,,,,,,,,,,,,,,,,
2007,4,8150001,16.18,8150001,tartarugalzinho,AP,269.9210572933923,,,,,,,,,,,,,,,,,,
2007,4,8151000,40.53666666666666,8151000,tartarugalzinho,AP,269.9210572933923,,,,,,,,,,,,,,,,,,
2007,4,8250002,21.013333333333332,8250002,calcoene,AP,159.2651776780907,,,,,,,,,,,,,,,,,,
2007,4,8250003,27.063333333333333,8250003,amapa,AP,102.81501702984652,,,,,,,,,,,,,,,,,,
2007,4,8251001,18.476666666666667,8251001,calcoene,AP,159.2651776780907,,,,,,,,,,,,,,,,,,
2007,4,8251004,17.793333333333333,8251004,oiapoque,AP,183.00879878566272,,,,,,,,,,,,,,,,,,
2007,4,8351002,13.896666666666668,8351002,oiapoque,AP,183.00879878566272,,,,,,,,,,,,,,,,,,
2007,5,51002,4.209677419354839,51002,mazagao,AP,85.05789614554087,,,,,,,,,,,,,,,,,,
2007,5,51004,16.273225806451613,51004,mazagao,AP,85.05789614554087,,,,,,,,,,,,,,,,,,
2007,5,52003,11.135483870967741,52003,mazagao,AP,85.05789614554087,,,,,,,,,,,,,,,,,,
2007,5,771001,4.496774193548387,771001,tarauaca,AC,1305.245027170259,,,,,,,,,,,,,,,,,,
2007,5,872000,4.33225806451613,872000,marechal thaumaturgo,AC,182.6700622152257,,,,,,,,,,,,,,,,,,
2007,5,968004,4.874193548387097,968004,bujari,AC,1116.9559363778203,,,,,,,,,,,,,,,,,,
2007,5,968005,7.661290322580645,968005,sena madureira,AC,1504.441009052582,,,,,,,,,,,,,,,,,,
2007,5,972000,4.422580645161291,972000,marechal thaumaturgo,AC,182.6700622152257,,,,,,,,,,,,,,,,,,
2007,5,1067002,7.809677419354839,1067002,placido de castro,AC,1368.3572383550074,,,,,,,,,,,,,,,,,,
2007,5,1067003,1.3193548387096774,1067003,capixaba,AC,803.726959839437,,,,,,,,,,,,,,,,,,
2007,5,1068000,4.6,1068000,xapuri,AC,1201.1857376838711,,,,,,,,,,,,,,,,,,
2007,5,8050000,9.95483870967742,8050000,macapa,AP,387.5953143099971,,,,,,,,,,,,,,,,,,
2007,5,8050001,13.761290322580646,8050001,macapa,AP,387.5953143099971,,,,,,,,,,,,,,,,,,
2007,5,8051010,10.83548387096774,8051010,macapa,AP,387.5953143099971,,,,,,,,,,,,,,,,,,
2007,5,8051012,7.95483870967742,8051012,porto grande,AP,343.6257274153682,,,,,,,,,,,,,,,,,,
2007,5,8052000,8.025806451612903,8052000,serra do navio,AP,61.22167840678732,,,,,,,,,,,,,,,,,,
2007,5,8150000,12.680645161290323,8150000,tartarugalzinho,AP,269.9210572933923,,,,,,,,,,,,,,,,,,
2007,5,8150001,9.583870967741936,8150001,tartarugalzinho,AP,269.9210572933923,,,,,,,,,,,,,,,,,,
2007,5,8151000,22.703225806451613,8151000,tartarugalzinho,AP,269.9210572933923,,,,,,,,,,,,,,,,,,
2007,5,8250002,21.80322580645161,8250002,calcoene,AP,159.2651776780907,,,,,,,,,,,,,,,,,,
2007,5,8250003,15.929032258064517,8250003,amapa,AP,102.81501702984652,,,,,,,,,,,,,,,,,,
2007,5,8251001,17.88064516129032,8251001,calcoene,AP,159.2651776780907,,,,,,,,,,,,,,,,,,
2007,5,8251004,17.983870967741936,8251004,oiapoque,AP,183.00879878566272,,,,,,,,,,,,,,,,,,
2007,5,8351002,18.393548387096775,8351002,oiapoque,AP,183.00879878566272,,,,,,,,,,,,,,,,,,
2007,6,51002,6.333333333333333,51002,mazagao,AP,85.05789614554087,,,,,,,,,,,,,,,,,,
2007,6,51004,7.012333333333333,51004,mazagao,AP,85.05789614554087,,,,,,,,,,,,,,,,,,
2007,6,52003,4.74,52003,mazagao,AP,85.05789614554087,,,,,,,,,,,,,,,,,,
2007,6,771001,2.48,771001,tarauaca,AC,1305.245027170259,,,,,,,,,,,,,,,,,,
2007,6,872000,0.0,872000,marechal thaumaturgo,AC,182.6700622152257,,,,,,,,,,,,,,,,,,
2007,6,968004,0.0,968004,bujari,AC,1116.9559363778203,,,,,,,,,,,,,,,,,,
2007,6,968005,1.7600000000000002,968005,sena madureira,AC,1504.441009052582,,,,,,,,,,,,,,,,,,
2007,6,972000,0.7200000000000001,972000,marechal thaumaturgo,AC,182.6700622152257,,,,,,,,,,,,,,,,,,
2007,6,1067002,0.22666666666666668,1067002,placido de castro,AC,1368.3572383550074,,,,,,,,,,,,,,,,,,
2007,6,1067003,0.9333333333333335,1067003,capixaba,AC,803.726959839437,,,,,,,,,,,,,,,,,,
2007,6,1068000,2.1733333333333333,1068000,xapuri,AC,1201.1857376838711,,,,,,,,,,,,,,,,,,
2007,6,8050000,9.586666666666666,8050000,macapa,AP,387.5953143099971,,,,,,,,,,,,,,,,,,
2007,6,8050001,10.58,8050001,macapa,AP,387.5953143099971,,,,,,,,,,,,,,,,,,
2007,6,8051010,4.176666666666667,8051010,macapa,AP,387.5953143099971,,,,,,,,,,,,,,,,,,
2007,6,8051012,7.903333333333333,8051012,porto grande,AP,343.6257274153682,,,,,,,,,,,,,,,,,,
2007,6,8052000,5.4399999999999995,8052000,serra do navio,AP,61.22167840678732,,,,,,,,,,,,,,,,,,
2007,6,8150000,9.758333333333333,8150000,tartarugalzinho,AP,269.9210572933923,,,,,,,,,,,,,,,,,,
2007,6,8150001,10.566666666666666,8150001,tartarugalzinho,AP,269.9210572933923,,,,,,,,,,,,,,,,,,
2007,6,8151000,14.056666666666667,8151000,tartarugalzinho,AP,269.9210572933923,,,,,,,,,,,,,,,,,,
2007,6,8250002,15.033333333333333,8250002,calcoene,AP,159.2651776780907,,,,,,,,,,,,,,,,,,
2007,6,8250003,13.15,8250003,amapa,AP,102.81501702984652,,,,,,,,,,,,,,,,,,
2007,6,8251001,13.520000000000001,8251001,calcoene,AP,159.2651776780907,,,,,,,,,,,,,,,,,,
2007,6,8251004,13.793333333333333,8251004,oiapoque,AP,183.00879878566272,,,,,,,,,,,,,,,,,,
2007,6,8351002,12.086666666666668,8351002,oiapoque,AP,183.00879878566272,,,,,,,,,,,,,,,,,,
2007,7,51002,6.651612903225807,51002,mazagao,AP,85.05789614554087,,,,,,,,,,,,,,,,,,
2007,7,51004,9.75483870967742,51004,mazagao,AP,85.05789614554087,,,,,,,,,,,,,,,,,,
2007,7,52003,6.032258064516129,52003,mazagao,AP,85.05789614554087,,,,,,,,,,,,,,,,,,
2007,7,771001,1.5580645161290323,771001,tarauaca,AC,1305.245027170259,,,,,,,,,,,,,,,,,,
2007,7,872000,4.174193548387096,872000,marechal thaumaturgo,AC,182.6700622152257,,,,,,,,,,,,,,,,,,
2007,7,968004,2.8000000000000003,968004,bujari,AC,1116.9559363778203,,,,,,,,,,,,,,,,,,
2007,7,968005,0.23870967741935484,968005,sena madureira,AC,1504.441009052582,,,,,,,,,,,,,,,,,,
2007,7,972000,0.6967741935483871,972000,marechal thaumaturgo,AC,182.6700622152257,,,,,,,,,,,,,,,,,,
2007,7,1067002,0.3806451612903226,1067002,placido de castro,AC,1368.3572383550074,,,,,,,,,,,,,,,,,,
2007,7,1067003,0.6000000000000001,1067003,capixaba,AC,803.726959839437,,,,,,,,,,,,,,,,,,
2007,7,1068000,0.9225806451612903,1068000,xapuri,AC,1201.1857376838711,,,,,,,,,,,,,,,,,,
2007,7,8050000,5.741935483870968,8050000,macapa,AP,387.5953143099971,,,,,,,,,,,,,,,,,,
2007,7,8050001,3.6806451612903226,8050001,macapa,AP,387.5953143099971,,,,,,,,,,,,,,,,,,
2007,7,8051010,4.238709677419355,8051010,macapa,AP,387.5953143099971,,,,,,,,,,,,,,,,,,
2007,7,8051012,5.458064516129032,8051012,porto grande,AP,343.6257274153682,,,,,,,,,,,,,,,,,,
2007,7,8052000,5.367741935483871,8052000,serra do navio,AP,61.22167840678732,,,,,,,,,,,,,,,,,,
2007,7,8150000,4.825806451612903,8150000,tartarugalzinho,AP,269.9210572933923,,,,,,,,,,,,,,,,,,
2007,7,8150001,6.325806451612903,8150001,tartarugalzinho,AP,269.9210572933923,,,,,,,,,,,,,,,,,,
2007,7,8151000,12.221935483870968,8151000,tartarugalzinho,AP,269.9210572933923,,,,,,,,,,,,,,,,,,
2007,7,8250002,10.061290322580644,8250002,calcoene,AP,159.2651776780907,,,,,,,,,,,,,,,,,,
2007,7,8250003,5.238709677419355,8250003,amapa,AP,102.81501702984652,,,,,,,,,,,,,,,,,,
2007,7,8251001,5.354838709677419,8251001,calcoene,AP,159.2651776780907,,,,,,,,,,,,,,,,,,
2007,7,8251004,8.312903225806451,8251004,oiapoque,AP,183.00879878566272,,,,,,,,,,,,,,,,,,
2007,7,8351002,4.77741935483871,8351002,oiapoque,AP,183.00879878566272,,,,,,,,,,,,,,,,,,
2007,8,51002,1.2000000000000002,51002,mazagao,AP,85.05789614554087,,,,,,,,,,,,,,,,,,
2007,8,51004,2.5806451612903225,51004,mazagao,AP,85.05789614554087,,,,,,,,,,,,,,,,,,
2007,8,52003,0.7806451612903226,52003,mazagao,AP,85.05789614554087,,,,,,,,,,,,,,,,,,
2007,8,771001,1.9516129032258065,771001,tarauaca,AC,1305.245027170259,,,,,,,,,,,,,,,,,,
2007,8,872000,1.2258064516129032,872000,marechal thaumaturgo,AC,182.6700622152257,,,,,,,,,,,,,,,,,,
2007,8,968004,0.03870967741935484,968004,bujari,AC,1116.9559363778203,,,,,,,,,,,,,,,,,,
2007,8,968005,0.0,968005,sena madureira,AC,1504.441009052582,,,,,,,,,,,,,,,,,,
2007,8,972000,0.9806451612903225,972000,marechal thaumaturgo,AC,182.6700622152257,,,,,,,,,,,,,,,,,,
2007,8,1067002,0.06451612903225806,1067002,placido de castro,AC,1368.3572383550074,,,,,,,,,,,,,,,,,,
2007,8,1067003,1.2967741935483872,1067003,capixaba,AC,803.726959839437,,,,,,,,,,,,,,,,,,
2007,8,1068000,0.0,1068000,xapuri,AC,1201.1857376838711,,,,,,,,,,,,,,,,,,
2007,8,8050000,6.148387096774194,8050000,macapa,AP,387.5953143099971,,,,,,,,,,,,,,,,,,
2007,8,8050001,6.813043478260869,8050001,macapa,AP,387.5953143099971,,,,,,,,,,,,,,,,,,
2007,8,8051010,2.203225806451613,8051010,macapa,AP,387.5953143099971,,,,,,,,,,,,,,,,,,
2007,8,8051012,5.558064516129033,8051012,porto grande,AP,343.6257274153682,,,,,,,,,,,,,,,,,,
2007,8,8052000,5.764516129032257,8052000,serra do navio,AP,61.22167840678732,,,,,,,,,,,,,,,,,,
2007,8,8150000,6.016129032258065,8150000,tartarugalzinho,AP,269.9210572933923,,,,,,,,,,,,,,,,,,
2007,8,8150001,5.406451612903226,8150001,tartarugalzinho,AP,269.9210572933923,,,,,,,,,,,,,,,,,,
2007,8,8151000,9.02258064516129,8151000,tartarugalzinho,AP,269.9210572933923,,,,,,,,,,,,,,,,,,
2007,8,8250002,1.7193548387096773,8250002,calcoene,AP,159.2651776780907,,,,,,,,,,,,,,,,,,
2007,8,8250003,1.803225806451613,8250003,amapa,AP,102.81501702984652,,,,,,,,,,,,,,,,,,
2007,8,8251001,0.9612903225806452,8251001,calcoene,AP,159.2651776780907,,,,,,,,,,,,,,,,,,
2007,8,8251004,3.9838709677419355,8251004,oiapoque,AP,183.00879878566272,,,,,,,,,,,,,,,,,,
2007,8,8351002,1.4903225806451614,8351002,oiapoque,AP,183.00879878566272,,,,,,,,,,,,,,,,,,
2007,9,51002,1.4166666666666667,51002,mazagao,AP,85.05789614554087,,,,,,,,,,,,,,,,,,
2007,9,51004,3.7199999999999998,51004,mazagao,AP,85.05789614554087,,,,,,,,,,,,,,,,,,
2007,9,52003,0.24000000000000002,52003,mazagao,AP,85.05789614554087,,,,,,,,,,,,,,,,,,
2007,9,771001,3.39,771001,tarauaca,AC,1305.245027170259,,,,,,,,,,,,,,,,,,
2007,9,872000,2.6199999999999997,872000,marechal thaumaturgo,AC,182.6700622152257,,,,,,,,,,,,,,,,,,
2007,9,968004,0.3466666666666667,968004,bujari,AC,1116.9559363778203,,,,,,,,,,,,,,,,,,
2007,9,968005,3.23,968005,sena madureira,AC,1504.441009052582,,,,,,,,,,,,,,,,,,
2007,9,972000,1.1933333333333331,972000,marechal thaumaturgo,AC,182.6700622152257,,,,,,,,,,,,,,,,,,
2007,9,1067002,1.4400000000000002,1067002,placido de castro,AC,1368.3572383550074,,,,,,,,,,,,,,,,,,
2007,9,1067003,0.81,1067003,capixaba,AC,803.726959839437,,,,,,,,,,,,,,,,,,
2007,9,1068000,1.8666666666666667,1068000,xapuri,AC,1201.1857376838711,,,,,,,,,,,,,,,,,,
2007,9,8050000,0.9600000000000001,8050000,macapa,AP,387.5953143099971,,,,,,,,,,,,,,,,,,
2007,9,8050001,0.8233333333333334,8050001,macapa,AP,387.5953143099971,,,,,,,,,,,,,,,,,,
2007,9,8051010,0.6066666666666668,8051010,macapa,AP,387.5953143099971,,,,,,,,,,,,,,,,,,
2007,9,8051012,5.613333333333333,8051012,porto grande,AP,343.6257274153682,,,,,,,,,,,,,,,,,,
2007,9,8052000,5.376666666666667,8052000,serra do navio,AP,61.22167840678732,,,,,,,,,,,,,,,,,,
2007,9,8150000,0.5466666666666666,8150000,tartarugalzinho,AP,269.9210572933923,,,,,,,,,,,,,,,,,,
2007,9,8150001,0.5399999999999999,8150001,tartarugalzinho,AP,269.9210572933923,,,,,,,,,,,,,,,,,,
2007,9,8151000,3.5200000000000005,8151000,tartarugalzinho,AP,269.9210572933923,,,,,,,,,,,,,,,,,,
2007,9,8250002,0.9433333333333332,8250002,calcoene,AP,159.2651776780907,,,,,,,,,,,,,,,,,,
2007,9,8250003,0.75,8250003,amapa,AP,102.81501702984652,,,,,,,,,,,,,,,,,,
2007,9,8251001,0.7033333333333334,8251001,calcoene,AP,159.2651776780907,,,,,,,,,,,,,,,,,,
2007,9,8251004,1.12,8251004,oiapoque,AP,183.00879878566272,,,,,,,,,,,,,,,,,,
2007,9,8351002,0.45,8351002,oiapoque,AP,183.00879878566272,,,,,,,,,,,,,,,,,,
2007,10,51002,0.696774193548387,51002,mazagao,AP,85.05789614554087,,,,,,,,,,,,,,,,,,
2007,10,52003,0.8806451612903226,52003,mazagao,AP,85.05789614554087,,,,,,,,,,,,,,,,,,
2007,10,771001,6.041935483870968,771001,tarauaca,AC,1305.245027170259,,,,,,,,,,,,,,,,,,
2007,10,872000,7.038709677419354,872000,marechal thaumaturgo,AC,182.6700622152257,,,,,,,,,,,,,,,,,,
2007,10,968004,5.861290322580645,968004,bujari,AC,1116.9559363778203,,,,,,,,,,,,,,,,,,
2007,10,968005,4.422580645161291,968005,sena madureira,AC,1504.441009052582,,,,,,,,,,,,,,,,,,
2007,10,972000,6.296774193548386,972000,marechal thaumaturgo,AC,182.6700622152257,,,,,,,,,,,,,,,,,,
2007,10,1067002,10.887096774193548,1067002,placido de castro,AC,1368.3572383550074,,,,,,,,,,,,,,,,,,
2007,10,1067003,5.729032258064516,1067003,capixaba,AC,803.726959839437,,,,,,,,,,,,,,,,,,
2007,10,1068000,5.929032258064516,1068000,xapuri,AC,1201.1857376838711,,,,,,,,,,,,,,,,,,
2007,10,8050000,0.7967741935483872,8050000,macapa,AP,387.5953143099971,,,,,,,,,,,,,,,,,,
2007,10,8050001,0.6387096774193549,8050001,macapa,AP,387.5953143099971,,,,,,,,,,,,,,,,,,
2007,10,8051010,1.1258064516129032,8051010,macapa,AP,387.5953143099971,,,,,,,,,,,,,,,,,,
2007,10,8051012,3.3419354838709676,8051012,porto grande,AP,343.6257274153682,,,,,,,,,,,,,,,,,,
2007,10,8052000,3.5903225806451613,8052000,serra do navio,AP,61.22167840678732,,,,,,,,,,,,,,,,,,
2007,10,8150000,2.1322580645161286,8150000,tartarugalzinho,AP,269.9210572933923,,,,,,,,,,,,,,,,,,
2007,10,8150001,0.3967741935483871,8150001,tartarugalzinho,AP,269.9210572933923,,,,,,,,,,,,,,,,,,
2007,10,8151000,19.448387096774194,8151000,tartarugalzinho,AP,269.9210572933923,,,,,,,,,,,,,,,,,,
2007,10,8250002,1.8193548387096774,8250002,calcoene,AP,159.2651776780907,,,,,,,,,,,,,,,,,,
2007,10,8250003,1.8903225806451613,8250003,amapa,AP,102.81501702984652,,,,,,,,,,,,,,,,,,
2007,10,8251001,0.732258064516129,8251001,calcoene,AP,159.2651776780907,,,,,,,,,,,,,,,,,,
2007,10,8251004,1.0903225806451615,8251004,oiapoque,AP,183.00879878566272,,,,,,,,,,,,,,,,,,
2007,10,8351002,0.9645161290322581,8351002,oiapoque,AP,183.00879878566272,,,,,,,,,,,,,,,,,,
2007,11,51002,0.13333333333333333,51002,mazagao,AP,85.05789614554087,,,,,,,,,,,,,,,,,,
2007,11,51004,2.9733333333333336,51004,mazagao,AP,85.05789614554087,,,,,,,,,,,,,,,,,,
2007,11,52003,1.7733333333333334,52003,mazagao,AP,85.05789614554087,,,,,,,,,,,,,,,,,,
2007,11,771001,6.376666666666666,771001,tarauaca,AC,1305.245027170259,,,,,,,,,,,,,,,,,,
2007,11,872000,3.0300000000000002,872000,marechal thaumaturgo,AC,182.6700622152257,,,,,,,,,,,,,,,,,,
2007,11,968004,5.64,968004,bujari,AC,1116.9559363778203,,,,,,,,,,,,,,,,,,
2007,11,968005,3.8699999999999997,968005,sena madureira,AC,1504.441009052582,,,,,,,,,,,,,,,,,,
2007,11,972000,5.23,972000,marechal thaumaturgo,AC,182.6700622152257,,,,,,,,,,,,,,,,,,
2007,11,1067002,4.489999999999999,1067002,placido de castro,AC,1368.3572383550074,,,,,,,,,,,,,,,,,,
2007,11,1067003,3.3200000000000003,1067003,capixaba,AC,803.726959839437,,,,,,,,,,,,,,,,,,
2007,11,1068000,8.053333333333333,1068000,xapuri,AC,1201.1857376838711,,,,,,,,,,,,,,,,,,
2007,11,8050000,0.1,8050000,macapa,AP,387.5953143099971,,,,,,,,,,,,,,,,,,
2007,11,8050001,0.24333333333333332,8050001,macapa,AP,387.5953143099971,,,,,,,,,,,,,,,,,,
2007,11,8051010,0.6,8051010,macapa,AP,387.5953143099971,,,,,,,,,,,,,,,,,,
2007,11,8051012,3.0,8051012,porto grande,AP,343.6257274153682,,,,,,,,,,,,,,,,,,
2007,11,8052000,3.853333333333333,8052000,serra do navio,AP,61.22167840678732,,,,,,,,,,,,,,,,,,
2007,11,8150000,1.35,8150000,tartarugalzinho,AP,269.9210572933923,,,,,,,,,,,,,,,,,,
2007,11,8150001,1.3233333333333335,8150001,tartarugalzinho,AP,269.9210572933923,,,,,,,,,,,,,,,,,,
2007,11,8151000,21.9,8151000,tartarugalzinho,AP,269.9210572933923,,,,,,,,,,,,,,,,,,
2007,11,8250002,3.2933333333333334,8250002,calcoene,AP,159.2651776780907,,,,,,,,,,,,,,,,,,
2007,11,8250003,2.5566666666666666,8250003,amapa,AP,102.81501702984652,,,,,,,,,,,,,,,,,,
2007,11,8251001,3.8766666666666665,8251001,calcoene,AP,159.2651776780907,,,,,,,,,,,,,,,,,,
2007,11,8251004,2.0833333333333335,8251004,oiapoque,AP,183.00879878566272,,,,,,,,,,,,,,,,,,
2007,11,8351002,9.46,8351002,oiapoque,AP,183.00879878566272,,,,,,,,,,,,,,,,,,
2007,12,51002,9.951612903225806,51002,mazagao,AP,85.05789614554087,,,,,,,,,,,,,,,,,,
2007,12,51004,11.964516129032257,51004,mazagao,AP,85.05789614554087,,,,,,,,,,,,,,,,,,
2007,12,52003,3.393548387096774,52003,mazagao,AP,85.05789614554087,,,,,,,,,,,,,,,,,,
2007,12,771001,10.635483870967741,771001,tarauaca,AC,1305.245027170259,,,,,,,,,,,,,,,,,,
2007,12,872000,6.377419354838709,872000,marechal thaumaturgo,AC,182.6700622152257,,,,,,,,,,,,,,,,,,
2007,12,968004,6.561290322580645,968004,bujari,AC,1116.9559363778203,,,,,,,,,,,,,,,,,,
2007,12,968005,9.77741935483871,968005,sena madureira,AC,1504.441009052582,,,,,,,,,,,,,,,,,,
2007,12,972000,14.561290322580644,972000,marechal thaumaturgo,AC,182.6700622152257,,,,,,,,,,,,,,,,,,
2007,12,1067002,8.451612903225806,1067002,placido de castro,AC,1368.3572383550074,,,,,,,,,,,,,,,,,,
2007,12,1067003,4.096774193548387,1067003,capixaba,AC,803.726959839437,,,,,,,,,,,,,,,,,,
2007,12,1068000,6.148387096774194,1068000,xapuri,AC,1201.1857376838711,,,,,,,,,,,,,,,,,,
2007,12,8050000,5.493548387096775,8050000,macapa,AP,387.5953143099971,,,,,,,,,,,,,,,,,,
2007,12,8050001,3.8,8050001,macapa,AP,387.5953143099971,,,,,,,,,,,,,,,,,,
2007,12,8051010,7.0,8051010,macapa,AP,387.5953143099971,,,,,,,,,,,,,,,,,,
2007,12,8051012,13.883870967741935,8051012,porto grande,AP,343.6257274153682,,,,,,,,,,,,,,,,,,
2007,12,8052000,6.919354838709677,8052000,serra do navio,AP,61.22167840678732,,,,,,,,,,,,,,,,,,
2007,12,8150000,7.84516129032258,8150000,tartarugalzinho,AP,269.9210572933923,,,,,,,,,,,,,,,,,,
2007,12,8150001,5.506451612903225,8150001,tartarugalzinho,AP,269.9210572933923,,,,,,,,,,,,,,,,,,
2007,12,8151000,21.27333333333333,8151000,tartarugalzinho,AP,269.9210572933923,,,,,,,,,,,,,,,,,,
2007,12,8250002,18.651612903225807,8250002,calcoene,AP,159.2651776780907,,,,,,,,,,,,,,,,,,
2007,12,8250003,17.01290322580645,8250003,amapa,AP,102.81501702984652,,,,,,,,,,,,,,,,,,
2007,12,8251001,13.112903225806452,8251001,calcoene,AP,159.2651776780907,,,,,,,,,,,,,,,,,,
2007,12,8251004,14.048387096774194,8251004,oiapoque,AP,183.00879878566272,,,,,,,,,,,,,,,,,,
2007,12,8351002,11.67741935483871,8351002,oiapoque,AP,183.00879878566272,,,,,,,,,,,,,,,,,,
2008,1,51002,14.758064516129032,51002,mazagao,AP,15.64770038330512,,,,,,,,,,,,,,,,,,
2008,1,51004,10.66451612903226,51004,mazagao,AP,15.64770038330512,,,,,,,,,,,,,,,,,,
2008,1,52003,7.783870967741936,52003,mazagao,AP,15.64770038330512,,,,,,,,,,,,,,,,,,
2008,1,771001,9.741935483870968,771001,tarauaca,AC,36.854550151564624,,,,,,,,,,,,,,,,,,
2008,1,872000,16.416129032258063,872000,marechal thaumaturgo,AC,11.83866432430098,,,,,,,,,,,,,,,,,,
2008,1,968004,10.55483870967742,968004,bujari,AC,15.772079950013074,,,,,,,,,,,,,,,,,,
2008,1,968005,5.83225806451613,968005,sena madureira,AC,34.81033641265547,,,,,,,,,,,,,,,,,,
2008,1,972000,13.209677419354838,972000,marechal thaumaturgo,AC,11.83866432430098,,,,,,,,,,,,,,,,,,
2008,1,1067002,8.125806451612904,1067002,placido de castro,AC,3.260656657648218,,,,,,,,,,,,,,,,,,
2008,1,1067003,5.735483870967743,1067003,capixaba,AC,8.829852107369534,,,,,,,,,,,,,,,,,,
2008,1,1068000,9.638709677419355,1068000,xapuri,AC,22.988356752871933,,,,,,,,,,,,,,,,,,
2008,1,8050000,10.535483870967743,8050000,macapa,AP,6.650182009927677,,,,,,,,,,,,,,,,,,
2008,1,8050001,7.348387096774194,8050001,macapa,AP,6.650182009927677,,,,,,,,,,,,,,,,,,
2008,1,8051010,6.829032258064516,8051010,macapa,AP,6.650182009927677,,,,,,,,,,,,,,,,,,
2008,1,8051012,11.212903225806452,8051012,porto grande,AP,14.434299653636408,,,,,,,,,,,,,,,,,,
2008,1,8052000,11.558064516129033,8052000,serra do navio,AP,0.3161117298186461,,,,,,,,,,,,,,,,,,
2008,1,8150000,14.712903225806452,8150000,tartarugalzinho,AP,13.716569481380349,,,,,,,,,,,,,,,,,,
2008,1,8150001,12.583870967741936,8150001,tartarugalzinho,AP,13.716569481380349,,,,,,,,,,,,,,,,,,
2008,1,8151000,21.206451612903226,8151000,tartarugalzinho,AP,13.716569481380349,,,,,,,,,,,,,,,,,,
2008,1,8250002,27.54516129032258,8250002,calcoene,AP,6.302664782652807,,,,,,,,,,,,,,,,,,
2008,1,8250003,22.76451612903226,8250003,amapa,AP,1.8898445683821068,,,,,,,,,,,,,,,,,,
2008,1,8251001,10.76774193548387,8251001,calcoene,AP,6.302664782652807,,,,,,,,,,,,,,,,,,
2008,1,8251004,15.016129032258064,8251004,oiapoque,AP,11.659895533740722,,,,,,,,,,,,,,,,,,
2008,1,8351002,7.32258064516129,8351002,oiapoque,AP,11.659895533740722,,,,,,,,,,,,,,,,,,
2008,2,51002,6.568965517241379,51002,mazagao,AP,15.64770038330512,,,,,,,,,,,,,,,,,,
2008,2,51004,10.475862068965517,51004,mazagao,AP,15.64770038330512,,,,,,,,,,,,,,,,,,
2008,2,52003,12.758620689655173,52003,mazagao,AP,15.64770038330512,,,,,,,,,,,,,,,,,,
2008,2,771001,11.06551724137931,771001,tarauaca,AC,36.854550151564624,,,,,,,,,,,,,,,,,,
2008,2,872000,6.0103448275862075,872000,marechal thaumaturgo,AC,11.83866432430098,,,,,,,,,,,,,,,,,,
2008,2,968004,7.36551724137931,968004,bujari,AC,15.772079950013074,,,,,,,,,,,,,,,,,,
2008,2,968005,7.193103448275862,968005,sena madureira,AC,34.81033641265547,,,,,,,,,,,,,,,,,,
2008,2,972000,3.389655172413793,972000,marechal thaumaturgo,AC,11.83866432430098,,,,,,,,,,,,,,,,,,
2008,2,1067002,3.7344827586206897,1067002,placido de castro,AC,3.260656657648218,,,,,,,,,,,,,,,,,,
2008,2,1067003,4.5793103448275865,1067003,capixaba,AC,8.829852107369534,,,,,,,,,,,,,,,,,,
2008,2,1068000,7.448275862068965,1068000,xapuri,AC,22.988356752871933,,,,,,,,,,,,,,,,,,
2008,2,8050000,11.5,8050000,macapa,AP,6.650182009927677,,,,,,,,,,,,,,,,,,
2008,2,8050001,4.279310344827586,8050001,macapa,AP,6.650182009927677,,,,,,,,,,,,,,,,,,
2008,2,8051010,16.120689655172413,8051010,macapa,AP,6.650182009927677,,,,,,,,,,,,,,,,,,
2008,2,8051012,10.60689655172414,8051012,porto grande,AP,14.434299653636408,,,,,,,,,,,,,,,,,,
2008,2,8052000,8.73448275862069,8052000,serra do navio,AP,0.3161117298186461,,,,,,,,,,,,,,,,,,
2008,2,8150000,11.168965517241379,8150000,tartarugalzinho,AP,13.716569481380349,,,,,,,,,,,,,,,,,,
2008,2,8150001,12.110344827586207,8150001,tartarugalzinho,AP,13.716569481380349,,,,,,,,,,,,,,,,,,
2008,2,8151000,17.224137931034484,8151000,tartarugalzinho,AP,13.716569481380349,,,,,,,,,,,,,,,,,,
2008,2,8250002,21.63448275862069,8250002,calcoene,AP,6.302664782652807,,,,,,,,,,,,,,,,,,
2008,2,8250003,23.062068965517245,8250003,amapa,AP,1.8898445683821068,,,,,,,,,,,,,,,,,,
2008,2,8251001,17.93448275862069,8251001,calcoene,AP,6.302664782652807,,,,,,,,,,,,,,,,,,
2008,2,8251004,17.43448275862069,8251004,oiapoque,AP,11.659895533740722,,,,,,,,,,,,,,,,,,
2008,2,8351002,18.151724137931033,8351002,oiapoque,AP,11.659895533740722,,,,,,,,,,,,,,,,,,
2008,3,51002,6.893548387096774,51002,mazagao,AP,15.64770038330512,,,,,,,,,,,,,,,,,,
2008,3,51004,11.880645161290323,51004,mazagao,AP,15.64770038330512,,,,,,,,,,,,,,,,,,
2008,3,52003,10.038709677419355,52003,mazagao,AP,15.64770038330512,,,,,,,,,,,,,,,,,,
2008,3,771001,6.712903225806452,771001,tarauaca,AC,36.854550151564624,,,,,,,,,,,,,,,,,,
2008,3,872000,3.361290322580645,872000,marechal thaumaturgo,AC,11.83866432430098,,,,,,,,,,,,,,,,,,
2008,3,968004,8.770967741935483,968004,bujari,AC,15.772079950013074,,,,,,,,,,,,,,,,,,
2008,3,968005,9.067741935483872,968005,sena madureira,AC,34.81033641265547,,,,,,,,,,,,,,,,,,
2008,3,972000,7.490322580645161,972000,marechal thaumaturgo,AC,11.83866432430098,,,,,,,,,,,,,,,,,,
2008,3,1067002,7.348387096774194,1067002,placido de castro,AC,3.260656657648218,,,,,,,,,,,,,,,,,,
2008,3,1067003,3.9677419354838714,1067003,capixaba,AC,8.829852107369534,,,,,,,,,,,,,,,,,,
2008,3,1068000,6.335483870967742,1068000,xapuri,AC,22.988356752871933,,,,,,,,,,,,,,,,,,
2008,3,8050000,12.450645161290323,8050000,macapa,AP,6.650182009927677,,,,,,,,,,,,,,,,,,
2008,3,8050001,9.187096774193549,8050001,macapa,AP,6.650182009927677,,,,,,,,,,,,,,,,,,
2008,3,8051010,17.761290322580646,8051010,macapa,AP,6.650182009927677,,,,,,,,,,,,,,,,,,
2008,3,8051012,14.593548387096773,8051012,porto grande,AP,14.434299653636408,,,,,,,,,,,,,,,,,,
2008,3,8052000,8.951612903225806,8052000,serra do navio,AP,0.3161117298186461,,,,,,,,,,,,,,,,,,
2008,3,8150000,9.69032258064516,8150000,tartarugalzinho,AP,13.716569481380349,,,,,,,,,,,,,,,,,,
2008,3,8150001,12.038709677419355,8150001,tartarugalzinho,AP,13.716569481380349,,,,,,,,,,,,,,,,,,
2008,3,8151000,23.164516129032258,8151000,tartarugalzinho,AP,13.716569481380349,,,,,,,,,,,,,,,,,,
2008,3,8250002,23.687096774193545,8250002,calcoene,AP,6.302664782652807,,,,,,,,,,,,,,,,,,
2008,3,8250003,21.81935483870968,8250003,amapa,AP,1.8898445683821068,,,,,,,,,,,,,,,,,,
2008,3,8251001,13.312903225806451,8251001,calcoene,AP,6.302664782652807,,,,,,,,,,,,,,,,,,
2008,3,8251004,16.483870967741936,8251004,oiapoque,AP,11.659895533740722,,,,,,,,,,,,,,,,,,
2008,3,8351002,14.783870967741937,8351002,oiapoque,AP,11.659895533740722,,,,,,,,,,,,,,,,,,
2008,4,51002,5.476666666666666,51002,mazagao,AP,15.64770038330512,,,,,,,,,,,,,,,,,,
2008,4,51004,14.193333333333333,51004,mazagao,AP,15.64770038330512,,,,,,,,,,,,,,,,,,
2008,4,52003,8.049999999999999,52003,mazagao,AP,15.64770038330512,,,,,,,,,,,,,,,,,,
2008,4,771001,9.163333333333332,771001,tarauaca,AC,36.854550151564624,,,,,,,,,,,,,,,,,,
2008,4,872000,3.816666666666667,872000,marechal thaumaturgo,AC,11.83866432430098,,,,,,,,,,,,,,,,,,
2008,4,968004,2.7199999999999998,968004,bujari,AC,15.772079950013074,,,,,,,,,,,,,,,,,,
2008,4,968005,2.9166666666666665,968005,sena madureira,AC,34.81033641265547,,,,,,,,,,,,,,,,,,
2008,4,972000,9.370000000000001,972000,marechal thaumaturgo,AC,11.83866432430098,,,,,,,,,,,,,,,,,,
2008,4,1067002,1.59,1067002,placido de castro,AC,3.260656657648218,,,,,,,,,,,,,,,,,,
2008,4,1067003,1.5666666666666667,1067003,capixaba,AC,8.829852107369534,,,,,,,,,,,,,,,,,,
2008,4,1068000,5.02,1068000,xapuri,AC,22.988356752871933,,,,,,,,,,,,,,,,,,
2008,4,8050000,12.356666666666666,8050000,macapa,AP,6.650182009927677,,,,,,,,,,,,,,,,,,
2008,4,8050001,9.76,8050001,macapa,AP,6.650182009927677,,,,,,,,,,,,,,,,,,
2008,4,8051010,8.413333333333334,8051010,macapa,AP,6.650182009927677,,,,,,,,,,,,,,,,,,
2008,4,8051012,9.49,8051012,porto grande,AP,14.434299653636408,,,,,,,,,,,,,,,,,,
2008,4,8052000,12.793333333333333,8052000,serra do navio,AP,0.3161117298186461,,,,,,,,,,,,,,,,,,
2008,4,8150000,13.986666666666668,8150000,tartarugalzinho,AP,13.716569481380349,,,,,,,,,,,,,,,,,,
2008,4,8150001,16.78666666666667,8150001,tartarugalzinho,AP,13.716569481380349,,,,,,,,,,,,,,,,,,
2008,4,8151000,22.490000000000002,8151000,tartarugalzinho,AP,13.716569481380349,,,,,,,,,,,,,,,,,,
2008,4,8250002,36.5,8250002,calcoene,AP,6.302664782652807,,,,,,,,,,,,,,,,,,
2008,4,8250003,42.79666666666667,8250003,amapa,AP,1.8898445683821068,,,,,,,,,,,,,,,,,,
2008,4,8251001,28.34,8251001,calcoene,AP,6.302664782652807,,,,,,,,,,,,,,,,,,
2008,4,8251004,28.69333333333333,8251004,oiapoque,AP,11.659895533740722,,,,,,,,,,,,,,,,,,
2008,4,8351002,16.723333333333333,8351002,oiapoque,AP,11.659895533740722,,,,,,,,,,,,,,,,,,
2008,5,51002,13.535483870967743,51002,mazagao,AP,15.64770038330512,,,,,,,,,,,,,,,,,,
2008,5,51004,10.077419354838709,51004,mazagao,AP,15.64770038330512,,,,,,,,,,,,,,,,,,
2008,5,52003,15.048387096774194,52003,mazagao,AP,15.64770038330512,,,,,,,,,,,,,,,,,,
2008,5,771001,5.493548387096775,771001,tarauaca,AC,36.854550151564624,,,,,,,,,,,,,,,,,,
2008,5,872000,1.2000000000000002,872000,marechal thaumaturgo,AC,11.83866432430098,,,,,,,,,,,,,,,,,,
2008,5,968004,1.735483870967742,968004,bujari,AC,15.772079950013074,,,,,,,,,,,,,,,,,,
2008,5,968005,4.261290322580645,968005,sena madureira,AC,34.81033641265547,,,,,,,,,,,,,,,,,,
2008,5,972000,0.6096774193548387,972000,marechal thaumaturgo,AC,11.83866432430098,,,,,,,,,,,,,,,,,,
2008,5,1067002,1.6870967741935483,1067002,placido de castro,AC,3.260656657648218,,,,,,,,,,,,,,,,,,
2008,5,1067003,1.3903225806451613,1067003,capixaba,AC,8.829852107369534,,,,,,,,,,,,,,,,,,
2008,5,1068000,1.2193548387096773,1068000,xapuri,AC,22.988356752871933,,,,,,,,,,,,,,,,,,
2008,5,8050000,9.974193548387097,8050000,macapa,AP,6.650182009927677,,,,,,,,,,,,,,,,,,
2008,5,8050001,14.935483870967742,8050001,macapa,AP,6.650182009927677,,,,,,,,,,,,,,,,,,
2008,5,8051010,7.861290322580645,8051010,macapa,AP,6.650182009927677,,,,,,,,,,,,,,,,,,
2008,5,8051012,12.741935483870968,8051012,porto grande,AP,14.434299653636408,,,,,,,,,,,,,,,,,,
2008,5,8052000,10.3,8052000,serra do navio,AP,0.3161117298186461,,,,,,,,,,,,,,,,,,
2008,5,8150000,10.235483870967743,8150000,tartarugalzinho,AP,13.716569481380349,,,,,,,,,,,,,,,,,,
2008,5,8150001,10.906451612903227,8150001,tartarugalzinho,AP,13.716569481380349,,,,,,,,,,,,,,,,,,
2008,5,8151000,22.864516129032257,8151000,tartarugalzinho,AP,13.716569481380349,,,,,,,,,,,,,,,,,,
2008,5,8250002,17.31935483870968,8250002,calcoene,AP,6.302664782652807,,,,,,,,,,,,,,,,,,
2008,5,8250003,14.658064516129032,8250003,amapa,AP,1.8898445683821068,,,,,,,,,,,,,,,,,,
2008,5,8251001,15.422580645161291,8251001,calcoene,AP,6.302664782652807,,,,,,,,,,,,,,,,,,
2008,5,8251004,14.448387096774193,8251004,oiapoque,AP,11.659895533740722,,,,,,,,,,,,,,,,,,
2008,5,8351002,12.516129032258064,8351002,oiapoque,AP,11.659895533740722,,,,,,,,,,,,,,,,,,
2008,6,51002,13.646666666666667,51002,mazagao,AP,15.64770038330512,,,,,,,,,,,,,,,,,,
2008,6,51004,6.28,51004,mazagao,AP,15.64770038330512,,,,,,,,,,,,,,,,,,
2008,6,52003,7.286666666666666,52003,mazagao,AP,15.64770038330512,,,,,,,,,,,,,,,,,,
2008,6,771001,0.4633333333333333,771001,tarauaca,AC,36.854550151564624,,,,,,,,,,,,,,,,,,
2008,6,872000,2.753333333333333,872000,marechal thaumaturgo,AC,11.83866432430098,,,,,,,,,,,,,,,,,,
2008,6,968004,0.5333333333333333,968004,bujari,AC,15.772079950013074,,,,,,,,,,,,,,,,,,
2008,6,968005,0.18666666666666665,968005,sena madureira,AC,34.81033641265547,,,,,,,,,,,,,,,,,,
2008,6,972000,0.7466666666666666,972000,marechal thaumaturgo,AC,11.83866432430098,,,,,,,,,,,,,,,,,,
2008,6,1067002,0.18333333333333332,1067002,placido de castro,AC,3.260656657648218,,,,,,,,,,,,,,,,,,
2008,6,1067003,0.5533333333333333,1067003,capixaba,AC,8.829852107369534,,,,,,,,,,,,,,,,,,
2008,6,1068000,0.4133333333333333,1068000,xapuri,AC,22.988356752871933,,,,,,,,,,,,,,,,,,
2008,6,8050000,11.97,8050000,macapa,AP,6.650182009927677,,,,,,,,,,,,,,,,,,
2008,6,8050001,11.31,8050001,macapa,AP,6.650182009927677,,,,,,,,,,,,,,,,,,
2008,6,8051010,11.006666666666666,8051010,macapa,AP,6.650182009927677,,,,,,,,,,,,,,,,,,
2008,6,8051012,13.866666666666667,8051012,porto grande,AP,14.434299653636408,,,,,,,,,,,,,,,,,,
2008,6,8052000,8.093333333333334,8052000,serra do navio,AP,0.3161117298186461,,,,,,,,,,,,,,,,,,
2008,6,8150001,9.34,8150001,tartarugalzinho,AP,13.716569481380349,,,,,,,,,,,,,,,,,,
2008,6,8151000,9.673333333333334,8151000,tartarugalzinho,AP,13.716569481380349,,,,,,,,,,,,,,,,,,
2008,6,8250002,11.936666666666667,8250002,calcoene,AP,6.302664782652807,,,,,,,,,,,,,,,,,,
2008,6,8250003,11.383333333333333,8250003,amapa,AP,1.8898445683821068,,,,,,,,,,,,,,,,,,
2008,6,8251001,6.5,8251001,calcoene,AP,6.302664782652807,,,,,,,,,,,,,,,,,,
2008,6,8251004,13.256666666666666,8251004,oiapoque,AP,11.659895533740722,,,,,,,,,,,,,,,,,,
2008,6,8351002,14.023333333333333,8351002,oiapoque,AP,11.659895533740722,,,,,,,,,,,,,,,,,,
2008,7,51002,3.2483870967741937,51002,mazagao,AP,15.64770038330512,,,,,,,,,,,,,,,,,,
2008,7,51004,3.503225806451613,51004,mazagao,AP,15.64770038330512,,,,,,,,,,,,,,,,,,
2008,7,52003,5.125806451612903,52003,mazagao,AP,15.64770038330512,,,,,,,,,,,,,,,,,,
2008,7,771001,1.3935483870967742,771001,tarauaca,AC,36.854550151564624,,,,,,,,,,,,,,,,,,
2008,7,872000,0.967741935483871,872000,marechal thaumaturgo,AC,11.83866432430098,,,,,,,,,,,,,,,,,,
2008,7,968004,1.058064516129032,968004,bujari,AC,15.772079950013074,,,,,,,,,,,,,,,,,,
2008,7,968005,0.45806451612903226,968005,sena madureira,AC,34.81033641265547,,,,,,,,,,,,,,,,,,
2008,7,972000,1.1548387096774193,972000,marechal thaumaturgo,AC,11.83866432430098,,,,,,,,,,,,,,,,,,
2008,7,1067002,0.8741935483870968,1067002,placido de castro,AC,3.260656657648218,,,,,,,,,,,,,,,,,,
2008,7,1067003,0.01935483870967742,1067003,capixaba,AC,8.829852107369534,,,,,,,,,,,,,,,,,,
2008,7,1068000,0.36129032258064514,1068000,xapuri,AC,22.988356752871933,,,,,,,,,,,,,,,,,,
2008,7,8050000,3.5483870967741935,8050000,macapa,AP,6.650182009927677,,,,,,,,,,,,,,,,,,
2008,7,8050001,0.6645161290322581,8050001,macapa,AP,6.650182009927677,,,,,,,,,,,,,,,,,,
2008,7,8051012,5.261290322580645,8051012,porto grande,AP,14.434299653636408,,,,,,,,,,,,,,,,,,
2008,7,8150000,6.990322580645161,8150000,tartarugalzinho,AP,13.716569481380349,,,,,,,,,,,,,,,,,,
2008,7,8150001,5.706451612903226,8150001,tartarugalzinho,AP,13.716569481380349,,,,,,,,,,,,,,,,,,
2008,7,8151000,14.341935483870968,8151000,tartarugalzinho,AP,13.716569481380349,,,,,,,,,,,,,,,,,,
2008,7,8250002,11.096774193548388,8250002,calcoene,AP,6.302664782652807,,,,,,,,,,,,,,,,,,
2008,7,8251001,11.380645161290323,8251001,calcoene,AP,6.302664782652807,,,,,,,,,,,,,,,,,,
2008,7,8251004,10.25483870967742,8251004,oiapoque,AP,11.659895533740722,,,,,,,,,,,,,,,,,,
2008,7,8351002,7.5,8351002,oiapoque,AP,11.659895533740722,,,,,,,,,,,,,,,,,,
2008,8,51002,1.7645161290322582,51002,mazagao,AP,15.64770038330512,,,,,,,,,,,,,,,,,,
2008,8,51004,3.6193548387096777,51004,mazagao,AP,15.64770038330512,,,,,,,,,,,,,,,,,,
2008,8,52003,0.09032258064516129,52003,mazagao,AP,15.64770038330512,,,,,,,,,,,,,,,,,,
2008,8,771001,1.035483870967742,771001,tarauaca,AC,36.854550151564624,,,,,,,,,,,,,,,,,,
2008,8,872000,1.032258064516129,872000,marechal thaumaturgo,AC,11.83866432430098,,,,,,,,,,,,,,,,,,
2008,8,968004,1.0838709677419356,968004,bujari,AC,15.772079950013074,,,,,,,,,,,,,,,,,,
2008,8,968005,0.41935483870967744,968005,sena madureira,AC,34.81033641265547,,,,,,,,,,,,,,,,,,
2008,8,972000,2.003225806451613,972000,marechal thaumaturgo,AC,11.83866432430098,,,,,,,,,,,,,,,,,,
2008,8,1067002,0.48709677419354835,1067002,placido de castro,AC,3.260656657648218,,,,,,,,,,,,,,,,,,
2008,8,1067003,0.5193548387096775,1067003,capixaba,AC,8.829852107369534,,,,,,,,,,,,,,,,,,
2008,8,1068000,1.2193548387096773,1068000,xapuri,AC,22.988356752871933,,,,,,,,,,,,,,,,,,
2008,8,8050000,0.8193548387096774,8050000,macapa,AP,6.650182009927677,,,,,,,,,,,,,,,,,,
2008,8,8050001,0.06774193548387097,8050001,macapa,AP,6.650182009927677,,,,,,,,,,,,,,,,,,
2008,8,8051010,1.0483870967741935,8051010,macapa,AP,6.650182009927677,,,,,,,,,,,,,,,,,,
2008,8,8051012,2.5580645161290323,8051012,porto grande,AP,14.434299653636408,,,,,,,,,,,,,,,,,,
2008,8,8052000,2.92258064516129,8052000,serra do navio,AP,0.3161117298186461,,,,,,,,,,,,,,,,,,
2008,8,8150000,4.196774193548387,8150000,tartarugalzinho,AP,13.716569481380349,,,,,,,,,,,,,,,,,,
2008,8,8150001,4.274193548387097,8150001,tartarugalzinho,AP,13.716569481380349,,,,,,,,,,,,,,,,,,
2008,8,8151000,9.254838709677419,8151000,tartarugalzinho,AP,13.716569481380349,,,,,,,,,,,,,,,,,,
2008,8,8250002,5.554838709677419,8250002,calcoene,AP,6.302664782652807,,,,,,,,,,,,,,,,,,
2008,8,8250003,3.0645161290322576,8250003,amapa,AP,1.8898445683821068,,,,,,,,,,,,,,,,,,
2008,8,8251001,1.4516129032258065,8251001,calcoene,AP,6.302664782652807,,,,,,,,,,,,,,,,,,
2008,8,8251004,5.561290322580645,8251004,oiapoque,AP,11.659895533740722,,,,,,,,,,,,,,,,,,
2008,8,8351002,0.9935483870967742,8351002,oiapoque,AP,11.659895533740722,,,,,,,,,,,,,,,,,,
2008,9,51002,6.110714285714286,51002,mazagao,AP,15.64770038330512,,,,,,,,,,,,,,,,,,
2008,9,51004,0.6733333333333333,51004,mazagao,AP,15.64770038330512,,,,,,,,,,,,,,,,,,
2008,9,52003,0.0,52003,mazagao,AP,15.64770038330512,,,,,,,,,,,,,,,,,,
2008,9,771001,2.5133333333333336,771001,tarauaca,AC,36.854550151564624,,,,,,,,,,,,,,,,,,
2008,9,872000,1.9833333333333334,872000,marechal thaumaturgo,AC,11.83866432430098,,,,,,,,,,,,,,,,,,
2008,9,968004,1.7666666666666666,968004,bujari,AC,15.772079950013074,,,,,,,,,,,,,,,,,,
2008,9,968005,3.9266666666666667,968005,sena madureira,AC,34.81033641265547,,,,,,,,,,,,,,,,,,
2008,9,972000,5.03,972000,marechal thaumaturgo,AC,11.83866432430098,,,,,,,,,,,,,,,,,,
2008,9,1067002,3.2866666666666666,1067002,placido de castro,AC,3.260656657648218,,,,,,,,,,,,,,,,,,
2008,9,1067003,0.13333333333333333,1067003,capixaba,AC,8.829852107369534,,,,,,,,,,,,,,,,,,
2008,9,1068000,1.1933333333333331,1068000,xapuri,AC,22.988356752871933,,,,,,,,,,,,,,,,,,
2008,9,8050001,0.17666666666666667,8050001,macapa,AP,6.650182009927677,,,,,,,,,,,,,,,,,,
2008,9,8051010,0.13666666666666666,8051010,macapa,AP,6.650182009927677,,,,,,,,,,,,,,,,,,
2008,9,8051012,4.33,8051012,porto grande,AP,14.434299653636408,,,,,,,,,,,,,,,,,,
2008,9,8052000,4.406666666666666,8052000,serra do navio,AP,0.3161117298186461,,,,,,,,,,,,,,,,,,
2008,9,8150000,0.7033333333333333,8150000,tartarugalzinho,AP,13.716569481380349,,,,,,,,,,,,,,,,,,
2008,9,8150001,0.2,8150001,tartarugalzinho,AP,13.716569481380349,,,,,,,,,,,,,,,,,,
2008,9,8151000,3.0900000000000003,8151000,tartarugalzinho,AP,13.716569481380349,,,,,,,,,,,,,,,,,,
2008,9,8250002,0.8866666666666666,8250002,calcoene,AP,6.302664782652807,,,,,,,,,,,,,,,,,,
2008,9,8250003,1.4866666666666668,8250003,amapa,AP,1.8898445683821068,,,,,,,,,,,,,,,,,,
2008,9,8251001,0.08,8251001,calcoene,AP,6.302664782652807,,,,,,,,,,,,,,,,,,
2008,9,8351002,2.86,8351002,oiapoque,AP,11.659895533740722,AP,0.0851239669421487,1010.19173553719,1010.5479338842975,1009.9260330578512,1565.168181818182,29.205785123966944,22.60206611570248,30.12520661157025,28.040495867768595,23.380578512396696,21.76198347107438,75.23140495867769,65.14462809917356,69.66115702479338,133.56611570247935,3.977685950413224,1.356198347107438
2008,10,51002,1.8225806451612903,51002,mazagao,AP,15.64770038330512,,,,,,,,,,,,,,,,,,
2008,10,51004,1.9483870967741934,51004,mazagao,AP,15.64770038330512,,,,,,,,,,,,,,,,,,
2008,10,52003,0.5419354838709678,52003,mazagao,AP,15.64770038330512,,,,,,,,,,,,,,,,,,
2008,10,771001,7.606451612903225,771001,tarauaca,AC,36.854550151564624,,,,,,,,,,,,,,,,,,
2008,10,872000,4.403225806451613,872000,marechal thaumaturgo,AC,11.83866432430098,,,,,,,,,,,,,,,,,,
2008,10,968004,4.0290322580645155,968004,bujari,AC,15.772079950013074,,,,,,,,,,,,,,,,,,
2008,10,968005,4.761290322580645,968005,sena madureira,AC,34.81033641265547,,,,,,,,,,,,,,,,,,
2008,10,972000,4.716129032258065,972000,marechal thaumaturgo,AC,11.83866432430098,,,,,,,,,,,,,,,,,,
2008,10,1067002,3.3935483870967738,1067002,placido de castro,AC,3.260656657648218,,,,,,,,,,,,,,,,,,
2008,10,1067003,1.4161290322580644,1067003,capixaba,AC,8.829852107369534,,,,,,,,,,,,,,,,,,
2008,10,1068000,4.280645161290322,1068000,xapuri,AC,22.988356752871933,,,,,,,,,,,,,,,,,,
2008,10,8050001,0.10967741935483871,8050001,macapa,AP,6.650182009927677,,,,,,,,,,,,,,,,,,
2008,10,8051010,0.6290322580645161,8051010,macapa,AP,6.650182009927677,,,,,,,,,,,,,,,,,,
2008,10,8051012,3.032258064516129,8051012,porto grande,AP,14.434299653636408,,,,,,,,,,,,,,,,,,
2008,10,8052000,2.9935483870967743,8052000,serra do navio,AP,0.3161117298186461,,,,,,,,,,,,,,,,,,
2008,10,8150000,0.36774193548387096,8150000,tartarugalzinho,AP,13.716569481380349,,,,,,,,,,,,,,,,,,
2008,10,8150001,0.36129032258064514,8150001,tartarugalzinho,AP,13.716569481380349,,,,,,,,,,,,,,,,,,
2008,10,8151000,3.6161290322580646,8151000,tartarugalzinho,AP,13.716569481380349,,,,,,,,,,,,,,,,,,
2008,10,8250002,1.1258064516129032,8250002,calcoene,AP,6.302664782652807,,,,,,,,,,,,,,,,,,
2008,10,8250003,0.3870967741935484,8250003,amapa,AP,1.8898445683821068,,,,,,,,,,,,,,,,,,
2008,10,8251001,0.3967741935483871,8251001,calcoene,AP,6.302664782652807,,,,,,,,,,,,,,,,,,
2008,10,8251004,0.12903225806451613,8251004,oiapoque,AP,11.659895533740722,AP,0.0135338345864661,1009.3719298245614,1009.721553884712,1009.0954887218044,1628.1809523809522,30.16265664160401,21.63182957393484,31.07117794486216,28.86516290726817,22.43258145363409,20.83333333333333,68.43859649122807,58.97744360902256,62.70175438596491,121.07769423558898,4.740100250626567,1.6192982456140352
2008,10,8351002,0.3806451612903226,8351002,oiapoque,AP,11.659895533740722,AP,0.0135338345864661,1009.3719298245614,1009.721553884712,1009.0954887218044,1628.1809523809522,30.16265664160401,21.63182957393484,31.07117794486216,28.86516290726817,22.43258145363409,20.83333333333333,68.43859649122807,58.97744360902256,62.70175438596491,121.07769423558898,4.740100250626567,1.6192982456140352
2008,11,51002,0.29,51002,mazagao,AP,15.64770038330512,,,,,,,,,,,,,,,,,,
2008,11,51004,1.1,51004,mazagao,AP,15.64770038330512,,,,,,,,,,,,,,,,,,
2008,11,52003,0.0,52003,mazagao,AP,15.64770038330512,,,,,,,,,,,,,,,,,,
2008,11,771001,3.7333333333333334,771001,tarauaca,AC,36.854550151564624,,,,,,,,,,,,,,,,,,
2008,11,872000,4.533333333333333,872000,marechal thaumaturgo,AC,11.83866432430098,,,,,,,,,,,,,,,,,,
2008,11,968004,7.336666666666667,968004,bujari,AC,15.772079950013074,,,,,,,,,,,,,,,,,,
2008,11,968005,4.443333333333333,968005,sena madureira,AC,34.81033641265547,,,,,,,,,,,,,,,,,,
2008,11,972000,10.673333333333334,972000,marechal thaumaturgo,AC,11.83866432430098,,,,,,,,,,,,,,,,,,
2008,11,1067002,4.27,1067002,placido de castro,AC,3.260656657648218,,,,,,,,,,,,,,,,,,
2008,11,1067003,3.11,1067003,capixaba,AC,8.829852107369534,,,,,,,,,,,,,,,,,,
2008,11,1068000,5.966666666666667,1068000,xapuri,AC,22.988356752871933,,,,,,,,,,,,,,,,,,
2008,11,8050001,0.0,8050001,macapa,AP,6.650182009927677,,,,,,,,,,,,,,,,,,
2008,11,8051010,0.0,8051010,macapa,AP,6.650182009927677,,,,,,,,,,,,,,,,,,
2008,11,8051012,0.8066666666666666,8051012,porto grande,AP,14.434299653636408,,,,,,,,,,,,,,,,,,
2008,11,8052000,1.9166666666666667,8052000,serra do navio,AP,0.3161117298186461,,,,,,,,,,,,,,,,,,
2008,11,8150000,0.7866666666666667,8150000,tartarugalzinho,AP,13.716569481380349,,,,,,,,,,,,,,,,,,
2008,11,8151000,2.9166666666666665,8151000,tartarugalzinho,AP,13.716569481380349,,,,,,,,,,,,,,,,,,
2008,11,8250002,0.8766666666666667,8250002,calcoene,AP,6.302664782652807,,,,,,,,,,,,,,,,,,
2008,11,8250003,0.20666666666666667,8250003,amapa,AP,1.8898445683821068,,,,,,,,,,,,,,,,,,
2008,11,8251001,0.0,8251001,calcoene,AP,6.302664782652807,,,,,,,,,,,,,,,,,,
2008,11,8251004,0.07,8251004,oiapoque,AP,11.659895533740722,AP,0.053050397877984,1008.2546419098144,1008.6116710875332,1007.9838196286472,1525.0400530503978,29.90795755968169,21.79946949602122,30.908222811671088,28.521220159151195,22.588594164456232,20.907692307692308,70.17506631299734,59.80106100795756,64.06896551724138,110.24403183023873,4.773209549071618,1.629973474801061
2008,11,8351002,0.2733333333333333,8351002,oiapoque,AP,11.659895533740722,AP,0.053050397877984,1008.2546419098144,1008.6116710875332,1007.9838196286472,1525.0400530503978,29.90795755968169,21.79946949602122,30.908222811671088,28.521220159151195,22.588594164456232,20.907692307692308,70.17506631299734,59.80106100795756,64.06896551724138,110.24403183023873,4.773209549071618,1.629973474801061
2008,12,51002,5.906774193548387,51002,mazagao,AP,15.64770038330512,,,,,,,,,,,,,,,,,,
2008,12,51004,7.003225806451613,51004,mazagao,AP,15.64770038330512,,,,,,,,,,,,,,,,,,
2008,12,52003,4.15483870967742,52003,mazagao,AP,15.64770038330512,,,,,,,,,,,,,,,,,,
2008,12,771001,6.912903225806452,771001,tarauaca,AC,36.854550151564624,,,,,,,,,,,,,,,,,,
2008,12,872000,4.751612903225807,872000,marechal thaumaturgo,AC,11.83866432430098,,,,,,,,,,,,,,,,,,
2008,12,968004,7.396774193548388,968004,bujari,AC,15.772079950013074,,,,,,,,,,,,,,,,,,
2008,12,968005,11.85483870967742,968005,sena madureira,AC,34.81033641265547,,,,,,,,,,,,,,,,,,
2008,12,972000,10.258064516129032,972000,marechal thaumaturgo,AC,11.83866432430098,,,,,,,,,,,,,,,,,,
2008,12,1067002,7.6,1067002,placido de castro,AC,3.260656657648218,,,,,,,,,,,,,,,,,,
2008,12,1067003,4.45483870967742,1067003,capixaba,AC,8.829852107369534,,,,,,,,,,,,,,,,,,
2008,12,1068000,6.419354838709677,1068000,xapuri,AC,22.988356752871933,,,,,,,,,,,,,,,,,,
2008,12,8050000,1.935483870967742,8050000,macapa,AP,6.650182009927677,,,,,,,,,,,,,,,,,,
2008,12,8050001,2.754838709677419,8050001,macapa,AP,6.650182009927677,,,,,,,,,,,,,,,,,,
2008,12,8051010,7.103225806451613,8051010,macapa,AP,6.650182009927677,,,,,,,,,,,,,,,,,,
2008,12,8051012,10.006451612903225,8051012,porto grande,AP,14.434299653636408,,,,,,,,,,,,,,,,,,
2008,12,8052000,5.516129032258065,8052000,serra do navio,AP,0.3161117298186461,,,,,,,,,,,,,,,,,,
2008,12,8150000,5.964516129032258,8150000,tartarugalzinho,AP,13.716569481380349,,,,,,,,,,,,,,,,,,
2008,12,8150001,6.570967741935483,8150001,tartarugalzinho,AP,13.716569481380349,,,,,,,,,,,,,,,,,,
2008,12,8151000,18.748387096774195,8151000,tartarugalzinho,AP,13.716569481380349,,,,,,,,,,,,,,,,,,
2008,12,8250002,8.209677419354838,8250002,calcoene,AP,6.302664782652807,,,,,,,,,,,,,,,,,,
2008,12,8250003,11.661290322580646,8250003,amapa,AP,1.8898445683821068,,,,,,,,,,,,,,,,,,
2008,12,8251001,2.8096774193548386,8251001,calcoene,AP,6.302664782652807,,,,,,,,,,,,,,,,,,
2008,12,8251004,7.461290322580646,8251004,oiapoque,AP,11.659895533740722,AP,0.618639798488665,1008.3818639798488,1008.7173803526448,1008.0816120906802,1092.554911838791,27.00125944584383,23.323929471032745,27.82115869017632,26.121158690176323,23.98438287153652,22.649874055415616,85.99748110831234,77.20403022670025,81.60705289672543,135.53652392947103,4.015869017632242,1.258690176322418
2008,12,8351002,8.616129032258064,8351002,oiapoque,AP,11.659895533740722,AP,0.618639798488665,1008.3818639798488,1008.7173803526448,1008.0816120906802,1092.554911838791,27.00125944584383,23.323929471032745,27.82115869017632,26.121158690176323,23.98438287153652,22.649874055415616,85.99748110831234,77.20403022670025,81.60705289672543,135.53652392947103,4.015869017632242,1.258690176322418
2009,1,51002,7.129032258064516,51002,mazagao,AP,5.900931282639845,,,,,,,,,,,,,,,,,,
2009,1,51004,6.558064516129033,51004,mazagao,AP,5.900931282639845,,,,,,,,,,,,,,,,,,
2009,1,52003,9.196774193548388,52003,mazagao,AP,5.900931282639845,,,,,,,,,,,,,,,,,,
2009,1,771001,10.003225806451614,771001,tarauaca,AC,15.426604021732398,,,,,,,,,,,,,,,,,,
2009,1,872000,4.800000000000001,872000,marechal thaumaturgo,AC,0.0607475433394217,,,,,,,,,,,,,,,,,,
2009,1,968004,13.106451612903227,968004,bujari,AC,7.62123702008438,,,,,,,,,,,,,,,,,,
2009,1,968005,9.238709677419354,968005,sena madureira,AC,20.610616654550263,,,,,,,,,,,,,,,,,,
2009,1,972000,9.906451612903227,972000,marechal thaumaturgo,AC,0.0607475433394217,,,,,,,,,,,,,,,,,,
2009,1,1067002,7.396774193548388,1067002,placido de castro,AC,10.46096999959934,,,,,,,,,,,,,,,,,,
2009,1,1067003,5.232258064516128,1067003,capixaba,AC,3.787125956609667,,,,,,,,,,,,,,,,,,
2009,1,1068000,3.8774193548387097,1068000,xapuri,AC,6.999387019668504,,,,,,,,,,,,,,,,,,
2009,1,8050000,3.5161290322580645,8050000,macapa,AP,0.7495174060483651,,,,,,,,,,,,,,,,,,
2009,1,8050001,8.819354838709677,8050001,macapa,AP,0.7495174060483651,,,,,,,,,,,,,,,,,,
2009,1,8051010,9.535483870967743,8051010,macapa,AP,0.7495174060483651,,,,,,,,,,,,,,,,,,
2009,1,8051012,6.693548387096774,8051012,porto grande,AP,4.632188072793709,,,,,,,,,,,,,,,,,,
2009,1,8052000,6.661290322580645,8052000,serra do navio,AP,0.4979833854608742,,,,,,,,,,,,,,,,,,
2009,1,8150000,11.351612903225806,8150000,tartarugalzinho,AP,6.056200521940608,,,,,,,,,,,,,,,,,,
2009,1,8150001,8.26774193548387,8150001,tartarugalzinho,AP,6.056200521940608,,,,,,,,,,,,,,,,,,
2009,1,8151000,48.39354838709678,8151000,tartarugalzinho,AP,6.056200521940608,,,,,,,,,,,,,,,,,,
2009,1,8250002,31.103225806451615,8250002,calcoene,AP,8.070104344009142,,,,,,,,,,,,,,,,,,
2009,1,8250003,23.148387096774194,8250003,amapa,AP,1.884966326351725,,,,,,,,,,,,,,,,,,
2009,1,8251001,18.183870967741935,8251001,calcoene,AP,8.070104344009142,,,,,,,,,,,,,,,,,,
2009,1,8251004,20.945161290322584,8251004,oiapoque,AP,4.142500938991269,AP,1.118204488778055,1010.128927680798,1010.4478802992518,1009.8197007481295,841.3740648379053,25.53216957605985,23.28004987531172,26.14613466334165,24.840399002493765,23.826184538653365,22.76034912718204,91.07730673316708,84.94014962593516,87.94513715710723,111.61097256857856,4.255361596009975,1.310224438902743
2009,1,8351002,23.20967741935484,8351002,oiapoque,AP,4.142500938991269,AP,1.118204488778055,1010.128927680798,1010.4478802992518,1009.8197007481295,841.3740648379053,25.53216957605985,23.28004987531172,26.14613466334165,24.840399002493765,23.826184538653365,22.76034912718204,91.07730673316708,84.94014962593516,87.94513715710723,111.61097256857856,4.255361596009975,1.310224438902743
2009,2,51002,16.877777777777776,51002,mazagao,AP,5.900931282639845,,,,,,,,,,,,,,,,,,
2009,2,51004,7.189285714285714,51004,mazagao,AP,5.900931282639845,,,,,,,,,,,,,,,,,,
2009,2,52003,20.835714285714285,52003,mazagao,AP,5.900931282639845,,,,,,,,,,,,,,,,,,
2009,2,771001,7.139285714285714,771001,tarauaca,AC,15.426604021732398,,,,,,,,,,,,,,,,,,
2009,2,872000,2.8249999999999997,872000,marechal thaumaturgo,AC,0.0607475433394217,,,,,,,,,,,,,,,,,,
2009,2,968004,12.817857142857141,968004,bujari,AC,7.62123702008438,,,,,,,,,,,,,,,,,,
2009,2,968005,10.739285714285714,968005,sena madureira,AC,20.610616654550263,,,,,,,,,,,,,,,,,,
2009,2,972000,11.110714285714284,972000,marechal thaumaturgo,AC,0.0607475433394217,,,,,,,,,,,,,,,,,,
2009,2,1067002,8.77142857142857,1067002,placido de castro,AC,10.46096999959934,,,,,,,,,,,,,,,,,,
2009,2,1067003,0.6464285714285715,1067003,capixaba,AC,3.787125956609667,,,,,,,,,,,,,,,,,,
2009,2,1068000,8.27142857142857,1068000,xapuri,AC,6.999387019668504,,,,,,,,,,,,,,,,,,
2009,2,8050000,8.760714285714286,8050000,macapa,AP,0.7495174060483651,,,,,,,,,,,,,,,,,,
2009,2,8050001,5.871428571428572,8050001,macapa,AP,0.7495174060483651,,,,,,,,,,,,,,,,,,
2009,2,8051010,12.275,8051010,macapa,AP,0.7495174060483651,,,,,,,,,,,,,,,,,,
2009,2,8051012,15.182142857142859,8051012,porto grande,AP,4.632188072793709,,,,,,,,,,,,,,,,,,
2009,2,8052000,15.225,8052000,serra do navio,AP,0.4979833854608742,,,,,,,,,,,,,,,,,,
2009,2,8150000,17.0,8150000,tartarugalzinho,AP,6.056200521940608,,,,,,,,,,,,,,,,,,
2009,2,8150001,15.157142857142857,8150001,tartarugalzinho,AP,6.056200521940608,,,,,,,,,,,,,,,,,,
2009,2,8151000,50.082142857142856,8151000,tartarugalzinho,AP,6.056200521940608,,,,,,,,,,,,,,,,,,
2009,2,8250002,34.0,8250002,calcoene,AP,8.070104344009142,,,,,,,,,,,,,,,,,,
2009,2,8250003,32.875,8250003,amapa,AP,1.884966326351725,,,,,,,,,,,,,,,,,,
2009,2,8251001,19.146428571428572,8251001,calcoene,AP,8.070104344009142,,,,,,,,,,,,,,,,,,
2009,2,8251004,21.428571428571427,8251004,oiapoque,AP,4.142500938991269,AP,1.1274725274725277,1009.481043956044,1009.8027472527472,1009.196153846154,915.8697802197802,25.79230769230769,23.28241758241758,26.50686813186813,25.00714285714286,23.880494505494507,22.665934065934064,90.02472527472527,83.26098901098901,86.69505494505495,94.0467032967033,4.846428571428572,1.5395604395604394
2009,2,8351002,22.332142857142856,8351002,oiapoque,AP,4.142500938991269,AP,1.1274725274725277,1009.481043956044,1009.8027472527472,1009.196153846154,915.8697802197802,25.79230769230769,23.28241758241758,26.50686813186813,25.00714285714286,23.880494505494507,22.665934065934064,90.02472527472527,83.26098901098901,86.69505494505495,94.0467032967033,4.846428571428572,1.5395604395604394
2009,3,51002,6.033333333333333,51002,mazagao,AP,5.900931282639845,,,,,,,,,,,,,,,,,,
2009,3,51004,5.080645161290323,51004,mazagao,AP,5.900931282639845,,,,,,,,,,,,,,,,,,
2009,3,52003,14.290322580645162,52003,mazagao,AP,5.900931282639845,,,,,,,,,,,,,,,,,,
2009,3,771001,12.267741935483869,771001,tarauaca,AC,15.426604021732398,,,,,,,,,,,,,,,,,,
2009,3,872000,4.770967741935484,872000,marechal thaumaturgo,AC,0.0607475433394217,,,,,,,,,,,,,,,,,,
2009,3,968004,9.48709677419355,968004,bujari,AC,7.62123702008438,,,,,,,,,,,,,,,,,,
2009,3,968005,5.287096774193548,968005,sena madureira,AC,20.610616654550263,,,,,,,,,,,,,,,,,,
2009,3,972000,9.754838709677419,972000,marechal thaumaturgo,AC,0.0607475433394217,,,,,,,,,,,,,,,,,,
2009,3,1067002,8.851612903225806,1067002,placido de castro,AC,10.46096999959934,,,,,,,,,,,,,,,,,,
2009,3,1067003,2.864516129032258,1067003,capixaba,AC,3.787125956609667,,,,,,,,,,,,,,,,,,
2009,3,1068000,12.251612903225807,1068000,xapuri,AC,6.999387019668504,,,,,,,,,,,,,,,,,,
2009,3,8050000,7.109677419354839,8050000,macapa,AP,0.7495174060483651,,,,,,,,,,,,,,,,,,
2009,3,8050001,5.216129032258064,8050001,macapa,AP,0.7495174060483651,,,,,,,,,,,,,,,,,,
2009,3,8051010,9.725806451612904,8051010,macapa,AP,0.7495174060483651,,,,,,,,,,,,,,,,,,
2009,3,8051012,11.212903225806452,8051012,porto grande,AP,4.632188072793709,,,,,,,,,,,,,,,,,,
2009,3,8052000,9.183870967741935,8052000,serra do navio,AP,0.4979833854608742,,,,,,,,,,,,,,,,,,
2009,3,8150000,11.55483870967742,8150000,tartarugalzinho,AP,6.056200521940608,,,,,,,,,,,,,,,,,,
2009,3,8150001,9.277419354838708,8150001,tartarugalzinho,AP,6.056200521940608,,,,,,,,,,,,,,,,,,
2009,3,8151000,31.664516129032258,8151000,tartarugalzinho,AP,6.056200521940608,,,,,,,,,,,,,,,,,,
2009,3,8250002,13.461290322580645,8250002,calcoene,AP,8.070104344009142,,,,,,,,,,,,,,,,,,
2009,3,8250003,17.40967741935484,8250003,amapa,AP,1.884966326351725,,,,,,,,,,,,,,,,,,
2009,3,8251001,13.27741935483871,8251001,calcoene,AP,8.070104344009142,,,,,,,,,,,,,,,,,,
2009,3,8251004,16.087096774193547,8251004,oiapoque,AP,4.142500938991269,AP,0.3925558312655086,1009.2875930521092,1009.6449131513648,1008.9992555831266,1138.230024813896,26.882630272952856,23.267990074441688,27.677171215880893,25.97096774193548,23.94516129032258,22.57816377171216,85.91315136476427,77.6848635235732,81.66749379652606,104.6848635235732,4.68014888337469,1.5642679900744416
2009,3,8351002,7.8999999999999995,8351002,oiapoque,AP,4.142500938991269,AP,0.3925558312655086,1009.2875930521092,1009.6449131513648,1008.9992555831266,1138.230024813896,26.882630272952856,23.267990074441688,27.677171215880893,25.97096774193548,23.94516129032258,22.57816377171216,85.91315136476427,77.6848635235732,81.66749379652606,104.6848635235732,4.68014888337469,1.5642679900744416
2009,4,51002,9.503333333333334,51002,mazagao,AP,5.900931282639845,,,,,,,,,,,,,,,,,,
2009,4,51004,5.91,51004,mazagao,AP,5.900931282639845,,,,,,,,,,,,,,,,,,
2009,4,52003,10.2,52003,mazagao,AP,5.900931282639845,,,,,,,,,,,,,,,,,,
2009,4,771001,9.54,771001,tarauaca,AC,15.426604021732398,,,,,,,,,,,,,,,,,,
2009,4,872000,8.456666666666667,872000,marechal thaumaturgo,AC,0.0607475433394217,,,,,,,,,,,,,,,,,,
2009,4,968004,10.946666666666665,968004,bujari,AC,7.62123702008438,,,,,,,,,,,,,,,,,,
2009,4,968005,6.166666666666667,968005,sena madureira,AC,20.610616654550263,,,,,,,,,,,,,,,,,,
2009,4,972000,6.793333333333334,972000,marechal thaumaturgo,AC,0.0607475433394217,,,,,,,,,,,,,,,,,,
2009,4,1067002,14.503333333333334,1067002,placido de castro,AC,10.46096999959934,,,,,,,,,,,,,,,,,,
2009,4,1067003,0.9633333333333333,1067003,capixaba,AC,3.787125956609667,,,,,,,,,,,,,,,,,,
2009,4,1068000,13.753333333333334,1068000,xapuri,AC,6.999387019668504,,,,,,,,,,,,,,,,,,
2009,4,8050000,5.353333333333334,8050000,macapa,AP,0.7495174060483651,,,,,,,,,,,,,,,,,,
2009,4,8050001,6.203333333333333,8050001,macapa,AP,0.7495174060483651,,,,,,,,,,,,,,,,,,
2009,4,8051010,7.443333333333333,8051010,macapa,AP,0.7495174060483651,,,,,,,,,,,,,,,,,,
2009,4,8051012,10.03,8051012,porto grande,AP,4.632188072793709,,,,,,,,,,,,,,,,,,
2009,4,8052000,7.923333333333333,8052000,serra do navio,AP,0.4979833854608742,,,,,,,,,,,,,,,,,,
2009,4,8150000,9.153333333333334,8150000,tartarugalzinho,AP,6.056200521940608,,,,,,,,,,,,,,,,,,
2009,4,8150001,6.906896551724138,8150001,tartarugalzinho,AP,6.056200521940608,,,,,,,,,,,,,,,,,,
2009,4,8151000,19.720000000000002,8151000,tartarugalzinho,AP,6.056200521940608,,,,,,,,,,,,,,,,,,
2009,4,8250002,6.726666666666666,8250002,calcoene,AP,8.070104344009142,,,,,,,,,,,,,,,,,,
2009,4,8250003,5.846666666666667,8250003,amapa,AP,1.884966326351725,,,,,,,,,,,,,,,,,,
2009,4,8251001,4.7266666666666675,8251001,calcoene,AP,8.070104344009142,,,,,,,,,,,,,,,,,,
2009,4,8251004,6.9766666666666675,8251004,oiapoque,AP,4.142500938991269,AP,0.2637532133676092,1010.5311053984576,1010.8488431876608,1010.2616966580975,1285.3928020565552,27.46323907455013,23.0362467866324,28.328534704370178,26.495115681233933,23.791259640102822,22.330591259640105,82.73778920308483,73.74807197943444,77.98714652956298,94.27506426735218,4.934190231362468,1.712853470437018
2009,4,8351002,4.413333333333333,8351002,oiapoque,AP,4.142500938991269,AP,0.2637532133676092,1010.5311053984576,1010.8488431876608,1010.2616966580975,1285.3928020565552,27.46323907455013,23.0362467866324,28.328534704370178,26.495115681233933,23.791259640102822,22.330591259640105,82.73778920308483,73.74807197943444,77.98714652956298,94.27506426735218,4.934190231362468,1.712853470437018
2009,5,51002,10.825806451612904,51002,mazagao,AP,5.900931282639845,,,,,,,,,,,,,,,,,,
2009,5,51004,16.96,51004,mazagao,AP,5.900931282639845,,,,,,,,,,,,,,,,,,
2009,5,52003,14.874193548387098,52003,mazagao,AP,5.900931282639845,,,,,,,,,,,,,,,,,,
2009,5,771001,6.393548387096774,771001,tarauaca,AC,15.426604021732398,,,,,,,,,,,,,,,,,,
2009,5,872000,10.806451612903226,872000,marechal thaumaturgo,AC,0.0607475433394217,,,,,,,,,,,,,,,,,,
2009,5,968004,3.954838709677419,968004,bujari,AC,7.62123702008438,,,,,,,,,,,,,,,,,,
2009,5,968005,9.490322580645161,968005,sena madureira,AC,20.610616654550263,,,,,,,,,,,,,,,,,,
2009,5,972000,7.077419354838709,972000,marechal thaumaturgo,AC,0.0607475433394217,,,,,,,,,,,,,,,,,,
2009,5,1067002,4.932258064516129,1067002,placido de castro,AC,10.46096999959934,,,,,,,,,,,,,,,,,,
2009,5,1067003,0.21935483870967742,1067003,capixaba,AC,3.787125956609667,,,,,,,,,,,,,,,,,,
2009,5,1068000,4.174193548387097,1068000,xapuri,AC,6.999387019668504,,,,,,,,,,,,,,,,,,
2009,5,8050000,7.593548387096774,8050000,macapa,AP,0.7495174060483651,,,,,,,,,,,,,,,,,,
2009,5,8050001,5.383870967741935,8050001,macapa,AP,0.7495174060483651,,,,,,,,,,,,,,,,,,
2009,5,8051010,14.64516129032258,8051010,macapa,AP,0.7495174060483651,,,,,,,,,,,,,,,,,,
2009,5,8051012,12.451612903225806,8051012,porto grande,AP,4.632188072793709,,,,,,,,,,,,,,,,,,
2009,5,8052000,12.470967741935485,8052000,serra do navio,AP,0.4979833854608742,,,,,,,,,,,,,,,,,,
2009,5,8150000,12.306451612903226,8150000,tartarugalzinho,AP,6.056200521940608,,,,,,,,,,,,,,,,,,
2009,5,8150001,12.216129032258063,8150001,tartarugalzinho,AP,6.056200521940608,,,,,,,,,,,,,,,,,,
2009,5,8250002,10.187096774193549,8250002,calcoene,AP,8.070104344009142,,,,,,,,,,,,,,,,,,
2009,5,8250003,16.225806451612904,8250003,amapa,AP,1.884966326351725,,,,,,,,,,,,,,,,,,
2009,5,8251001,8.974193548387097,8251001,calcoene,AP,8.070104344009142,,,,,,,,,,,,,,,,,,
2009,5,8251004,9.932258064516128,8251004,oiapoque,AP,4.142500938991269,AP,0.2272952853598015,1010.7225806451612,1011.0327543424318,1010.4759305210918,1206.279652605459,27.498263027295284,22.94863523573201,28.37344913151365,26.513151364764266,23.70818858560794,22.28114143920596,82.24565756823822,73.3349875930521,77.3970223325062,72.39950372208436,5.088833746898263,1.847394540942928
2009,5,8351002,4.15483870967742,8351002,oiapoque,AP,4.142500938991269,AP,0.2272952853598015,1010.7225806451612,1011.0327543424318,1010.4759305210918,1206.279652605459,27.498263027295284,22.94863523573201,28.37344913151365,26.513151364764266,23.70818858560794,22.28114143920596,82.24565756823822,73.3349875930521,77.3970223325062,72.39950372208436,5.088833746898263,1.847394540942928
2009,6,51002,9.46,51002,mazagao,AP,5.900931282639845,,,,,,,,,,,,,,,,,,
2009,6,51004,7.526666666666667,51004,mazagao,AP,5.900931282639845,,,,,,,,,,,,,,,,,,
2009,6,52003,9.223333333333333,52003,mazagao,AP,5.900931282639845,,,,,,,,,,,,,,,,,,
2009,6,771001,1.5566666666666664,771001,tarauaca,AC,15.426604021732398,,,,,,,,,,,,,,,,,,
2009,6,872000,3.566666666666667,872000,marechal thaumaturgo,AC,0.0607475433394217,,,,,,,,,,,,,,,,,,
2009,6,968004,3.6766666666666667,968004,bujari,AC,7.62123702008438,,,,,,,,,,,,,,,,,,
2009,6,968005,3.5966666666666662,968005,sena madureira,AC,20.610616654550263,,,,,,,,,,,,,,,,,,
2009,6,972000,1.1766666666666665,972000,marechal thaumaturgo,AC,0.0607475433394217,,,,,,,,,,,,,,,,,,
2009,6,1067002,1.3,1067002,placido de castro,AC,10.46096999959934,,,,,,,,,,,,,,,,,,
2009,6,1067003,0.0,1067003,capixaba,AC,3.787125956609667,,,,,,,,,,,,,,,,,,
2009,6,1068000,2.12,1068000,xapuri,AC,6.999387019668504,,,,,,,,,,,,,,,,,,
2009,6,8050000,8.733333333333333,8050000,macapa,AP,0.7495174060483651,,,,,,,,,,,,,,,,,,
2009,6,8050001,6.376666666666667,8050001,macapa,AP,0.7495174060483651,,,,,,,,,,,,,,,,,,
2009,6,8051010,9.873333333333333,8051010,macapa,AP,0.7495174060483651,,,,,,,,,,,,,,,,,,
2009,6,8051012,6.41,8051012,porto grande,AP,4.632188072793709,,,,,,,,,,,,,,,,,,
2009,6,8052000,10.626666666666667,8052000,serra do navio,AP,0.4979833854608742,,,,,,,,,,,,,,,,,,
2009,6,8150000,9.966666666666667,8150000,tartarugalzinho,AP,6.056200521940608,,,,,,,,,,,,,,,,,,
2009,6,8150001,10.8,8150001,tartarugalzinho,AP,6.056200521940608,,,,,,,,,,,,,,,,,,
2009,6,8151000,24.293333333333333,8151000,tartarugalzinho,AP,6.056200521940608,,,,,,,,,,,,,,,,,,
2009,6,8250002,16.996666666666666,8250002,calcoene,AP,8.070104344009142,,,,,,,,,,,,,,,,,,
2009,6,8250003,17.64,8250003,amapa,AP,1.884966326351725,,,,,,,,,,,,,,,,,,
2009,6,8251001,13.036666666666667,8251001,calcoene,AP,8.070104344009142,,,,,,,,,,,,,,,,,,
2009,6,8251004,11.356666666666666,8251004,oiapoque,AP,4.142500938991269,AP,0.4664961636828644,1011.2265984654732,1011.531969309463,1010.9777493606138,1074.3281329923273,26.48542199488491,23.405626598465474,27.23529411764705,25.61381074168798,24.027109974424555,22.77800511508952,88.02557544757033,80.28132992327366,84.05626598465473,144.4066496163683,3.731713554987212,1.2473145780051151
2009,6,8351002,11.653333333333332,8351002,oiapoque,AP,4.142500938991269,AP,0.4664961636828644,1011.2265984654732,1011.531969309463,1010.9777493606138,1074.3281329923273,26.48542199488491,23.405626598465474,27.23529411764705,25.61381074168798,24.027109974424555,22.77800511508952,88.02557544757033,80.28132992327366,84.05626598465473,144.4066496163683,3.731713554987212,1.2473145780051151
2009,7,51002,5.9,51002,mazagao,AP,5.900931282639845,,,,,,,,,,,,,,,,,,
2009,7,51004,4.638709677419355,51004,mazagao,AP,5.900931282639845,,,,,,,,,,,,,,,,,,
2009,7,52003,3.8548387096774195,52003,mazagao,AP,5.900931282639845,,,,,,,,,,,,,,,,,,
2009,7,771001,2.003225806451613,771001,tarauaca,AC,15.426604021732398,,,,,,,,,,,,,,,,,,
2009,7,872000,1.032258064516129,872000,marechal thaumaturgo,AC,0.0607475433394217,,,,,,,,,,,,,,,,,,
2009,7,968004,0.29354838709677417,968004,bujari,AC,7.62123702008438,,,,,,,,,,,,,,,,,,
2009,7,968005,0.4774193548387097,968005,sena madureira,AC,20.610616654550263,,,,,,,,,,,,,,,,,,
2009,7,972000,2.7580645161290325,972000,marechal thaumaturgo,AC,0.0607475433394217,,,,,,,,,,,,,,,,,,
2009,7,1067003,0.0,1067003,capixaba,AC,3.787125956609667,,,,,,,,,,,,,,,,,,
2009,7,1068000,0.2,1068000,xapuri,AC,6.999387019668504,,,,,,,,,,,,,,,,,,
2009,7,8050000,3.0290322580645164,8050000,macapa,AP,0.7495174060483651,,,,,,,,,,,,,,,,,,
2009,7,8050001,4.27741935483871,8050001,macapa,AP,0.7495174060483651,,,,,,,,,,,,,,,,,,
2009,7,8051010,4.54516129032258,8051010,macapa,AP,0.7495174060483651,,,,,,,,,,,,,,,,,,
2009,7,8051012,11.577419354838709,8051012,porto grande,AP,4.632188072793709,,,,,,,,,,,,,,,,,,
2009,7,8052000,4.148387096774194,8052000,serra do navio,AP,0.4979833854608742,,,,,,,,,,,,,,,,,,
2009,7,8150000,3.648387096774193,8150000,tartarugalzinho,AP,6.056200521940608,,,,,,,,,,,,,,,,,,
2009,7,8150001,3.432258064516129,8150001,tartarugalzinho,AP,6.056200521940608,,,,,,,,,,,,,,,,,,
2009,7,8151000,20.674193548387095,8151000,tartarugalzinho,AP,6.056200521940608,,,,,,,,,,,,,,,,,,
2009,7,8250002,2.0677419354838706,8250002,calcoene,AP,8.070104344009142,,,,,,,,,,,,,,,,,,
2009,7,8250003,3.7774193548387096,8250003,amapa,AP,1.884966326351725,,,,,,,,,,,,,,,,,,
2009,7,8251001,4.687096774193548,8251001,calcoene,AP,8.070104344009142,,,,,,,,,,,,,,,,,,
2009,7,8251004,4.116129032258065,8251004,oiapoque,AP,4.142500938991269,AP,0.3330024813895781,1011.232506203474,1011.5253101736972,1010.9990074441688,1385.4367245657568,27.427543424317616,22.857320099255585,28.32928039702233,26.3545905707196,23.67468982630273,22.059057071960297,82.79900744416874,73.13399503722084,77.72456575682382,143.90570719602977,4.04789081885856,1.2228287841191068
2009,7,8351002,5.66774193548387,8351002,oiapoque,AP,4.142500938991269,AP,0.3330024813895781,1011.232506203474,1011.5253101736972,1010.9990074441688,1385.4367245657568,27.427543424317616,22.857320099255585,28.32928039702233,26.3545905707196,23.67468982630273,22.059057071960297,82.79900744416874,73.13399503722084,77.72456575682382,143.90570719602977,4.04789081885856,1.2228287841191068
2009,8,51004,2.1322580645161286,51004,mazagao,AP,5.900931282639845,,,,,,,,,,,,,,,,,,
2009,8,52003,3.416129032258065,52003,mazagao,AP,5.900931282639845,,,,,,,,,,,,,,,,,,
2009,8,771001,4.7290322580645165,771001,tarauaca,AC,15.426604021732398,,,,,,,,,,,,,,,,,,
2009,8,872000,0.8967741935483872,872000,marechal thaumaturgo,AC,0.0607475433394217,,,,,,,,,,,,,,,,,,
2009,8,968004,4.158064516129032,968004,bujari,AC,7.62123702008438,,,,,,,,,,,,,,,,,,
2009,8,968005,1.803225806451613,968005,sena madureira,AC,20.610616654550263,,,,,,,,,,,,,,,,,,
2009,8,972000,2.3741935483870966,972000,marechal thaumaturgo,AC,0.0607475433394217,,,,,,,,,,,,,,,,,,
2009,8,1067002,0.03225806451612903,1067002,placido de castro,AC,10.46096999959934,,,,,,,,,,,,,,,,,,
2009,8,1067003,0.0,1067003,capixaba,AC,3.787125956609667,,,,,,,,,,,,,,,,,,
2009,8,1068000,0.0,1068000,xapuri,AC,6.999387019668504,,,,,,,,,,,,,,,,,,
2009,8,8050000,0.0,8050000,macapa,AP,0.7495174060483651,,,,,,,,,,,,,,,,,,
2009,8,8050001,0.27741935483870966,8050001,macapa,AP,0.7495174060483651,,,,,,,,,,,,,,,,,,
2009,8,8051010,2.0290322580645164,8051010,macapa,AP,0.7495174060483651,,,,,,,,,,,,,,,,,,
2009,8,8051012,3.361290322580645,8051012,porto grande,AP,4.632188072793709,,,,,,,,,,,,,,,,,,
2009,8,8052000,4.12258064516129,8052000,serra do navio,AP,0.4979833854608742,,,,,,,,,,,,,,,,,,
2009,8,8150000,0.5032258064516129,8150000,tartarugalzinho,AP,6.056200521940608,,,,,,,,,,,,,,,,,,
2009,8,8150001,0.6032258064516128,8150001,tartarugalzinho,AP,6.056200521940608,,,,,,,,,,,,,,,,,,
2009,8,8151000,9.361290322580645,8151000,tartarugalzinho,AP,6.056200521940608,,,,,,,,,,,,,,,,,,
2009,8,8250002,2.5354838709677416,8250002,calcoene,AP,8.070104344009142,,,,,,,,,,,,,,,,,,
2009,8,8250003,3.2516129032258063,8250003,amapa,AP,1.884966326351725,,,,,,,,,,,,,,,,,,
2009,8,8251001,1.1096774193548389,8251001,calcoene,AP,8.070104344009142,,,,,,,,,,,,,,,,,,
2009,8,8251004,1.7451612903225804,8251004,oiapoque,AP,4.142500938991269,AP,0.1186104218362283,1010.5220843672456,1010.8374689826304,1010.2905707196028,1523.0414392059552,28.61836228287841,22.52084367245657,29.482630272952854,27.468734491315136,23.3287841191067,21.68684863523573,76.73945409429281,67.3498759305211,71.43920595533498,135.2803970223325,4.239454094292804,1.3456575682382133
2009,8,8351002,0.45483870967741935,8351002,oiapoque,AP,4.142500938991269,AP,0.1186104218362283,1010.5220843672456,1010.8374689826304,1010.2905707196028,1523.0414392059552,28.61836228287841,22.52084367245657,29.482630272952854,27.468734491315136,23.3287841191067,21.68684863523573,76.73945409429281,67.3498759305211,71.43920595533498,135.2803970223325,4.239454094292804,1.3456575682382133
2009,9,51002,0.0,51002,mazagao,AP,5.900931282639845,,,,,,,,,,,,,,,,,,
2009,9,51004,1.4066666666666667,51004,mazagao,AP,5.900931282639845,,,,,,,,,,,,,,,,,,
2009,9,52003,2.1333333333333333,52003,mazagao,AP,5.900931282639845,,,,,,,,,,,,,,,,,,
2009,9,771001,1.8033333333333335,771001,tarauaca,AC,15.426604021732398,,,,,,,,,,,,,,,,,,
2009,9,872000,2.2399999999999998,872000,marechal thaumaturgo,AC,0.0607475433394217,,,,,,,,,,,,,,,,,,
2009,9,968004,1.7699999999999998,968004,bujari,AC,7.62123702008438,,,,,,,,,,,,,,,,,,
2009,9,968005,1.47,968005,sena madureira,AC,20.610616654550263,,,,,,,,,,,,,,,,,,
2009,9,972000,4.4399999999999995,972000,marechal thaumaturgo,AC,0.0607475433394217,,,,,,,,,,,,,,,,,,
2009,9,1067002,2.533333333333333,1067002,placido de castro,AC,10.46096999959934,,,,,,,,,,,,,,,,,,
2009,9,1067003,0.03333333333333333,1067003,capixaba,AC,3.787125956609667,,,,,,,,,,,,,,,,,,
2009,9,1068000,0.6733333333333333,1068000,xapuri,AC,6.999387019668504,,,,,,,,,,,,,,,,,,
2009,9,8050000,0.0,8050000,macapa,AP,0.7495174060483651,,,,,,,,,,,,,,,,,,
2009,9,8050001,0.0,8050001,macapa,AP,0.7495174060483651,,,,,,,,,,,,,,,,,,
2009,9,8051010,0.0,8051010,macapa,AP,0.7495174060483651,,,,,,,,,,,,,,,,,,
2009,9,8051012,1.76,8051012,porto grande,AP,4.632188072793709,,,,,,,,,,,,,,,,,,
2009,9,8052000,2.61,8052000,serra do navio,AP,0.4979833854608742,,,,,,,,,,,,,,,,,,
2009,9,8150000,0.0,8150000,tartarugalzinho,AP,6.056200521940608,,,,,,,,,,,,,,,,,,
2009,9,8150001,0.0,8150001,tartarugalzinho,AP,6.056200521940608,,,,,,,,,,,,,,,,,,
2009,9,8151000,6.35,8151000,tartarugalzinho,AP,6.056200521940608,,,,,,,,,,,,,,,,,,
2009,9,8250002,0.0,8250002,calcoene,AP,8.070104344009142,,,,,,,,,,,,,,,,,,
2009,9,8250003,0.11333333333333333,8250003,amapa,AP,1.884966326351725,,,,,,,,,,,,,,,,,,
2009,9,8251001,0.0,8251001,calcoene,AP,8.070104344009142,,,,,,,,,,,,,,,,,,
2009,9,8251004,0.14,8251004,oiapoque,AP,4.142500938991269,AP,0.0225641025641025,1010.968717948718,1011.2928205128204,1010.7010256410256,1640.8079487179486,29.694358974358973,21.42589743589744,30.55717948717949,28.39051282051281,22.22871794871795,20.607692307692307,68.86410256410257,59.97435897435897,63.41025641025641,112.52820512820512,4.695128205128205,1.517948717948718
2009,9,8351002,0.36333333333333334,8351002,oiapoque,AP,4.142500938991269,AP,0.0225641025641025,1010.968717948718,1011.2928205128204,1010.7010256410256,1640.8079487179486,29.694358974358973,21.42589743589744,30.55717948717949,28.39051282051281,22.22871794871795,20.607692307692307,68.86410256410257,59.97435897435897,63.41025641025641,112.52820512820512,4.695128205128205,1.517948717948718
2009,10,51002,0.4290322580645161,51002,mazagao,AP,5.900931282639845,,,,,,,,,,,,,,,,,,
2009,10,51004,0.5612903225806452,51004,mazagao,AP,5.900931282639845,,,,,,,,,,,,,,,,,,
2009,10,52003,1.3806451612903226,52003,mazagao,AP,5.900931282639845,,,,,,,,,,,,,,,,,,
2009,10,771001,4.180645161290323,771001,tarauaca,AC,15.426604021732398,,,,,,,,,,,,,,,,,,
2009,10,872000,2.519354838709677,872000,marechal thaumaturgo,AC,0.0607475433394217,AC,0.0285714285714285,980.4061224489795,980.9163265306124,980.0938775510205,1525.438775510204,28.93673469387756,22.163265306122447,29.920408163265307,27.855102040816327,22.99795918367348,21.49591836734694,73.77551020408163,65.26530612244898,68.95918367346938,184.0408163265306,4.622448979591836,1.893877551020408
2009,10,968004,2.3,968004,bujari,AC,7.62123702008438,,,,,,,,,,,,,,,,,,
2009,10,968005,0.4419354838709677,968005,sena madureira,AC,20.610616654550263,,,,,,,,,,,,,,,,,,
2009,10,972000,4.296774193548386,972000,marechal thaumaturgo,AC,0.0607475433394217,AC,0.0285714285714285,980.4061224489795,980.9163265306124,980.0938775510205,1525.438775510204,28.93673469387756,22.163265306122447,29.920408163265307,27.855102040816327,22.99795918367348,21.49591836734694,73.77551020408163,65.26530612244898,68.95918367346938,184.0408163265306,4.622448979591836,1.893877551020408
2009,10,1067002,5.348387096774194,1067002,placido de castro,AC,10.46096999959934,,,,,,,,,,,,,,,,,,
2009,10,1067003,0.16129032258064516,1067003,capixaba,AC,3.787125956609667,,,,,,,,,,,,,,,,,,
2009,10,1068000,2.935483870967742,1068000,xapuri,AC,6.999387019668504,,,,,,,,,,,,,,,,,,
2009,10,8050000,0.0,8050000,macapa,AP,0.7495174060483651,,,,,,,,,,,,,,,,,,
2009,10,8050001,0.18064516129032257,8050001,macapa,AP,0.7495174060483651,,,,,,,,,,,,,,,,,,
2009,10,8051010,0.8441935483870968,8051010,macapa,AP,0.7495174060483651,,,,,,,,,,,,,,,,,,
2009,10,8051012,1.4935483870967743,8051012,porto grande,AP,4.632188072793709,,,,,,,,,,,,,,,,,,
2009,10,8052000,3.435483870967742,8052000,serra do navio,AP,0.4979833854608742,,,,,,,,,,,,,,,,,,
2009,10,8150000,3.490322580645161,8150000,tartarugalzinho,AP,6.056200521940608,,,,,,,,,,,,,,,,,,
2009,10,8150001,0.9064516129032257,8150001,tartarugalzinho,AP,6.056200521940608,,,,,,,,,,,,,,,,,,
2009,10,8151000,3.2483870967741937,8151000,tartarugalzinho,AP,6.056200521940608,,,,,,,,,,,,,,,,,,
2009,10,8250002,0.267741935483871,8250002,calcoene,AP,8.070104344009142,,,,,,,,,,,,,,,,,,
2009,10,8250003,0.6419354838709677,8250003,amapa,AP,1.884966326351725,,,,,,,,,,,,,,,,,,
2009,10,8251001,0.0,8251001,calcoene,AP,8.070104344009142,,,,,,,,,,,,,,,,,,
2009,10,8251004,0.29354838709677417,8251004,oiapoque,AP,4.142500938991269,AP,0.0517948717948717,1008.9953846153846,1009.335641025641,1008.7210256410256,1521.9856410256411,29.42205128205128,21.79897435897436,30.40589743589744,28.12794871794872,22.62794871794872,20.95051282051282,71.73333333333333,62.00769230769231,66.06153846153846,111.18205128205128,4.820256410256411,1.6276923076923075
2009,10,8351002,1.2806451612903227,8351002,oiapoque,AP,4.142500938991269,AP,0.0517948717948717,1008.9953846153846,1009.335641025641,1008.7210256410256,1521.9856410256411,29.42205128205128,21.79897435897436,30.40589743589744,28.12794871794872,22.62794871794872,20.95051282051282,71.73333333333333,62.00769230769231,66.06153846153846,111.18205128205128,4.820256410256411,1.6276923076923075
2009,11,51002,0.0,51002,mazagao,AP,5.900931282639845,,,,,,,,,,,,,,,,,,
2009,11,51004,0.9566666666666667,51004,mazagao,AP,5.900931282639845,,,,,,,,,,,,,,,,,,
2009,11,52003,0.0,52003,mazagao,AP,5.900931282639845,,,,,,,,,,,,,,,,,,
2009,11,771001,9.120000000000001,771001,tarauaca,AC,15.426604021732398,,,,,,,,,,,,,,,,,,
2009,11,872000,2.9733333333333336,872000,marechal thaumaturgo,AC,0.0607475433394217,AC,0.3483375959079283,980.8808184143224,981.3864450127876,980.5649616368288,1370.6404092071612,27.666496163682865,22.51841432225064,28.44117647058824,26.76086956521739,23.270332480818418,21.841687979539643,79.8388746803069,71.67263427109974,75.34526854219949,157.8925831202046,5.119948849104859,2.0664961636828645
2009,11,968004,9.716666666666667,968004,bujari,AC,7.62123702008438,,,,,,,,,,,,,,,,,,
2009,11,968005,5.916666666666667,968005,sena madureira,AC,20.610616654550263,,,,,,,,,,,,,,,,,,
2009,11,972000,5.543333333333334,972000,marechal thaumaturgo,AC,0.0607475433394217,AC,0.3483375959079283,980.8808184143224,981.3864450127876,980.5649616368288,1370.6404092071612,27.666496163682865,22.51841432225064,28.44117647058824,26.76086956521739,23.270332480818418,21.841687979539643,79.8388746803069,71.67263427109974,75.34526854219949,157.8925831202046,5.119948849104859,2.0664961636828645
2009,11,1067002,5.746666666666667,1067002,placido de castro,AC,10.46096999959934,,,,,,,,,,,,,,,,,,
2009,11,1067003,0.08,1067003,capixaba,AC,3.787125956609667,,,,,,,,,,,,,,,,,,
2009,11,1068000,3.2199999999999998,1068000,xapuri,AC,6.999387019668504,,,,,,,,,,,,,,,,,,
2009,11,8050000,1.8266666666666669,8050000,macapa,AP,0.7495174060483651,,,,,,,,,,,,,,,,,,
2009,11,8050001,0.0,8050001,macapa,AP,0.7495174060483651,,,,,,,,,,,,,,,,,,
2009,11,8051010,0.0,8051010,macapa,AP,0.7495174060483651,,,,,,,,,,,,,,,,,,
2009,11,8051012,0.38,8051012,porto grande,AP,4.632188072793709,,,,,,,,,,,,,,,,,,
2009,11,8052000,0.33,8052000,serra do navio,AP,0.4979833854608742,,,,,,,,,,,,,,,,,,
2009,11,8150000,0.0,8150000,tartarugalzinho,AP,6.056200521940608,,,,,,,,,,,,,,,,,,
2009,11,8150001,0.0,8150001,tartarugalzinho,AP,6.056200521940608,,,,,,,,,,,,,,,,,,
2009,11,8151000,1.6066666666666667,8151000,tartarugalzinho,AP,6.056200521940608,,,,,,,,,,,,,,,,,,
2009,11,8250002,0.3266666666666667,8250002,calcoene,AP,8.070104344009142,,,,,,,,,,,,,,,,,,
2009,11,8250003,0.47333333333333333,8250003,amapa,AP,1.884966326351725,,,,,,,,,,,,,,,,,,
2009,11,8251001,0.0,8251001,calcoene,AP,8.070104344009142,,,,,,,,,,,,,,,,,,
2009,11,8251004,1.3766666666666665,8251004,oiapoque,AP,4.142500938991269,AP,0.2936507936507936,1008.5156084656086,1008.8380952380952,1008.2190476190476,1397.8343915343917,28.788359788359788,22.315873015873017,29.66984126984127,27.616931216931217,23.05026455026455,21.595767195767195,75.24603174603175,66.8068783068783,70.25661375661376,105.24338624338624,4.906084656084656,1.6023809523809525
2009,11,8351002,4.553333333333333,8351002,oiapoque,AP,4.142500938991269,AP,0.2936507936507936,1008.5156084656086,1008.8380952380952,1008.2190476190476,1397.8343915343917,28.788359788359788,22.315873015873017,29.66984126984127,27.616931216931217,23.05026455026455,21.595767195767195,75.24603174603175,66.8068783068783,70.25661375661376,105.24338624338624,4.906084656084656,1.6023809523809525
2009,12,51002,7.451612903225806,51002,mazagao,AP,5.900931282639845,,,,,,,,,,,,,,,,,,
2009,12,51004,3.4451612903225803,51004,mazagao,AP,5.900931282639845,,,,,,,,,,,,,,,,,,
2009,12,52003,6.241935483870968,52003,mazagao,AP,5.900931282639845,,,,,,,,,,,,,,,,,,
2009,12,771001,7.432258064516129,771001,tarauaca,AC,15.426604021732398,,,,,,,,,,,,,,,,,,
2009,12,872000,4.358064516129032,872000,marechal thaumaturgo,AC,0.0607475433394217,AC,0.4634146341463415,982.4712195121951,982.9353658536584,982.15,1131.3143902439026,26.528048780487804,22.89512195121951,27.32414634146341,25.71951219512195,23.68243902439024,22.213170731707315,85.59756097560975,77.3780487804878,81.38536585365854,134.0780487804878,4.979024390243903,2.015853658536585
2009,12,968004,15.470967741935484,968004,bujari,AC,7.62123702008438,,,,,,,,,,,,,,,,,,
2009,12,968005,10.570967741935483,968005,sena madureira,AC,20.610616654550263,,,,,,,,,,,,,,,,,,
2009,12,972000,12.583870967741936,972000,marechal thaumaturgo,AC,0.0607475433394217,AC,0.4634146341463415,982.4712195121951,982.9353658536584,982.15,1131.3143902439026,26.528048780487804,22.89512195121951,27.32414634146341,25.71951219512195,23.68243902439024,22.213170731707315,85.59756097560975,77.3780487804878,81.38536585365854,134.0780487804878,4.979024390243903,2.015853658536585
2009,12,1067002,8.73225806451613,1067002,placido de castro,AC,10.46096999959934,,,,,,,,,,,,,,,,,,
2009,12,1067003,2.1225806451612903,1067003,capixaba,AC,3.787125956609667,,,,,,,,,,,,,,,,,,
2009,12,1068000,14.148387096774194,1068000,xapuri,AC,6.999387019668504,,,,,,,,,,,,,,,,,,
2009,12,8050000,3.02258064516129,8050000,macapa,AP,0.7495174060483651,,,,,,,,,,,,,,,,,,
2009,12,8050001,8.735483870967743,8050001,macapa,AP,0.7495174060483651,,,,,,,,,,,,,,,,,,
2009,12,8051010,5.825806451612903,8051010,macapa,AP,0.7495174060483651,,,,,,,,,,,,,,,,,,
2009,12,8051012,8.048387096774194,8051012,porto grande,AP,4.632188072793709,,,,,,,,,,,,,,,,,,
2009,12,8052000,5.251612903225807,8052000,serra do navio,AP,0.4979833854608742,,,,,,,,,,,,,,,,,,
2009,12,8150000,10.674193548387096,8150000,tartarugalzinho,AP,6.056200521940608,,,,,,,,,,,,,,,,,,
2009,12,8150001,11.893548387096773,8150001,tartarugalzinho,AP,6.056200521940608,,,,,,,,,,,,,,,,,,
2009,12,8151000,19.4,8151000,tartarugalzinho,AP,6.056200521940608,,,,,,,,,,,,,,,,,,
2009,12,8250002,17.36774193548387,8250002,calcoene,AP,8.070104344009142,,,,,,,,,,,,,,,,,,
2009,12,8250003,18.641935483870967,8250003,amapa,AP,1.884966326351725,,,,,,,,,,,,,,,,,,
2009,12,8251001,0.8741935483870968,8251001,calcoene,AP,8.070104344009142,,,,,,,,,,,,,,,,,,
2009,12,8251004,11.661290322580646,8251004,oiapoque,AP,4.142500938991269,AP,0.7765586034912718,1009.7147132169576,1010.0167082294264,1009.4149625935164,987.7618453865337,26.397506234413964,23.548129675810472,27.19276807980049,25.507730673316708,24.198753117206984,22.90199501246883,88.78802992518703,81.26683291770574,84.95511221945137,90.28927680798004,4.821945137157107,1.5670822942643392
2009,12,8351002,15.97741935483871,8351002,oiapoque,AP,4.142500938991269,AP,0.7765586034912718,1009.7147132169576,1010.0167082294264,1009.4149625935164,987.7618453865337,26.397506234413964,23.548129675810472,27.19276807980049,25.507730673316708,24.198753117206984,22.90199501246883,88.78802992518703,81.26683291770574,84.95511221945137,90.28927680798004,4.821945137157107,1.5670822942643392
2010,1,51002,6.741935483870968,51002,mazagao,AP,1.181015115088743,,,,,,,,,,,,,,,,,,
2010,1,51004,9.548387096774194,51004,mazagao,AP,1.181015115088743,,,,,,,,,,,,,,,,,,
2010,1,52003,7.612903225806452,52003,mazagao,AP,1.181015115088743,,,,,,,,,,,,,,,,,,
2010,1,771001,5.377419354838709,771001,tarauaca,AC,24.97938342801658,,,,,,,,,,,,,,,,,,
2010,1,872000,1.435483870967742,872000,marechal thaumaturgo,AC,22.028140529118527,AC,0.1795527156549521,982.8019169329074,983.2367412140576,982.5162939297124,1122.2182108626198,27.25782747603834,22.58913738019169,28.00159744408945,26.37891373801917,23.446325878594248,21.85846645367412,81.82428115015975,73.27156549520767,77.11182108626198,123.814696485623,5.206070287539936,2.1559105431309904
2010,1,967005,8.67741935483871,967005,senador guiomard,AC,3.8549814580250943,,,,,,,,,,,,,,,,,,
2010,1,968004,10.225806451612904,968004,bujari,AC,8.260086475385206,,,,,,,,,,,,,,,,,,
2010,1,968005,11.096774193548388,968005,sena madureira,AC,37.025377449862425,,,,,,,,,,,,,,,,,,
2010,1,972000,5.838709677419355,972000,marechal thaumaturgo,AC,22.028140529118527,AC,0.1795527156549521,982.8019169329074,983.2367412140576,982.5162939297124,1122.2182108626198,27.25782747603834,22.58913738019169,28.00159744408945,26.37891373801917,23.446325878594248,21.85846645367412,81.82428115015975,73.27156549520767,77.11182108626198,123.814696485623,5.206070287539936,2.1559105431309904
2010,1,1067002,5.0,1067002,placido de castro,AC,5.693200083291331,,,,,,,,,,,,,,,,,,
2010,1,1067003,1.1225806451612903,1067003,capixaba,AC,3.7485543569439055,,,,,,,,,,,,,,,,,,
2010,1,1068000,6.716129032258064,1068000,xapuri,AC,5.552680537836097,,,,,,,,,,,,,,,,,,
2010,1,8050000,3.896774193548387,8050000,macapa,AP,10.438384338221276,,,,,,,,,,,,,,,,,,
2010,1,8050001,19.493548387096773,8050001,macapa,AP,10.438384338221276,,,,,,,,,,,,,,,,,,
2010,1,8051010,7.52258064516129,8051010,macapa,AP,10.438384338221276,,,,,,,,,,,,,,,,,,
2010,1,8051012,9.383870967741935,8051012,porto grande,AP,1.7247183970337332,,,,,,,,,,,,,,,,,,
2010,1,8052000,10.435483870967742,8052000,serra do navio,AP,0.1477312521872866,,,,,,,,,,,,,,,,,,
2010,1,8150000,11.516129032258064,8150000,tartarugalzinho,AP,11.850870051686895,,,,,,,,,,,,,,,,,,
2010,1,8150001,13.583870967741934,8150001,tartarugalzinho,AP,11.850870051686895,,,,,,,,,,,,,,,,,,
2010,1,8151000,25.951612903225808,8151000,tartarugalzinho,AP,11.850870051686895,,,,,,,,,,,,,,,,,,
2010,1,8250002,13.46774193548387,8250002,calcoene,AP,11.900271952067554,,,,,,,,,,,,,,,,,,
2010,1,8250003,24.13225806451613,8250003,amapa,AP,1.823429769449978,,,,,,,,,,,,,,,,,,
2010,1,8251001,13.016129032258064,8251001,calcoene,AP,11.900271952067554,,,,,,,,,,,,,,,,,,
2010,1,8251004,17.932258064516127,8251004,oiapoque,AP,5.023966747123145,AP,0.6977556109725686,1009.9321695760598,1010.232668329177,1009.6491271820448,1040.7995012468828,26.476059850374064,23.42518703241896,27.22568578553616,25.62992518703242,24.061845386533665,22.8286783042394,87.71820448877806,80.6857855361596,84.08478802992519,77.43142144638404,5.114713216957606,1.7541147132169574
2010,1,8351002,11.97741935483871,8351002,oiapoque,AP,5.023966747123145,AP,0.6977556109725686,1009.9321695760598,1010.232668329177,1009.6491271820448,1040.7995012468828,26.476059850374064,23.42518703241896,27.22568578553616,25.62992518703242,24.061845386533665,22.8286783042394,87.71820448877806,80.6857855361596,84.08478802992519,77.43142144638404,5.114713216957606,1.7541147132169574
2010,2,51002,8.778571428571428,51002,mazagao,AP,1.181015115088743,,,,,,,,,,,,,,,,,,
2010,2,51004,5.071428571428571,51004,mazagao,AP,1.181015115088743,,,,,,,,,,,,,,,,,,
2010,2,52003,5.189285714285714,52003,mazagao,AP,1.181015115088743,,,,,,,,,,,,,,,,,,
2010,2,771001,6.917857142857143,771001,tarauaca,AC,24.97938342801658,,,,,,,,,,,,,,,,,,
2010,2,872000,6.378571428571428,872000,marechal thaumaturgo,AC,22.028140529118527,,,,,,,,,,,,,,,,,,
2010,2,967005,10.65,967005,senador guiomard,AC,3.8549814580250943,,,,,,,,,,,,,,,,,,
2010,2,968004,7.753571428571428,968004,bujari,AC,8.260086475385206,,,,,,,,,,,,,,,,,,
2010,2,968005,1.4928571428571427,968005,sena madureira,AC,37.025377449862425,,,,,,,,,,,,,,,,,,
2010,2,972000,5.046428571428572,972000,marechal thaumaturgo,AC,22.028140529118527,,,,,,,,,,,,,,,,,,
2010,2,1067002,12.514285714285714,1067002,placido de castro,AC,5.693200083291331,,,,,,,,,,,,,,,,,,
2010,2,1067003,3.5535714285714284,1067003,capixaba,AC,3.7485543569439055,,,,,,,,,,,,,,,,,,
2010,2,1068000,7.771428571428572,1068000,xapuri,AC,5.552680537836097,,,,,,,,,,,,,,,,,,
2010,2,8050000,7.428571428571429,8050000,macapa,AP,10.438384338221276,,,,,,,,,,,,,,,,,,
2010,2,8050001,9.757142857142856,8050001,macapa,AP,10.438384338221276,,,,,,,,,,,,,,,,,,
2010,2,8051010,8.025,8051010,macapa,AP,10.438384338221276,,,,,,,,,,,,,,,,,,
2010,2,8051012,7.8428571428571425,8051012,porto grande,AP,1.7247183970337332,,,,,,,,,,,,,,,,,,
2010,2,8052000,10.225,8052000,serra do navio,AP,0.1477312521872866,,,,,,,,,,,,,,,,,,
2010,2,8150000,15.517857142857142,8150000,tartarugalzinho,AP,11.850870051686895,,,,,,,,,,,,,,,,,,
2010,2,8150001,14.610714285714286,8150001,tartarugalzinho,AP,11.850870051686895,,,,,,,,,,,,,,,,,,
2010,2,8151000,27.217857142857145,8151000,tartarugalzinho,AP,11.850870051686895,,,,,,,,,,,,,,,,,,
2010,2,8250002,18.04285714285714,8250002,calcoene,AP,11.900271952067554,,,,,,,,,,,,,,,,,,
2010,2,8250003,17.907142857142855,8250003,amapa,AP,1.823429769449978,,,,,,,,,,,,,,,,,,
2010,2,8251001,18.542857142857144,8251001,calcoene,AP,11.900271952067554,,,,,,,,,,,,,,,,,,
2010,2,8251004,16.6,8251004,oiapoque,AP,5.023966747123145,AP,0.6252054794520548,1009.1520547945204,1009.4564383561644,1008.869589041096,1132.9145205479451,27.09178082191781,23.82712328767123,27.8482191780822,26.254246575342464,24.51972602739726,23.218082191780823,87.02739726027397,79.62739726027397,83.18904109589042,70.0986301369863,5.252602739726028,1.7613698630136985
2010,2,8351002,17.664285714285715,8351002,oiapoque,AP,5.023966747123145,AP,0.6252054794520548,1009.1520547945204,1009.4564383561644,1008.869589041096,1132.9145205479451,27.09178082191781,23.82712328767123,27.8482191780822,26.254246575342464,24.51972602739726,23.218082191780823,87.02739726027397,79.62739726027397,83.18904109589042,70.0986301369863,5.252602739726028,1.7613698630136985
2010,3,51002,4.103225806451613,51002,mazagao,AP,1.181015115088743,,,,,,,,,,,,,,,,,,
2010,3,51004,7.190322580645161,51004,mazagao,AP,1.181015115088743,,,,,,,,,,,,,,,,,,
2010,3,52003,6.435483870967742,52003,mazagao,AP,1.181015115088743,,,,,,,,,,,,,,,,,,
2010,3,872000,8.796774193548387,872000,marechal thaumaturgo,AC,22.028140529118527,AC,0.8809523809523809,983.1325396825396,983.6015873015872,982.8285714285714,1035.0761904761905,26.294444444444444,23.91904761904762,26.91190476190476,25.58333333333333,24.56746031746032,23.32301587301588,88.30952380952381,86.97619047619048,87.2936507936508,145.29365079365078,4.469047619047619,1.7880952380952382
2010,3,968005,15.22258064516129,968005,sena madureira,AC,37.025377449862425,,,,,,,,,,,,,,,,,,
2010,3,972000,6.364516129032259,972000,marechal thaumaturgo,AC,22.028140529118527,AC,0.8809523809523809,983.1325396825396,983.6015873015872,982.8285714285714,1035.0761904761905,26.294444444444444,23.91904761904762,26.91190476190476,25.58333333333333,24.56746031746032,23.32301587301588,88.30952380952381,86.97619047619048,87.2936507936508,145.29365079365078,4.469047619047619,1.7880952380952382
2010,3,8050000,9.287096774193548,8050000,macapa,AP,10.438384338221276,,,,,,,,,,,,,,,,,,
2010,3,8050001,5.490322580645161,8050001,macapa,AP,10.438384338221276,,,,,,,,,,,,,,,,,,
2010,3,8051010,8.77741935483871,8051010,macapa,AP,10.438384338221276,,,,,,,,,,,,,,,,,,
2010,3,8051012,9.83548387096774,8051012,porto grande,AP,1.7247183970337332,,,,,,,,,,,,,,,,,,
2010,3,8052000,9.948387096774193,8052000,serra do navio,AP,0.1477312521872866,,,,,,,,,,,,,,,,,,
2010,3,8150000,11.870967741935484,8150000,tartarugalzinho,AP,11.850870051686895,,,,,,,,,,,,,,,,,,
2010,3,8150001,9.725806451612904,8150001,tartarugalzinho,AP,11.850870051686895,,,,,,,,,,,,,,,,,,
2010,3,8151000,34.82258064516129,8151000,tartarugalzinho,AP,11.850870051686895,,,,,,,,,,,,,,,,,,
2010,3,8250002,13.829032258064515,8250002,calcoene,AP,11.900271952067554,,,,,,,,,,,,,,,,,,
2010,3,8250003,18.203225806451613,8250003,amapa,AP,1.823429769449978,,,,,,,,,,,,,,,,,,
2010,3,8251001,13.345161290322581,8251001,calcoene,AP,11.900271952067554,,,,,,,,,,,,,,,,,,
2010,3,8251004,13.587096774193547,8251004,oiapoque,AP,5.023966747123145,AP,0.7955334987593052,1009.6570719602976,1009.9868486352358,1009.3590570719604,1242.360545905707,27.51786600496278,24.044168734491315,28.33970223325062,26.528039702233247,24.773697270471462,23.314392059553352,86.56575682382135,78.3225806451613,82.31761786600497,90.42679900744416,5.293052109181141,1.691315136476427
2010,3,8351002,10.899999999999999,8351002,oiapoque,AP,5.023966747123145,AP,0.7955334987593052,1009.6570719602976,1009.9868486352358,1009.3590570719604,1242.360545905707,27.51786600496278,24.044168734491315,28.33970223325062,26.528039702233247,24.773697270471462,23.314392059553352,86.56575682382135,78.3225806451613,82.31761786600497,90.42679900744416,5.293052109181141,1.691315136476427
2010,4,51002,4.7266666666666675,51002,mazagao,AP,1.181015115088743,,,,,,,,,,,,,,,,,,
2010,4,51004,14.766666666666667,51004,mazagao,AP,1.181015115088743,,,,,,,,,,,,,,,,,,
2010,4,52003,17.55,52003,mazagao,AP,1.181015115088743,,,,,,,,,,,,,,,,,,
2010,4,872000,2.04,872000,marechal thaumaturgo,AC,22.028140529118527,AC,0.0054054054054054,982.3945945945944,982.8864864864864,982.1486486486486,1556.5486486486486,28.364864864864863,24.767567567567568,29.16216216216216,27.4027027027027,25.7027027027027,24.03243243243244,83.62162162162163,81.1891891891892,81.5945945945946,147.8108108108108,3.675675675675676,1.5810810810810811
2010,4,968005,5.323333333333333,968005,sena madureira,AC,37.025377449862425,,,,,,,,,,,,,,,,,,
2010,4,972000,4.073333333333333,972000,marechal thaumaturgo,AC,22.028140529118527,AC,0.0054054054054054,982.3945945945944,982.8864864864864,982.1486486486486,1556.5486486486486,28.364864864864863,24.767567567567568,29.16216216216216,27.4027027027027,25.7027027027027,24.03243243243244,83.62162162162163,81.1891891891892,81.5945945945946,147.8108108108108,3.675675675675676,1.5810810810810811
2010,4,8050000,7.48,8050000,macapa,AP,10.438384338221276,,,,,,,,,,,,,,,,,,
2010,4,8050001,7.04,8050001,macapa,AP,10.438384338221276,,,,,,,,,,,,,,,,,,
2010,4,8051010,13.406666666666666,8051010,macapa,AP,10.438384338221276,,,,,,,,,,,,,,,,,,
2010,4,8051012,10.4,8051012,porto grande,AP,1.7247183970337332,,,,,,,,,,,,,,,,,,
2010,4,8052000,12.613333333333333,8052000,serra do navio,AP,0.1477312521872866,,,,,,,,,,,,,,,,,,
2010,4,8150000,14.553333333333335,8150000,tartarugalzinho,AP,11.850870051686895,,,,,,,,,,,,,,,,,,
2010,4,8150001,11.623333333333335,8150001,tartarugalzinho,AP,11.850870051686895,,,,,,,,,,,,,,,,,,
2010,4,8151000,28.19333333333333,8151000,tartarugalzinho,AP,11.850870051686895,,,,,,,,,,,,,,,,,,
2010,4,8250002,21.8,8250002,calcoene,AP,11.900271952067554,,,,,,,,,,,,,,,,,,
2010,4,8250003,29.95,8250003,amapa,AP,1.823429769449978,,,,,,,,,,,,,,,,,,
2010,4,8251001,22.1,8251001,calcoene,AP,11.900271952067554,,,,,,,,,,,,,,,,,,
2010,4,8251004,22.266666666666666,8251004,oiapoque,AP,5.023966747123145,AP,0.8394871794871795,1009.2882051282052,1009.6310256410256,1009.0071794871794,1131.1184615384616,27.27871794871795,24.24666666666667,27.996923076923075,26.47410256410256,24.8774358974359,23.66282051282052,88.05641025641026,80.84871794871795,84.40512820512821,120.5948717948718,3.956153846153847,1.3210256410256411
2010,4,8351002,15.66,8351002,oiapoque,AP,5.023966747123145,AP,0.8394871794871795,1009.2882051282052,1009.6310256410256,1009.0071794871794,1131.1184615384616,27.27871794871795,24.24666666666667,27.996923076923075,26.47410256410256,24.8774358974359,23.66282051282052,88.05641025641026,80.84871794871795,84.40512820512821,120.5948717948718,3.956153846153847,1.3210256410256411
2010,5,51002,4.974193548387096,51002,mazagao,AP,1.181015115088743,,,,,,,,,,,,,,,,,,
2010,5,51004,6.729032258064516,51004,mazagao,AP,1.181015115088743,,,,,,,,,,,,,,,,,,
2010,5,52003,9.583870967741936,52003,mazagao,AP,1.181015115088743,,,,,,,,,,,,,,,,,,
2010,5,872000,2.5806451612903225,872000,marechal thaumaturgo,AC,22.028140529118527,,,,,,,,,,,,,,,,,,
2010,5,968005,5.3354838709677415,968005,sena madureira,AC,37.025377449862425,,,,,,,,,,,,,,,,,,
2010,5,972000,2.303225806451613,972000,marechal thaumaturgo,AC,22.028140529118527,,,,,,,,,,,,,,,,,,
2010,5,8050000,5.103225806451613,8050000,macapa,AP,10.438384338221276,,,,,,,,,,,,,,,,,,
2010,5,8050001,7.651612903225806,8050001,macapa,AP,10.438384338221276,,,,,,,,,,,,,,,,,,
2010,5,8051010,5.683870967741935,8051010,macapa,AP,10.438384338221276,,,,,,,,,,,,,,,,,,
2010,5,8051012,9.85483870967742,8051012,porto grande,AP,1.7247183970337332,,,,,,,,,,,,,,,,,,
2010,5,8052000,8.587096774193547,8052000,serra do navio,AP,0.1477312521872866,,,,,,,,,,,,,,,,,,
2010,5,8150000,10.441935483870967,8150000,tartarugalzinho,AP,11.850870051686895,,,,,,,,,,,,,,,,,,
2010,5,8150001,5.648387096774194,8150001,tartarugalzinho,AP,11.850870051686895,,,,,,,,,,,,,,,,,,
2010,5,8250002,13.225806451612904,8250002,calcoene,AP,11.900271952067554,,,,,,,,,,,,,,,,,,
2010,5,8250003,10.358064516129033,8250003,amapa,AP,1.823429769449978,,,,,,,,,,,,,,,,,,
2010,5,8251001,18.216129032258067,8251001,calcoene,AP,11.900271952067554,,,,,,,,,,,,,,,,,,
2010,5,8251004,19.0,8251004,oiapoque,AP,5.023966747123145,AP,1.0883374689826304,1009.8044665012408,1010.1347394540944,1009.5141439205956,988.2042183622827,26.75880893300248,24.41637717121588,27.44937965260546,26.02531017369727,24.9863523573201,23.860545905707195,90.76923076923076,84.30024813895781,87.58560794044665,171.0620347394541,3.298511166253101,1.0732009925558312
2010,5,8351002,22.032258064516128,8351002,oiapoque,AP,5.023966747123145,AP,1.0883374689826304,1009.8044665012408,1010.1347394540944,1009.5141439205956,988.2042183622827,26.75880893300248,24.41637717121588,27.44937965260546,26.02531017369727,24.9863523573201,23.860545905707195,90.76923076923076,84.30024813895781,87.58560794044665,171.0620347394541,3.298511166253101,1.0732009925558312
2010,6,51002,1.4066666666666667,51002,mazagao,AP,1.181015115088743,,,,,,,,,,,,,,,,,,
2010,6,51004,6.02,51004,mazagao,AP,1.181015115088743,,,,,,,,,,,,,,,,,,
2010,6,52003,8.1,52003,mazagao,AP,1.181015115088743,,,,,,,,,,,,,,,,,,
2010,6,771001,0.20666666666666667,771001,tarauaca,AC,24.97938342801658,,,,,,,,,,,,,,,,,,
2010,6,872000,1.1733333333333333,872000,marechal thaumaturgo,AC,22.028140529118527,,,,,,,,,,,,,,,,,,
2010,6,967005,0.31666666666666665,967005,senador guiomard,AC,3.8549814580250943,,,,,,,,,,,,,,,,,,
2010,6,968004,0.5566666666666666,968004,bujari,AC,8.260086475385206,,,,,,,,,,,,,,,,,,
2010,6,968005,0.4966666666666667,968005,sena madureira,AC,37.025377449862425,,,,,,,,,,,,,,,,,,
2010,6,972000,1.1566666666666667,972000,marechal thaumaturgo,AC,22.028140529118527,,,,,,,,,,,,,,,,,,
2010,6,1067002,0.0,1067002,placido de castro,AC,5.693200083291331,,,,,,,,,,,,,,,,,,
2010,6,1067003,0.4666666666666667,1067003,capixaba,AC,3.7485543569439055,,,,,,,,,,,,,,,,,,
2010,6,1068000,1.0799999999999998,1068000,xapuri,AC,5.552680537836097,,,,,,,,,,,,,,,,,,
2010,6,8050000,5.28,8050000,macapa,AP,10.438384338221276,,,,,,,,,,,,,,,,,,
2010,6,8050001,3.2266666666666666,8050001,macapa,AP,10.438384338221276,,,,,,,,,,,,,,,,,,
2010,6,8051010,9.346666666666666,8051010,macapa,AP,10.438384338221276,,,,,,,,,,,,,,,,,,
2010,6,8051012,8.006666666666666,8051012,porto grande,AP,1.7247183970337332,,,,,,,,,,,,,,,,,,
2010,6,8052000,5.3933333333333335,8052000,serra do navio,AP,0.1477312521872866,,,,,,,,,,,,,,,,,,
2010,6,8150000,4.456666666666666,8150000,tartarugalzinho,AP,11.850870051686895,,,,,,,,,,,,,,,,,,
2010,6,8150001,4.9766666666666675,8150001,tartarugalzinho,AP,11.850870051686895,,,,,,,,,,,,,,,,,,
2010,6,8151000,27.48,8151000,tartarugalzinho,AP,11.850870051686895,,,,,,,,,,,,,,,,,,
2010,6,8250002,11.98,8250002,calcoene,AP,11.900271952067554,,,,,,,,,,,,,,,,,,
2010,6,8250003,14.273333333333333,8250003,amapa,AP,1.823429769449978,,,,,,,,,,,,,,,,,,
2010,6,8251001,9.346666666666666,8251001,calcoene,AP,11.900271952067554,,,,,,,,,,,,,,,,,,
2010,6,8251004,11.206666666666667,8251004,oiapoque,AP,5.023966747123145,AP,0.5758974358974359,1011.3058974358974,1011.6053846153844,1011.0589743589744,1261.243846153846,27.29871794871795,23.67589743589744,28.09179487179487,26.418717948717948,24.351538461538464,22.98769230769231,85.93589743589743,77.6974358974359,81.77435897435898,161.31794871794872,3.57,1.1728205128205127
2010,6,8351002,5.986666666666666,8351002,oiapoque,AP,5.023966747123145,AP,0.5758974358974359,1011.3058974358974,1011.6053846153844,1011.0589743589744,1261.243846153846,27.29871794871795,23.67589743589744,28.09179487179487,26.418717948717948,24.351538461538464,22.98769230769231,85.93589743589743,77.6974358974359,81.77435897435898,161.31794871794872,3.57,1.1728205128205127
2010,7,51002,2.1129032258064515,51002,mazagao,AP,1.181015115088743,,,,,,,,,,,,,,,,,,
2010,7,52003,6.806451612903226,52003,mazagao,AP,1.181015115088743,,,,,,,,,,,,,,,,,,
2010,7,771001,0.832258064516129,771001,tarauaca,AC,24.97938342801658,,,,,,,,,,,,,,,,,,
2010,7,872000,2.825806451612903,872000,marechal thaumaturgo,AC,22.028140529118527,,,,,,,,,,,,,,,,,,
2010,7,967005,0.34838709677419355,967005,senador guiomard,AC,3.8549814580250943,,,,,,,,,,,,,,,,,,
2010,7,968004,0.6419354838709678,968004,bujari,AC,8.260086475385206,,,,,,,,,,,,,,,,,,
2010,7,968005,0.025806451612903226,968005,sena madureira,AC,37.025377449862425,,,,,,,,,,,,,,,,,,
2010,7,972000,1.9516129032258065,972000,marechal thaumaturgo,AC,22.028140529118527,,,,,,,,,,,,,,,,,,
2010,7,1067002,0.5161290322580645,1067002,placido de castro,AC,5.693200083291331,,,,,,,,,,,,,,,,,,
2010,7,1067003,0.08064516129032258,1067003,capixaba,AC,3.7485543569439055,,,,,,,,,,,,,,,,,,
2010,7,1068000,0.9290322580645162,1068000,xapuri,AC,5.552680537836097,,,,,,,,,,,,,,,,,,
2010,7,8050000,9.067741935483872,8050000,macapa,AP,10.438384338221276,,,,,,,,,,,,,,,,,,
2010,7,8050001,1.7069354838709676,8050001,macapa,AP,10.438384338221276,,,,,,,,,,,,,,,,,,
2010,7,8051010,5.874193548387097,8051010,macapa,AP,10.438384338221276,,,,,,,,,,,,,,,,,,
2010,7,8051012,6.12258064516129,8051012,porto grande,AP,1.7247183970337332,,,,,,,,,,,,,,,,,,
2010,7,8052000,7.196774193548387,8052000,serra do navio,AP,0.1477312521872866,,,,,,,,,,,,,,,,,,
2010,7,8150000,6.54516129032258,8150000,tartarugalzinho,AP,11.850870051686895,,,,,,,,,,,,,,,,,,
2010,7,8150001,6.883870967741935,8150001,tartarugalzinho,AP,11.850870051686895,,,,,,,,,,,,,,,,,,
2010,7,8151000,9.55483870967742,8151000,tartarugalzinho,AP,11.850870051686895,,,,,,,,,,,,,,,,,,
2010,7,8250002,11.529032258064516,8250002,calcoene,AP,11.900271952067554,,,,,,,,,,,,,,,,,,
2010,7,8250003,12.480645161290322,8250003,amapa,AP,1.823429769449978,,,,,,,,,,,,,,,,,,
2010,7,8251001,5.893548387096775,8251001,calcoene,AP,11.900271952067554,,,,,,,,,,,,,,,,,,
2010,7,8251004,9.667741935483871,8251004,oiapoque,AP,5.023966747123145,AP,0.4327543424317618,1010.81364764268,1011.125558312655,1010.5575682382134,1253.1330024813894,27.024317617866004,23.601985111662533,27.85012406947891,26.12853598014888,24.2727047146402,22.8937965260546,86.72952853598015,78.31761786600497,82.57071960297766,162.49627791563276,3.597766749379653,1.1173697270471463
2010,7,8351002,6.087096774193548,8351002,oiapoque,AP,5.023966747123145,AP,0.4327543424317618,1010.81364764268,1011.125558312655,1010.5575682382134,1253.1330024813894,27.024317617866004,23.601985111662533,27.85012406947891,26.12853598014888,24.2727047146402,22.8937965260546,86.72952853598015,78.31761786600497,82.57071960297766,162.49627791563276,3.597766749379653,1.1173697270471463
2010,8,51002,2.2225806451612904,51002,mazagao,AP,1.181015115088743,,,,,,,,,,,,,,,,,,
2010,8,51004,4.412903225806452,51004,mazagao,AP,1.181015115088743,,,,,,,,,,,,,,,,,,
2010,8,52003,4.554838709677419,52003,mazagao,AP,1.181015115088743,,,,,,,,,,,,,,,,,,
2010,8,771001,0.7774193548387096,771001,tarauaca,AC,24.97938342801658,,,,,,,,,,,,,,,,,,
2010,8,872000,0.7548387096774193,872000,marechal thaumaturgo,AC,22.028140529118527,,,,,,,,,,,,,,,,,,
2010,8,967005,1.025806451612903,967005,senador guiomard,AC,3.8549814580250943,,,,,,,,,,,,,,,,,,
2010,8,968004,3.1870967741935483,968004,bujari,AC,8.260086475385206,,,,,,,,,,,,,,,,,,
2010,8,968005,0.5774193548387097,968005,sena madureira,AC,37.025377449862425,,,,,,,,,,,,,,,,,,
2010,8,972000,1.2806451612903227,972000,marechal thaumaturgo,AC,22.028140529118527,,,,,,,,,,,,,,,,,,
2010,8,1067002,0.5806451612903226,1067002,placido de castro,AC,5.693200083291331,,,,,,,,,,,,,,,,,,
2010,8,1067003,0.04838709677419355,1067003,capixaba,AC,3.7485543569439055,,,,,,,,,,,,,,,,,,
2010,8,1068000,0.6322580645161291,1068000,xapuri,AC,5.552680537836097,,,,,,,,,,,,,,,,,,
2010,8,8050000,2.5548387096774197,8050000,macapa,AP,10.438384338221276,,,,,,,,,,,,,,,,,,
2010,8,8050001,1.6774193548387097,8050001,macapa,AP,10.438384338221276,,,,,,,,,,,,,,,,,,
2010,8,8051010,1.8258064516129033,8051010,macapa,AP,10.438384338221276,,,,,,,,,,,,,,,,,,
2010,8,8051012,2.319354838709677,8051012,porto grande,AP,1.7247183970337332,,,,,,,,,,,,,,,,,,
2010,8,8052000,7.906451612903226,8052000,serra do navio,AP,0.1477312521872866,,,,,,,,,,,,,,,,,,
2010,8,8150000,2.4516129032258065,8150000,tartarugalzinho,AP,11.850870051686895,,,,,,,,,,,,,,,,,,
2010,8,8150001,3.9214285714285713,8150001,tartarugalzinho,AP,11.850870051686895,,,,,,,,,,,,,,,,,,
2010,8,8151000,1.7322580645161292,8151000,tartarugalzinho,AP,11.850870051686895,,,,,,,,,,,,,,,,,,
2010,8,8250002,3.2225806451612904,8250002,calcoene,AP,11.900271952067554,,,,,,,,,,,,,,,,,,
2010,8,8250003,5.716129032258064,8250003,amapa,AP,1.823429769449978,,,,,,,,,,,,,,,,,,
2010,8,8251001,4.47741935483871,8251001,calcoene,AP,11.900271952067554,,,,,,,,,,,,,,,,,,
2010,8,8251004,4.558064516129033,8251004,oiapoque,AP,5.023966747123145,AP,0.299746835443038,1010.733164556962,1011.0556962025316,1010.4762025316456,1436.305316455696,27.94481012658228,23.323797468354428,28.831139240506328,26.883291139240505,24.077721518987342,22.54759493670885,82.41772151898734,72.81012658227849,77.4126582278481,165.16708860759493,3.944810126582279,1.259746835443038
2010,8,8351002,5.180645161290323,8351002,oiapoque,AP,5.023966747123145,AP,0.299746835443038,1010.733164556962,1011.0556962025316,1010.4762025316456,1436.305316455696,27.94481012658228,23.323797468354428,28.831139240506328,26.883291139240505,24.077721518987342,22.54759493670885,82.41772151898734,72.81012658227849,77.4126582278481,165.16708860759493,3.944810126582279,1.259746835443038
2010,9,51002,0.7533333333333334,51002,mazagao,AP,1.181015115088743,,,,,,,,,,,,,,,,,,
2010,9,51004,1.78,51004,mazagao,AP,1.181015115088743,,,,,,,,,,,,,,,,,,
2010,9,52003,0.95,52003,mazagao,AP,1.181015115088743,,,,,,,,,,,,,,,,,,
2010,9,771001,1.9633333333333334,771001,tarauaca,AC,24.97938342801658,,,,,,,,,,,,,,,,,,
2010,9,872000,2.746666666666667,872000,marechal thaumaturgo,AC,22.028140529118527,,,,,,,,,,,,,,,,,,
2010,9,967005,3.4066666666666667,967005,senador guiomard,AC,3.8549814580250943,,,,,,,,,,,,,,,,,,
2010,9,968004,1.3266666666666669,968004,bujari,AC,8.260086475385206,,,,,,,,,,,,,,,,,,
2010,9,968005,5.186666666666667,968005,sena madureira,AC,37.025377449862425,,,,,,,,,,,,,,,,,,
2010,9,972000,2.246666666666667,972000,marechal thaumaturgo,AC,22.028140529118527,,,,,,,,,,,,,,,,,,
2010,9,1067002,0.3,1067002,placido de castro,AC,5.693200083291331,,,,,,,,,,,,,,,,,,
2010,9,1067003,0.13333333333333333,1067003,capixaba,AC,3.7485543569439055,,,,,,,,,,,,,,,,,,
2010,9,1068000,2.1,1068000,xapuri,AC,5.552680537836097,,,,,,,,,,,,,,,,,,
2010,9,8050000,0.7899999999999999,8050000,macapa,AP,10.438384338221276,,,,,,,,,,,,,,,,,,
2010,9,8050001,1.0233333333333332,8050001,macapa,AP,10.438384338221276,,,,,,,,,,,,,,,,,,
2010,9,8051010,0.5166666666666667,8051010,macapa,AP,10.438384338221276,,,,,,,,,,,,,,,,,,
2010,9,8051012,1.4366666666666668,8051012,porto grande,AP,1.7247183970337332,,,,,,,,,,,,,,,,,,
2010,9,8052000,1.99,8052000,serra do navio,AP,0.1477312521872866,,,,,,,,,,,,,,,,,,
2010,9,8150000,0.2966666666666667,8150000,tartarugalzinho,AP,11.850870051686895,,,,,,,,,,,,,,,,,,
2010,9,8150001,0.12333333333333334,8150001,tartarugalzinho,AP,11.850870051686895,,,,,,,,,,,,,,,,,,
2010,9,8151000,2.4433333333333334,8151000,tartarugalzinho,AP,11.850870051686895,,,,,,,,,,,,,,,,,,
2010,9,8250002,0.08333333333333333,8250002,calcoene,AP,11.900271952067554,,,,,,,,,,,,,,,,,,
2010,9,8250003,0.6833333333333333,8250003,amapa,AP,1.823429769449978,,,,,,,,,,,,,,,,,,
2010,9,8251001,1.2033333333333334,8251001,calcoene,AP,11.900271952067554,,,,,,,,,,,,,,,,,,
2010,9,8251004,0.2533333333333333,8251004,oiapoque,AP,5.023966747123145,AP,0.0445859872611464,1009.6675159235668,1009.993949044586,1009.413694267516,1638.1831210191085,29.45222929936305,22.942038216560512,30.31496815286624,28.24872611464968,23.73312101910828,22.097452229299364,75.27707006369427,65.8407643312102,69.85350318471338,126.3375796178344,4.118152866242038,1.340127388535032
2010,9,8351002,0.5833333333333334,8351002,oiapoque,AP,5.023966747123145,AP,0.0445859872611464,1009.6675159235668,1009.993949044586,1009.413694267516,1638.1831210191085,29.45222929936305,22.942038216560512,30.31496815286624,28.24872611464968,23.73312101910828,22.097452229299364,75.27707006369427,65.8407643312102,69.85350318471338,126.3375796178344,4.118152866242038,1.340127388535032
2010,10,51002,0.4225806451612903,51002,mazagao,AP,1.181015115088743,,,,,,,,,,,,,,,,,,
2010,10,51004,1.967741935483871,51004,mazagao,AP,1.181015115088743,,,,,,,,,,,,,,,,,,
2010,10,52003,1.0806451612903225,52003,mazagao,AP,1.181015115088743,,,,,,,,,,,,,,,,,,
2010,10,771001,8.05483870967742,771001,tarauaca,AC,24.97938342801658,,,,,,,,,,,,,,,,,,
2010,10,872000,1.6935483870967742,872000,marechal thaumaturgo,AC,22.028140529118527,,,,,,,,,,,,,,,,,,
2010,10,967005,7.0451612903225795,967005,senador guiomard,AC,3.8549814580250943,,,,,,,,,,,,,,,,,,
2010,10,968004,4.467741935483871,968004,bujari,AC,8.260086475385206,,,,,,,,,,,,,,,,,,
2010,10,968005,3.2,968005,sena madureira,AC,37.025377449862425,,,,,,,,,,,,,,,,,,
2010,10,972000,4.77741935483871,972000,marechal thaumaturgo,AC,22.028140529118527,,,,,,,,,,,,,,,,,,
2010,10,1067002,7.72258064516129,1067002,placido de castro,AC,5.693200083291331,,,,,,,,,,,,,,,,,,
2010,10,1067003,0.16129032258064516,1067003,capixaba,AC,3.7485543569439055,,,,,,,,,,,,,,,,,,
2010,10,1068000,5.380645161290323,1068000,xapuri,AC,5.552680537836097,,,,,,,,,,,,,,,,,,
2010,10,8050000,0.1548387096774194,8050000,macapa,AP,10.438384338221276,,,,,,,,,,,,,,,,,,
2010,10,8050001,0.23225806451612904,8050001,macapa,AP,10.438384338221276,,,,,,,,,,,,,,,,,,
2010,10,8051010,3.564516129032258,8051010,macapa,AP,10.438384338221276,,,,,,,,,,,,,,,,,,
2010,10,8051012,2.4322580645161294,8051012,porto grande,AP,1.7247183970337332,,,,,,,,,,,,,,,,,,
2010,10,8052000,2.3774193548387097,8052000,serra do navio,AP,0.1477312521872866,,,,,,,,,,,,,,,,,,
2010,10,8150000,0.3419354838709678,8150000,tartarugalzinho,AP,11.850870051686895,,,,,,,,,,,,,,,,,,
2010,10,8150001,2.370967741935484,8150001,tartarugalzinho,AP,11.850870051686895,,,,,,,,,,,,,,,,,,
2010,10,8151000,1.867741935483871,8151000,tartarugalzinho,AP,11.850870051686895,,,,,,,,,,,,,,,,,,
2010,10,8250002,1.7354838709677418,8250002,calcoene,AP,11.900271952067554,,,,,,,,,,,,,,,,,,
2010,10,8250003,0.9,8250003,amapa,AP,1.823429769449978,,,,,,,,,,,,,,,,,,
2010,10,8251001,1.4548387096774194,8251001,calcoene,AP,11.900271952067554,,,,,,,,,,,,,,,,,,
2010,10,8251004,1.0806451612903225,8251004,oiapoque,AP,5.023966747123145,AP,0.1526315789473684,1007.3210526315788,1007.6657894736844,1007.021052631579,1534.627631578947,29.52368421052632,23.014473684210525,30.544736842105262,28.389473684210525,23.69342105263157,22.223684210526315,74.90789473684211,65.64473684210526,70.01315789473684,139.51315789473685,4.214473684210526,1.4697368421052632
2010,10,8351002,1.0225806451612902,8351002,oiapoque,AP,5.023966747123145,AP,0.1526315789473684,1007.3210526315788,1007.6657894736844,1007.021052631579,1534.627631578947,29.52368421052632,23.014473684210525,30.544736842105262,28.389473684210525,23.69342105263157,22.223684210526315,74.90789473684211,65.64473684210526,70.01315789473684,139.51315789473685,4.214473684210526,1.4697368421052632
2010,11,51002,0.6533333333333334,51002,mazagao,AP,1.181015115088743,,,,,,,,,,,,,,,,,,
2010,11,51004,1.9200000000000002,51004,mazagao,AP,1.181015115088743,,,,,,,,,,,,,,,,,,
2010,11,52003,3.356666666666667,52003,mazagao,AP,1.181015115088743,,,,,,,,,,,,,,,,,,
2010,11,771001,8.183333333333334,771001,tarauaca,AC,24.97938342801658,,,,,,,,,,,,,,,,,,
2010,11,872000,1.4166666666666667,872000,marechal thaumaturgo,AC,22.028140529118527,,,,,,,,,,,,,,,,,,
2010,11,967005,6.7733333333333325,967005,senador guiomard,AC,3.8549814580250943,,,,,,,,,,,,,,,,,,
2010,11,968004,14.106666666666666,968004,bujari,AC,8.260086475385206,,,,,,,,,,,,,,,,,,
2010,11,968005,12.223333333333333,968005,sena madureira,AC,37.025377449862425,,,,,,,,,,,,,,,,,,
2010,11,972000,4.14,972000,marechal thaumaturgo,AC,22.028140529118527,,,,,,,,,,,,,,,,,,
2010,11,1067002,9.003333333333334,1067002,placido de castro,AC,5.693200083291331,,,,,,,,,,,,,,,,,,
2010,11,1067003,0.4,1067003,capixaba,AC,3.7485543569439055,,,,,,,,,,,,,,,,,,
2010,11,1068000,4.403333333333333,1068000,xapuri,AC,5.552680537836097,,,,,,,,,,,,,,,,,,
2010,11,8050000,0.08333333333333333,8050000,macapa,AP,10.438384338221276,,,,,,,,,,,,,,,,,,
2010,11,8050001,0.4566666666666667,8050001,macapa,AP,10.438384338221276,,,,,,,,,,,,,,,,,,
2010,11,8051010,1.9300000000000002,8051010,macapa,AP,10.438384338221276,,,,,,,,,,,,,,,,,,
2010,11,8051012,2.046666666666667,8051012,porto grande,AP,1.7247183970337332,,,,,,,,,,,,,,,,,,
2010,11,8052000,3.356666666666667,8052000,serra do navio,AP,0.1477312521872866,,,,,,,,,,,,,,,,,,
2010,11,8150000,3.936666666666667,8150000,tartarugalzinho,AP,11.850870051686895,,,,,,,,,,,,,,,,,,
2010,11,8151000,5.866666666666666,8151000,tartarugalzinho,AP,11.850870051686895,,,,,,,,,,,,,,,,,,
2010,11,8250002,7.013333333333334,8250002,calcoene,AP,11.900271952067554,,,,,,,,,,,,,,,,,,
2010,11,8250003,1.5666666666666667,8250003,amapa,AP,1.823429769449978,,,,,,,,,,,,,,,,,,
2010,11,8251001,0.0,8251001,calcoene,AP,11.900271952067554,,,,,,,,,,,,,,,,,,
2010,11,8251004,2.0566666666666666,8251004,oiapoque,AP,5.023966747123145,AP,0.2842666666666666,1007.7168,1008.0768,1007.4474666666666,1501.7,28.94,22.6848,29.889066666666665,27.724,23.464,21.846933333333336,76.544,67.016,71.29066666666667,120.38133333333332,4.375733333333334,1.4192
2010,11,8351002,0.9666666666666667,8351002,oiapoque,AP,5.023966747123145,AP,0.2842666666666666,1007.7168,1008.0768,1007.4474666666666,1501.7,28.94,22.6848,29.889066666666665,27.724,23.464,21.846933333333336,76.544,67.016,71.29066666666667,120.38133333333332,4.375733333333334,1.4192
2010,12,51002,1.025806451612903,51002,mazagao,AP,1.181015115088743,,,,,,,,,,,,,,,,,,
2010,12,51004,4.729032258064516,51004,mazagao,AP,1.181015115088743,,,,,,,,,,,,,,,,,,
2010,12,52003,7.096774193548387,52003,mazagao,AP,1.181015115088743,,,,,,,,,,,,,,,,,,
2010,12,771001,9.787096774193548,771001,tarauaca,AC,24.97938342801658,,,,,,,,,,,,,,,,,,
2010,12,872000,4.348387096774193,872000,marechal thaumaturgo,AC,22.028140529118527,,,,,,,,,,,,,,,,,,
2010,12,967005,7.503225806451613,967005,senador guiomard,AC,3.8549814580250943,,,,,,,,,,,,,,,,,,
2010,12,968004,6.706451612903226,968004,bujari,AC,8.260086475385206,,,,,,,,,,,,,,,,,,
2010,12,968005,5.4225806451612915,968005,sena madureira,AC,37.025377449862425,,,,,,,,,,,,,,,,,,
2010,12,972000,3.825806451612903,972000,marechal thaumaturgo,AC,22.028140529118527,,,,,,,,,,,,,,,,,,
2010,12,1067002,4.225806451612903,1067002,placido de castro,AC,5.693200083291331,,,,,,,,,,,,,,,,,,
2010,12,1067003,1.1064516129032258,1067003,capixaba,AC,3.7485543569439055,,,,,,,,,,,,,,,,,,
2010,12,1068000,4.909677419354838,1068000,xapuri,AC,5.552680537836097,,,,,,,,,,,,,,,,,,
2010,12,8050000,6.922580645161291,8050000,macapa,AP,10.438384338221276,,,,,,,,,,,,,,,,,,
2010,12,8050001,9.80967741935484,8050001,macapa,AP,10.438384338221276,,,,,,,,,,,,,,,,,,
2010,12,8051010,14.035483870967743,8051010,macapa,AP,10.438384338221276,,,,,,,,,,,,,,,,,,
2010,12,8051012,7.419354838709677,8051012,porto grande,AP,1.7247183970337332,,,,,,,,,,,,,,,,,,
2010,12,8052000,4.938709677419355,8052000,serra do navio,AP,0.1477312521872866,,,,,,,,,,,,,,,,,,
2010,12,8150000,6.438709677419355,8150000,tartarugalzinho,AP,11.850870051686895,,,,,,,,,,,,,,,,,,
2010,12,8150001,0.0,8150001,tartarugalzinho,AP,11.850870051686895,,,,,,,,,,,,,,,,,,
2010,12,8250002,12.42258064516129,8250002,calcoene,AP,11.900271952067554,,,,,,,,,,,,,,,,,,
2010,12,8250003,16.3,8250003,amapa,AP,1.823429769449978,,,,,,,,,,,,,,,,,,
2010,12,8251001,9.874193548387098,8251001,calcoene,AP,11.900271952067554,,,,,,,,,,,,,,,,,,
2010,12,8351002,14.980645161290322,8351002,oiapoque,AP,5.023966747123145,AP,0.8205,1007.598,1007.9375,1007.2845,1087.2875,26.5925,23.6085,27.36975,25.70225,24.2125,22.94275,88.35,80.725,84.6125,140.9225,3.6705,1.17375
2011,1,51002,5.122580645161291,51002,mazagao,AP,1.5229688759827362,,,,,,,,,,,,,,,,,,
2011,1,51004,10.641935483870967,51004,mazagao,AP,1.5229688759827362,,,,,,,,,,,,,,,,,,
2011,1,52003,8.570967741935483,52003,mazagao,AP,1.5229688759827362,,,,,,,,,,,,,,,,,,
2011,1,771001,13.14516129032258,771001,tarauaca,AC,19.235570820881623,,,,,,,,,,,,,,,,,,
2011,1,872000,3.6774193548387095,872000,marechal thaumaturgo,AC,10.887392540960535,,,,,,,,,,,,,,,,,,
2011,1,967005,6.751612903225807,967005,senador guiomard,AC,6.996445995365999,,,,,,,,,,,,,,,,,,
2011,1,968004,8.829032258064515,968004,bujari,AC,9.566167963089004,,,,,,,,,,,,,,,,,,
2011,1,968005,5.683870967741935,968005,sena madureira,AC,39.3915287966697,,,,,,,,,,,,,,,,,,
2011,1,972000,5.083870967741936,972000,marechal thaumaturgo,AC,10.887392540960535,,,,,,,,,,,,,,,,,,
2011,1,1067002,3.903225806451613,1067002,placido de castro,AC,6.949846875922498,,,,,,,,,,,,,,,,,,
2011,1,1067003,0.4483870967741936,1067003,capixaba,AC,9.456904231624785,,,,,,,,,,,,,,,,,,
2011,1,1068000,5.67741935483871,1068000,xapuri,AC,14.757338718292807,,,,,,,,,,,,,,,,,,
2011,1,8050000,6.551612903225807,8050000,macapa,AP,0.8295324873449651,,,,,,,,,,,,,,,,,,
2011,1,8050001,15.519354838709676,8050001,macapa,AP,0.8295324873449651,,,,,,,,,,,,,,,,,,
2011,1,8051010,15.96774193548387,8051010,macapa,AP,0.8295324873449651,,,,,,,,,,,,,,,,,,
2011,1,8051012,9.241935483870968,8051012,porto grande,AP,2.529091783887605,,,,,,,,,,,,,,,,,,
2011,1,8052000,7.964516129032258,8052000,serra do navio,AP,0.0774722363507171,,,,,,,,,,,,,,,,,,
2011,1,8150000,11.96774193548387,8150000,tartarugalzinho,AP,2.116686176639203,,,,,,,,,,,,,,,,,,
2011,1,8150001,2.293548387096774,8150001,tartarugalzinho,AP,2.116686176639203,,,,,,,,,,,,,,,,,,
2011,1,8151000,9.982352941176472,8151000,tartarugalzinho,AP,2.116686176639203,,,,,,,,,,,,,,,,,,
2011,1,8250002,24.274193548387096,8250002,calcoene,AP,1.0342464277064032,,,,,,,,,,,,,,,,,,
2011,1,8250003,27.967741935483872,8250003,amapa,AP,0.2090488003867988,,,,,,,,,,,,,,,,,,
2011,1,8251001,1.723809523809524,8251001,calcoene,AP,1.0342464277064032,,,,,,,,,,,,,,,,,,
2011,1,8251004,16.70967741935484,8251004,oiapoque,AP,2.0891620238213906,AP,0.830272952853598,1008.7049627791564,1009.0146401985112,1008.412158808933,1054.994540942928,25.842183622828784,22.84863523573201,26.61290322580645,24.947642679900746,23.530024813895785,22.191563275434245,88.3622828784119,80.83126550868487,84.42431761786601,107.66749379652606,4.596526054590571,1.473697270471464
2011,1,8351002,11.212903225806452,8351002,oiapoque,AP,2.0891620238213906,AP,0.830272952853598,1008.7049627791564,1009.0146401985112,1008.412158808933,1054.994540942928,25.842183622828784,22.84863523573201,26.61290322580645,24.947642679900746,23.530024813895785,22.191563275434245,88.3622828784119,80.83126550868487,84.42431761786601,107.66749379652606,4.596526054590571,1.473697270471464
2011,2,51002,4.982142857142857,51002,mazagao,AP,1.5229688759827362,,,,,,,,,,,,,,,,,,
2011,2,51004,8.364285714285714,51004,mazagao,AP,1.5229688759827362,,,,,,,,,,,,,,,,,,
2011,2,52003,9.49642857142857,52003,mazagao,AP,1.5229688759827362,,,,,,,,,,,,,,,,,,
2011,2,771001,16.446428571428573,771001,tarauaca,AC,19.235570820881623,,,,,,,,,,,,,,,,,,
2011,2,872000,8.810714285714285,872000,marechal thaumaturgo,AC,10.887392540960535,,,,,,,,,,,,,,,,,,
2011,2,967005,8.553571428571429,967005,senador guiomard,AC,6.996445995365999,,,,,,,,,,,,,,,,,,
2011,2,968004,11.428571428571429,968004,bujari,AC,9.566167963089004,,,,,,,,,,,,,,,,,,
2011,2,968005,9.392857142857142,968005,sena madureira,AC,39.3915287966697,,,,,,,,,,,,,,,,,,
2011,2,972000,7.214285714285714,972000,marechal thaumaturgo,AC,10.887392540960535,,,,,,,,,,,,,,,,,,
2011,2,1067002,11.985714285714286,1067002,placido de castro,AC,6.949846875922498,,,,,,,,,,,,,,,,,,
2011,2,1067003,0.4107142857142857,1067003,capixaba,AC,9.456904231624785,,,,,,,,,,,,,,,,,,
2011,2,1068000,4.071428571428571,1068000,xapuri,AC,14.757338718292807,,,,,,,,,,,,,,,,,,
2011,2,8050000,6.25,8050000,macapa,AP,0.8295324873449651,,,,,,,,,,,,,,,,,,
2011,2,8050001,25.65357142857143,8050001,macapa,AP,0.8295324873449651,,,,,,,,,,,,,,,,,,
2011,2,8051010,12.703571428571427,8051010,macapa,AP,0.8295324873449651,,,,,,,,,,,,,,,,,,
2011,2,8051012,9.164285714285715,8051012,porto grande,AP,2.529091783887605,,,,,,,,,,,,,,,,,,
2011,2,8052000,11.653571428571428,8052000,serra do navio,AP,0.0774722363507171,,,,,,,,,,,,,,,,,,
2011,2,8150000,18.892857142857142,8150000,tartarugalzinho,AP,2.116686176639203,,,,,,,,,,,,,,,,,,
2011,2,8150001,20.335714285714285,8150001,tartarugalzinho,AP,2.116686176639203,,,,,,,,,,,,,,,,,,
2011,2,8151000,18.142857142857142,8151000,tartarugalzinho,AP,2.116686176639203,,,,,,,,,,,,,,,,,,
2011,2,8250002,30.825,8250002,calcoene,AP,1.0342464277064032,,,,,,,,,,,,,,,,,,
2011,2,8250003,32.00714285714286,8250003,amapa,AP,0.2090488003867988,,,,,,,,,,,,,,,,,,
2011,2,8251001,25.525000000000002,8251001,calcoene,AP,1.0342464277064032,,,,,,,,,,,,,,,,,,
2011,2,8251004,28.785714285714285,8251004,oiapoque,AP,2.0891620238213906,AP,0.0,1012.2666666666668,1012.6,1012.1,1436.8666666666668,26.23333333333333,23.96666666666667,26.3,24.433333333333334,24.133333333333336,22.8,92.0,86.0,87.33333333333333,184.0,2.566666666666667,1.1333333333333333
2011,2,8351002,19.935714285714283,8351002,oiapoque,AP,2.0891620238213906,AP,0.0,1012.2666666666668,1012.6,1012.1,1436.8666666666668,26.23333333333333,23.96666666666667,26.3,24.433333333333334,24.133333333333336,22.8,92.0,86.0,87.33333333333333,184.0,2.566666666666667,1.1333333333333333
2011,3,51002,7.66774193548387,51002,mazagao,AP,1.5229688759827362,,,,,,,,,,,,,,,,,,
2011,3,51004,12.209677419354838,51004,mazagao,AP,1.5229688759827362,,,,,,,,,,,,,,,,,,
2011,3,52003,8.958064516129031,52003,mazagao,AP,1.5229688759827362,,,,,,,,,,,,,,,,,,
2011,3,771001,11.141935483870967,771001,tarauaca,AC,19.235570820881623,,,,,,,,,,,,,,,,,,
2011,3,872000,14.274193548387096,872000,marechal thaumaturgo,AC,10.887392540960535,AC,0.6493975903614457,982.937951807229,983.4469879518072,982.5963855421688,1269.3487951807228,26.23192771084337,22.76506024096385,27.221686746987952,25.29156626506024,23.56024096385542,22.056024096385546,86.71686746987952,77.65060240963855,82.21084337349397,149.66867469879517,4.405421686746988,1.67289156626506
2011,3,968004,7.690322580645161,968004,bujari,AC,9.566167963089004,,,,,,,,,,,,,,,,,,
2011,3,968005,7.529032258064516,968005,sena madureira,AC,39.3915287966697,,,,,,,,,,,,,,,,,,
2011,3,972000,13.44516129032258,972000,marechal thaumaturgo,AC,10.887392540960535,AC,0.6493975903614457,982.937951807229,983.4469879518072,982.5963855421688,1269.3487951807228,26.23192771084337,22.76506024096385,27.221686746987952,25.29156626506024,23.56024096385542,22.056024096385546,86.71686746987952,77.65060240963855,82.21084337349397,149.66867469879517,4.405421686746988,1.67289156626506
2011,3,1067002,12.438709677419356,1067002,placido de castro,AC,6.949846875922498,,,,,,,,,,,,,,,,,,
2011,3,1067003,1.664516129032258,1067003,capixaba,AC,9.456904231624785,,,,,,,,,,,,,,,,,,
2011,3,1068000,13.093548387096773,1068000,xapuri,AC,14.757338718292807,,,,,,,,,,,,,,,,,,
2011,3,8050000,4.309677419354839,8050000,macapa,AP,0.8295324873449651,,,,,,,,,,,,,,,,,,
2011,3,8050001,11.806451612903226,8050001,macapa,AP,0.8295324873449651,,,,,,,,,,,,,,,,,,
2011,3,8051010,15.783870967741937,8051010,macapa,AP,0.8295324873449651,,,,,,,,,,,,,,,,,,
2011,3,8051012,9.274193548387096,8051012,porto grande,AP,2.529091783887605,,,,,,,,,,,,,,,,,,
2011,3,8052000,10.009677419354839,8052000,serra do navio,AP,0.0774722363507171,,,,,,,,,,,,,,,,,,
2011,3,8150000,13.819354838709677,8150000,tartarugalzinho,AP,2.116686176639203,,,,,,,,,,,,,,,,,,
2011,3,8150001,11.062068965517241,8150001,tartarugalzinho,AP,2.116686176639203,,,,,,,,,,,,,,,,,,
2011,3,8151000,15.635483870967743,8151000,tartarugalzinho,AP,2.116686176639203,,,,,,,,,,,,,,,,,,
2011,3,8250002,26.17096774193548,8250002,calcoene,AP,1.0342464277064032,,,,,,,,,,,,,,,,,,
2011,3,8250003,17.19677419354839,8250003,amapa,AP,0.2090488003867988,,,,,,,,,,,,,,,,,,
2011,3,8251001,20.770967741935483,8251001,calcoene,AP,1.0342464277064032,,,,,,,,,,,,,,,,,,
2011,3,8251004,20.480645161290322,8251004,oiapoque,AP,2.0891620238213906,AP,0.0,1012.5,1013.2,1012.5,953.4,25.4,22.5,25.5,25.1,23.4,22.4,89.0,84.0,84.0,260.0,1.9,0.7
2011,3,8351002,14.780645161290321,8351002,oiapoque,AP,2.0891620238213906,AP,0.0,1012.5,1013.2,1012.5,953.4,25.4,22.5,25.5,25.1,23.4,22.4,89.0,84.0,84.0,260.0,1.9,0.7
2011,4,51002,6.776666666666666,51002,mazagao,AP,1.5229688759827362,,,,,,,,,,,,,,,,,,
2011,4,51004,6.203333333333333,51004,mazagao,AP,1.5229688759827362,,,,,,,,,,,,,,,,,,
2011,4,52003,12.65,52003,mazagao,AP,1.5229688759827362,,,,,,,,,,,,,,,,,,
2011,4,771001,6.52,771001,tarauaca,AC,19.235570820881623,,,,,,,,,,,,,,,,,,
2011,4,872000,7.256666666666666,872000,marechal thaumaturgo,AC,10.887392540960535,AC,0.5606299212598425,983.7280839895012,984.2286089238844,983.4364829396324,1256.2007874015749,26.38346456692913,22.612335958005247,27.155905511811024,25.54041994750656,23.34094488188976,21.90839895013124,85.19160104986877,76.98950131233596,81.0,158.7217847769029,4.2464566929133865,1.7202099737532808
2011,4,968004,6.159999999999999,968004,bujari,AC,9.566167963089004,,,,,,,,,,,,,,,,,,
2011,4,968005,7.7733333333333325,968005,sena madureira,AC,39.3915287966697,,,,,,,,,,,,,,,,,,
2011,4,972000,8.136666666666667,972000,marechal thaumaturgo,AC,10.887392540960535,AC,0.5606299212598425,983.7280839895012,984.2286089238844,983.4364829396324,1256.2007874015749,26.38346456692913,22.612335958005247,27.155905511811024,25.54041994750656,23.34094488188976,21.90839895013124,85.19160104986877,76.98950131233596,81.0,158.7217847769029,4.2464566929133865,1.7202099737532808
2011,4,1067002,2.95,1067002,placido de castro,AC,6.949846875922498,,,,,,,,,,,,,,,,,,
2011,4,1067003,0.0,1067003,capixaba,AC,9.456904231624785,,,,,,,,,,,,,,,,,,
2011,4,1068000,7.253333333333333,1068000,xapuri,AC,14.757338718292807,,,,,,,,,,,,,,,,,,
2011,4,8050000,3.8866666666666663,8050000,macapa,AP,0.8295324873449651,,,,,,,,,,,,,,,,,,
2011,4,8050001,6.283333333333333,8050001,macapa,AP,0.8295324873449651,,,,,,,,,,,,,,,,,,
2011,4,8051010,18.586666666666666,8051010,macapa,AP,0.8295324873449651,,,,,,,,,,,,,,,,,,
2011,4,8051012,11.166666666666666,8051012,porto grande,AP,2.529091783887605,,,,,,,,,,,,,,,,,,
2011,4,8052000,13.536666666666667,8052000,serra do navio,AP,0.0774722363507171,,,,,,,,,,,,,,,,,,
2011,4,8150000,16.33,8150000,tartarugalzinho,AP,2.116686176639203,,,,,,,,,,,,,,,,,,
2011,4,8150001,18.4,8150001,tartarugalzinho,AP,2.116686176639203,,,,,,,,,,,,,,,,,,
2011,4,8151000,15.143333333333334,8151000,tartarugalzinho,AP,2.116686176639203,,,,,,,,,,,,,,,,,,
2011,4,8250002,24.339999999999996,8250002,calcoene,AP,1.0342464277064032,,,,,,,,,,,,,,,,,,
2011,4,8250003,24.073333333333334,8250003,amapa,AP,0.2090488003867988,,,,,,,,,,,,,,,,,,
2011,4,8251001,15.873333333333333,8251001,calcoene,AP,1.0342464277064032,,,,,,,,,,,,,,,,,,
2011,4,8251004,17.95,8251004,oiapoque,AP,2.0891620238213906,,,,,,,,,,,,,,,,,,
2011,4,8351002,13.556666666666667,8351002,oiapoque,AP,2.0891620238213906,,,,,,,,,,,,,,,,,,
2011,5,51002,9.067741935483872,51002,mazagao,AP,1.5229688759827362,,,,,,,,,,,,,,,,,,
2011,5,51004,21.567741935483873,51004,mazagao,AP,1.5229688759827362,,,,,,,,,,,,,,,,,,
2011,5,52003,12.64516129032258,52003,mazagao,AP,1.5229688759827362,,,,,,,,,,,,,,,,,,
2011,5,771001,4.658064516129032,771001,tarauaca,AC,19.235570820881623,,,,,,,,,,,,,,,,,,
2011,5,872000,5.47741935483871,872000,marechal thaumaturgo,AC,10.887392540960535,AC,0.4249363867684478,985.088040712468,985.493893129771,984.8371501272264,1199.1035623409668,25.827226463104328,21.578625954198472,26.56386768447837,24.946310432569973,22.27277353689568,20.831552162849874,83.04580152671755,74.63867684478372,78.6615776081425,173.0763358778626,4.233078880407125,1.713740458015267
2011,5,968004,3.6258064516129034,968004,bujari,AC,9.566167963089004,,,,,,,,,,,,,,,,,,
2011,5,968005,2.287096774193548,968005,sena madureira,AC,39.3915287966697,,,,,,,,,,,,,,,,,,
2011,5,972000,0.6774193548387096,972000,marechal thaumaturgo,AC,10.887392540960535,AC,0.4249363867684478,985.088040712468,985.493893129771,984.8371501272264,1199.1035623409668,25.827226463104328,21.578625954198472,26.56386768447837,24.946310432569973,22.27277353689568,20.831552162849874,83.04580152671755,74.63867684478372,78.6615776081425,173.0763358778626,4.233078880407125,1.713740458015267
2011,5,1067002,0.27419354838709675,1067002,placido de castro,AC,6.949846875922498,,,,,,,,,,,,,,,,,,
2011,5,1067003,1.0903225806451613,1067003,capixaba,AC,9.456904231624785,,,,,,,,,,,,,,,,,,
2011,5,1068000,1.993548387096774,1068000,xapuri,AC,14.757338718292807,,,,,,,,,,,,,,,,,,
2011,5,8050000,4.551612903225807,8050000,macapa,AP,0.8295324873449651,,,,,,,,,,,,,,,,,,
2011,5,8050001,11.296774193548387,8050001,macapa,AP,0.8295324873449651,,,,,,,,,,,,,,,,,,
2011,5,8051010,9.641935483870967,8051010,macapa,AP,0.8295324873449651,,,,,,,,,,,,,,,,,,
2011,5,8051012,12.283870967741937,8051012,porto grande,AP,2.529091783887605,,,,,,,,,,,,,,,,,,
2011,5,8052000,12.116129032258065,8052000,serra do navio,AP,0.0774722363507171,,,,,,,,,,,,,,,,,,
2011,5,8150000,12.829032258064515,8150000,tartarugalzinho,AP,2.116686176639203,,,,,,,,,,,,,,,,,,
2011,5,8150001,16.541935483870965,8150001,tartarugalzinho,AP,2.116686176639203,,,,,,,,,,,,,,,,,,
2011,5,8151000,12.722580645161292,8151000,tartarugalzinho,AP,2.116686176639203,,,,,,,,,,,,,,,,,,
2011,5,8250002,23.758064516129032,8250002,calcoene,AP,1.0342464277064032,,,,,,,,,,,,,,,,,,
2011,5,8250003,18.69677419354839,8250003,amapa,AP,0.2090488003867988,,,,,,,,,,,,,,,,,,
2011,5,8251001,19.406451612903226,8251001,calcoene,AP,1.0342464277064032,,,,,,,,,,,,,,,,,,
2011,5,8251004,19.91290322580645,8251004,oiapoque,AP,2.0891620238213906,AP,0.2,1010.3,1010.6,1010.3,1814.9,28.0,25.4,28.7,27.0,26.6,24.9,92.0,81.0,86.0,160.0,3.8,0.9
2011,5,8351002,23.770967741935483,8351002,oiapoque,AP,2.0891620238213906,AP,0.2,1010.3,1010.6,1010.3,1814.9,28.0,25.4,28.7,27.0,26.6,24.9,92.0,81.0,86.0,160.0,3.8,0.9
2011,6,51002,5.183333333333334,51002,mazagao,AP,1.5229688759827362,,,,,,,,,,,,,,,,,,
2011,6,51004,12.97,51004,mazagao,AP,1.5229688759827362,,,,,,,,,,,,,,,,,,
2011,6,52003,5.786666666666666,52003,mazagao,AP,1.5229688759827362,,,,,,,,,,,,,,,,,,
2011,6,771001,1.0266666666666666,771001,tarauaca,AC,19.235570820881623,,,,,,,,,,,,,,,,,,
2011,6,872000,0.67,872000,marechal thaumaturgo,AC,10.887392540960535,AC,0.1777173913043478,985.6771739130436,986.0663043478262,985.4483695652174,1068.747554347826,26.213043478260868,21.614945652173912,27.04076086956522,25.213315217391305,22.36847826086957,20.73804347826087,81.67391304347827,72.7336956521739,77.10597826086956,157.33423913043478,3.7875,1.5505434782608696
2011,6,968004,0.3733333333333333,968004,bujari,AC,9.566167963089004,,,,,,,,,,,,,,,,,,
2011,6,968005,1.7533333333333334,968005,sena madureira,AC,39.3915287966697,,,,,,,,,,,,,,,,,,
2011,6,972000,0.15333333333333332,972000,marechal thaumaturgo,AC,10.887392540960535,AC,0.1777173913043478,985.6771739130436,986.0663043478262,985.4483695652174,1068.747554347826,26.213043478260868,21.614945652173912,27.04076086956522,25.213315217391305,22.36847826086957,20.73804347826087,81.67391304347827,72.7336956521739,77.10597826086956,157.33423913043478,3.7875,1.5505434782608696
2011,6,1067002,1.38,1067002,placido de castro,AC,6.949846875922498,,,,,,,,,,,,,,,,,,
2011,6,1067003,0.2966666666666667,1067003,capixaba,AC,9.456904231624785,,,,,,,,,,,,,,,,,,
2011,6,1068000,0.6133333333333333,1068000,xapuri,AC,14.757338718292807,,,,,,,,,,,,,,,,,,
2011,6,8050000,0.73,8050000,macapa,AP,0.8295324873449651,,,,,,,,,,,,,,,,,,
2011,6,8050001,6.543333333333334,8050001,macapa,AP,0.8295324873449651,,,,,,,,,,,,,,,,,,
2011,6,8051010,13.983333333333333,8051010,macapa,AP,0.8295324873449651,,,,,,,,,,,,,,,,,,
2011,6,8051012,5.459999999999999,8051012,porto grande,AP,2.529091783887605,,,,,,,,,,,,,,,,,,
2011,6,8052000,5.21,8052000,serra do navio,AP,0.0774722363507171,,,,,,,,,,,,,,,,,,
2011,6,8150000,8.573333333333332,8150000,tartarugalzinho,AP,2.116686176639203,,,,,,,,,,,,,,,,,,
2011,6,8150001,11.456666666666667,8150001,tartarugalzinho,AP,2.116686176639203,,,,,,,,,,,,,,,,,,
2011,6,8151000,8.313333333333334,8151000,tartarugalzinho,AP,2.116686176639203,,,,,,,,,,,,,,,,,,
2011,6,8250002,12.49,8250002,calcoene,AP,1.0342464277064032,,,,,,,,,,,,,,,,,,
2011,6,8250003,16.1,8250003,amapa,AP,0.2090488003867988,,,,,,,,,,,,,,,,,,
2011,6,8251001,6.133333333333334,8251001,calcoene,AP,1.0342464277064032,,,,,,,,,,,,,,,,,,
2011,6,8251004,8.006666666666666,8251004,oiapoque,AP,2.0891620238213906,,,,,,,,,,,,,,,,,,
2011,6,8351002,9.313333333333333,8351002,oiapoque,AP,2.0891620238213906,,,,,,,,,,,,,,,,,,
2011,7,51002,2.641935483870968,51002,mazagao,AP,1.5229688759827362,,,,,,,,,,,,,,,,,,
2011,7,51004,6.938709677419355,51004,mazagao,AP,1.5229688759827362,,,,,,,,,,,,,,,,,,
2011,7,52003,4.493548387096775,52003,mazagao,AP,1.5229688759827362,,,,,,,,,,,,,,,,,,
2011,7,771001,0.39354838709677414,771001,tarauaca,AC,19.235570820881623,,,,,,,,,,,,,,,,,,
2011,7,872000,0.8387096774193549,872000,marechal thaumaturgo,AC,10.887392540960535,AC,0.060752688172043,985.489247311828,985.891935483871,985.271505376344,1218.909946236559,27.43279569892473,20.734408602150538,28.360483870967744,26.20833333333333,21.593817204301075,19.813172043010752,74.3763440860215,64.87903225806451,69.01075268817205,142.1290322580645,4.235752688172044,1.728494623655914
2011,7,968004,0.4580645161290323,968004,bujari,AC,9.566167963089004,,,,,,,,,,,,,,,,,,
2011,7,968005,0.23225806451612901,968005,sena madureira,AC,39.3915287966697,,,,,,,,,,,,,,,,,,
2011,7,972000,1.6612903225806452,972000,marechal thaumaturgo,AC,10.887392540960535,AC,0.060752688172043,985.489247311828,985.891935483871,985.271505376344,1218.909946236559,27.43279569892473,20.734408602150538,28.360483870967744,26.20833333333333,21.593817204301075,19.813172043010752,74.3763440860215,64.87903225806451,69.01075268817205,142.1290322580645,4.235752688172044,1.728494623655914
2011,7,1067002,0.0,1067002,placido de castro,AC,6.949846875922498,,,,,,,,,,,,,,,,,,
2011,7,1067003,0.43548387096774194,1067003,capixaba,AC,9.456904231624785,,,,,,,,,,,,,,,,,,
2011,7,1068000,0.2967741935483871,1068000,xapuri,AC,14.757338718292807,,,,,,,,,,,,,,,,,,
2011,7,8050000,2.4451612903225803,8050000,macapa,AP,0.8295324873449651,,,,,,,,,,,,,,,,,,
2011,7,8050001,4.874193548387097,8050001,macapa,AP,0.8295324873449651,,,,,,,,,,,,,,,,,,
2011,7,8051010,7.038709677419354,8051010,macapa,AP,0.8295324873449651,,,,,,,,,,,,,,,,,,
2011,7,8051012,6.567741935483871,8051012,porto grande,AP,2.529091783887605,,,,,,,,,,,,,,,,,,
2011,7,8052000,7.34516129032258,8052000,serra do navio,AP,0.0774722363507171,,,,,,,,,,,,,,,,,,
2011,7,8150000,5.409677419354838,8150000,tartarugalzinho,AP,2.116686176639203,,,,,,,,,,,,,,,,,,
2011,7,8150001,6.909677419354839,8150001,tartarugalzinho,AP,2.116686176639203,,,,,,,,,,,,,,,,,,
2011,7,8151000,6.14,8151000,tartarugalzinho,AP,2.116686176639203,,,,,,,,,,,,,,,,,,
2011,7,8250002,10.038709677419355,8250002,calcoene,AP,1.0342464277064032,,,,,,,,,,,,,,,,,,
2011,7,8250003,14.848387096774195,8250003,amapa,AP,0.2090488003867988,,,,,,,,,,,,,,,,,,
2011,7,8251001,4.980645161290322,8251001,calcoene,AP,1.0342464277064032,,,,,,,,,,,,,,,,,,
2011,7,8251004,8.638709677419355,8251004,oiapoque,AP,2.0891620238213906,,,,,,,,,,,,,,,,,,
2011,7,8351002,7.793548387096774,8351002,oiapoque,AP,2.0891620238213906,,,,,,,,,,,,,,,,,,
2011,8,51002,0.7580645161290323,51002,mazagao,AP,1.5229688759827362,,,,,,,,,,,,,,,,,,
2011,8,51004,2.1516129032258067,51004,mazagao,AP,1.5229688759827362,,,,,,,,,,,,,,,,,,
2011,8,52003,0.7258064516129032,52003,mazagao,AP,1.5229688759827362,,,,,,,,,,,,,,,,,,
2011,8,771001,0.38387096774193546,771001,tarauaca,AC,19.235570820881623,,,,,,,,,,,,,,,,,,
2011,8,872000,2.6129032258064515,872000,marechal thaumaturgo,AC,10.887392540960535,AC,0.1596816976127321,985.8551724137932,986.3066312997348,985.599204244032,1455.4782493368702,27.043766578249336,19.655172413793103,27.94005305039788,25.82758620689655,20.49045092838196,18.683023872679044,71.88328912466844,62.244031830238725,66.50397877984085,178.56498673740052,4.6244031830238725,1.887267904509284
2011,8,968004,0.45806451612903226,968004,bujari,AC,9.566167963089004,,,,,,,,,,,,,,,,,,
2011,8,968005,0.9870967741935484,968005,sena madureira,AC,39.3915287966697,,,,,,,,,,,,,,,,,,
2011,8,972000,2.009677419354839,972000,marechal thaumaturgo,AC,10.887392540960535,AC,0.1596816976127321,985.8551724137932,986.3066312997348,985.599204244032,1455.4782493368702,27.043766578249336,19.655172413793103,27.94005305039788,25.82758620689655,20.49045092838196,18.683023872679044,71.88328912466844,62.244031830238725,66.50397877984085,178.56498673740052,4.6244031830238725,1.887267904509284
2011,8,1067002,1.429032258064516,1067002,placido de castro,AC,6.949846875922498,,,,,,,,,,,,,,,,,,
2011,8,1067003,0.17096774193548386,1067003,capixaba,AC,9.456904231624785,,,,,,,,,,,,,,,,,,
2011,8,1068000,0.9096774193548388,1068000,xapuri,AC,14.757338718292807,,,,,,,,,,,,,,,,,,
2011,8,8050000,0.6129032258064516,8050000,macapa,AP,0.8295324873449651,,,,,,,,,,,,,,,,,,
2011,8,8050001,1.0064516129032257,8050001,macapa,AP,0.8295324873449651,,,,,,,,,,,,,,,,,,
2011,8,8051010,2.070967741935484,8051010,macapa,AP,0.8295324873449651,,,,,,,,,,,,,,,,,,
2011,8,8051012,6.864516129032258,8051012,porto grande,AP,2.529091783887605,,,,,,,,,,,,,,,,,,
2011,8,8052000,3.896774193548387,8052000,serra do navio,AP,0.0774722363507171,,,,,,,,,,,,,,,,,,
2011,8,8150000,2.9322580645161294,8150000,tartarugalzinho,AP,2.116686176639203,,,,,,,,,,,,,,,,,,
2011,8,8150001,3.948387096774194,8150001,tartarugalzinho,AP,2.116686176639203,,,,,,,,,,,,,,,,,,
2011,8,8151000,3.2483870967741932,8151000,tartarugalzinho,AP,2.116686176639203,,,,,,,,,,,,,,,,,,
2011,8,8250002,1.5870967741935484,8250002,calcoene,AP,1.0342464277064032,,,,,,,,,,,,,,,,,,
2011,8,8250003,8.35483870967742,8250003,amapa,AP,0.2090488003867988,,,,,,,,,,,,,,,,,,
2011,8,8251001,2.448387096774194,8251001,calcoene,AP,1.0342464277064032,,,,,,,,,,,,,,,,,,
2011,8,8251004,1.8709677419354838,8251004,oiapoque,AP,2.0891620238213906,,,,,,,,,,,,,,,,,,
2011,8,8351002,4.609677419354839,8351002,oiapoque,AP,2.0891620238213906,,,,,,,,,,,,,,,,,,
2011,9,51002,0.69,51002,mazagao,AP,1.5229688759827362,,,,,,,,,,,,,,,,,,
2011,9,51004,0.35333333333333333,51004,mazagao,AP,1.5229688759827362,,,,,,,,,,,,,,,,,,
2011,9,52003,0.0,52003,mazagao,AP,1.5229688759827362,,,,,,,,,,,,,,,,,,
2011,9,872000,5.026666666666666,872000,marechal thaumaturgo,AC,10.887392540960535,AC,0.2753926701570681,985.5204188481677,986.0314136125654,985.2138743455498,1357.698167539267,27.354712041884817,21.191361256544504,28.18115183246073,26.28874345549738,22.04502617801048,20.365968586387435,76.50523560209425,67.50261780104712,71.42670157068063,182.1204188481676,4.618324607329843,1.874869109947644
2011,9,968005,2.163333333333333,968005,sena madureira,AC,39.3915287966697,,,,,,,,,,,,,,,,,,
2011,9,972000,4.9366666666666665,972000,marechal thaumaturgo,AC,10.887392540960535,AC,0.2753926701570681,985.5204188481677,986.0314136125654,985.2138743455498,1357.698167539267,27.354712041884817,21.191361256544504,28.18115183246073,26.28874345549738,22.04502617801048,20.365968586387435,76.50523560209425,67.50261780104712,71.42670157068063,182.1204188481676,4.618324607329843,1.874869109947644
2011,9,8050000,0.11000000000000001,8050000,macapa,AP,0.8295324873449651,,,,,,,,,,,,,,,,,,
2011,9,8050001,0.26999999999999996,8050001,macapa,AP,0.8295324873449651,,,,,,,,,,,,,,,,,,
2011,9,8051010,0.5733333333333335,8051010,macapa,AP,0.8295324873449651,,,,,,,,,,,,,,,,,,
2011,9,8051012,3.756666666666667,8051012,porto grande,AP,2.529091783887605,,,,,,,,,,,,,,,,,,
2011,9,8052000,2.8433333333333333,8052000,serra do navio,AP,0.0774722363507171,,,,,,,,,,,,,,,,,,
2011,9,8150000,3.0366666666666666,8150000,tartarugalzinho,AP,2.116686176639203,,,,,,,,,,,,,,,,,,
2011,9,8150001,1.54,8150001,tartarugalzinho,AP,2.116686176639203,,,,,,,,,,,,,,,,,,
2011,9,8151000,0.9,8151000,tartarugalzinho,AP,2.116686176639203,,,,,,,,,,,,,,,,,,
2011,9,8250002,1.2133333333333334,8250002,calcoene,AP,1.0342464277064032,,,,,,,,,,,,,,,,,,
2011,9,8250003,2.8100000000000005,8250003,amapa,AP,0.2090488003867988,,,,,,,,,,,,,,,,,,
2011,9,8251001,0.15,8251001,calcoene,AP,1.0342464277064032,,,,,,,,,,,,,,,,,,
2011,9,8251004,2.0100000000000002,8251004,oiapoque,AP,2.0891620238213906,,,,,,,,,,,,,,,,,,
2011,9,8351002,2.3299999999999996,8351002,oiapoque,AP,2.0891620238213906,,,,,,,,,,,,,,,,,,
2011,10,51002,0.4838709677419355,51002,mazagao,AP,1.5229688759827362,,,,,,,,,,,,,,,,,,
2011,10,51004,1.1870967741935483,51004,mazagao,AP,1.5229688759827362,,,,,,,,,,,,,,,,,,
2011,10,52003,0.06451612903225806,52003,mazagao,AP,1.5229688759827362,,,,,,,,,,,,,,,,,,
2011,10,872000,8.258064516129032,872000,marechal thaumaturgo,AC,10.887392540960535,AC,0.5192982456140351,982.3345864661654,982.8157894736842,981.9949874686716,1210.6533834586469,27.68521303258145,23.140350877192983,28.90551378446115,26.3719298245614,24.230075187969923,22.112280701754383,82.56641604010025,73.38847117794487,77.84962406015038,156.78446115288222,4.807017543859649,1.924561403508772
2011,10,968005,7.33225806451613,968005,sena madureira,AC,39.3915287966697,,,,,,,,,,,,,,,,,,
2011,10,972000,9.62258064516129,972000,marechal thaumaturgo,AC,10.887392540960535,AC,0.5192982456140351,982.3345864661654,982.8157894736842,981.9949874686716,1210.6533834586469,27.68521303258145,23.140350877192983,28.90551378446115,26.3719298245614,24.230075187969923,22.112280701754383,82.56641604010025,73.38847117794487,77.84962406015038,156.78446115288222,4.807017543859649,1.924561403508772
2011,10,8050000,0.08064516129032258,8050000,macapa,AP,0.8295324873449651,,,,,,,,,,,,,,,,,,
2011,10,8050001,0.45806451612903226,8050001,macapa,AP,0.8295324873449651,,,,,,,,,,,,,,,,,,
2011,10,8051010,5.932258064516129,8051010,macapa,AP,0.8295324873449651,,,,,,,,,,,,,,,,,,
2011,10,8051012,1.0225806451612904,8051012,porto grande,AP,2.529091783887605,,,,,,,,,,,,,,,,,,
2011,10,8052000,4.077419354838709,8052000,serra do navio,AP,0.0774722363507171,,,,,,,,,,,,,,,,,,
2011,10,8150000,2.8225806451612905,8150000,tartarugalzinho,AP,2.116686176639203,,,,,,,,,,,,,,,,,,
2011,10,8150001,3.7870967741935484,8150001,tartarugalzinho,AP,2.116686176639203,,,,,,,,,,,,,,,,,,
2011,10,8151000,0.4612903225806451,8151000,tartarugalzinho,AP,2.116686176639203,,,,,,,,,,,,,,,,,,
2011,10,8250002,3.0806451612903225,8250002,calcoene,AP,1.0342464277064032,,,,,,,,,,,,,,,,,,
2011,10,8250003,10.1,8250003,amapa,AP,0.2090488003867988,,,,,,,,,,,,,,,,,,
2011,10,8251001,3.2580645161290325,8251001,calcoene,AP,1.0342464277064032,,,,,,,,,,,,,,,,,,
2011,10,8251004,2.135483870967742,8251004,oiapoque,AP,2.0891620238213906,AP,0.2565597667638484,1008.034110787172,1008.3871720116616,1007.7463556851312,1494.1174927113702,28.33615160349854,22.78367346938776,29.188338192419828,27.274635568513123,23.54314868804665,21.89416909620991,78.90087463556851,69.04081632653062,73.76967930029154,135.29154518950438,4.078134110787172,1.3262390670553936
2011,10,8351002,4.864516129032259,8351002,oiapoque,AP,2.0891620238213906,AP,0.2565597667638484,1008.034110787172,1008.3871720116616,1007.7463556851312,1494.1174927113702,28.33615160349854,22.78367346938776,29.188338192419828,27.274635568513123,23.54314868804665,21.89416909620991,78.90087463556851,69.04081632653062,73.76967930029154,135.29154518950438,4.078134110787172,1.3262390670553936
2011,11,51002,0.7466666666666666,51002,mazagao,AP,1.5229688759827362,,,,,,,,,,,,,,,,,,
2011,11,51004,0.25666666666666665,51004,mazagao,AP,1.5229688759827362,,,,,,,,,,,,,,,,,,
2011,11,52003,0.8166666666666667,52003,mazagao,AP,1.5229688759827362,,,,,,,,,,,,,,,,,,
2011,11,872000,3.703333333333333,872000,marechal thaumaturgo,AC,10.887392540960535,AC,0.2234096692111959,981.7704834605596,982.2503816793894,981.5106870229008,1117.2776081424936,28.91857506361324,23.66412213740458,30.286513994910944,27.37786259541985,25.0587786259542,22.37735368956743,80.3206106870229,70.63104325699746,74.99236641221374,160.85241730279898,4.418066157760814,1.7944020356234098
2011,11,968005,5.62,968005,sena madureira,AC,39.3915287966697,,,,,,,,,,,,,,,,,,
2011,11,972000,9.770000000000001,972000,marechal thaumaturgo,AC,10.887392540960535,AC,0.2234096692111959,981.7704834605596,982.2503816793894,981.5106870229008,1117.2776081424936,28.91857506361324,23.66412213740458,30.286513994910944,27.37786259541985,25.0587786259542,22.37735368956743,80.3206106870229,70.63104325699746,74.99236641221374,160.85241730279898,4.418066157760814,1.7944020356234098
2011,11,8050000,0.043333333333333335,8050000,macapa,AP,0.8295324873449651,,,,,,,,,,,,,,,,,,
2011,11,8050001,0.21666666666666667,8050001,macapa,AP,0.8295324873449651,,,,,,,,,,,,,,,,,,
2011,11,8051010,2.0966666666666667,8051010,macapa,AP,0.8295324873449651,,,,,,,,,,,,,,,,,,
2011,11,8051012,0.9,8051012,porto grande,AP,2.529091783887605,,,,,,,,,,,,,,,,,,
2011,11,8052000,2.716666666666667,8052000,serra do navio,AP,0.0774722363507171,,,,,,,,,,,,,,,,,,
2011,11,8150000,0.37,8150000,tartarugalzinho,AP,2.116686176639203,,,,,,,,,,,,,,,,,,
2011,11,8150001,0.7799999999999999,8150001,tartarugalzinho,AP,2.116686176639203,,,,,,,,,,,,,,,,,,
2011,11,8151000,0.8966666666666667,8151000,tartarugalzinho,AP,2.116686176639203,,,,,,,,,,,,,,,,,,
2011,11,8250002,3.6199999999999997,8250002,calcoene,AP,1.0342464277064032,,,,,,,,,,,,,,,,,,
2011,11,8250003,8.21,8250003,amapa,AP,0.2090488003867988,,,,,,,,,,,,,,,,,,
2011,11,8251001,0.27666666666666667,8251001,calcoene,AP,1.0342464277064032,,,,,,,,,,,,,,,,,,
2011,11,8251004,2.6533333333333333,8251004,oiapoque,AP,2.0891620238213906,AP,0.2324468085106383,1008.355319148936,1008.7135638297872,1008.0784574468086,1392.0119680851064,27.86994680851064,23.04787234042553,28.75132978723404,26.79547872340425,23.80877659574468,22.21808510638298,81.99202127659575,71.8377659574468,76.60372340425532,118.79255319148936,3.941755319148936,1.2789893617021275
2011,11,8351002,4.1,8351002,oiapoque,AP,2.0891620238213906,AP,0.2324468085106383,1008.355319148936,1008.7135638297872,1008.0784574468086,1392.0119680851064,27.86994680851064,23.04787234042553,28.75132978723404,26.79547872340425,23.80877659574468,22.21808510638298,81.99202127659575,71.8377659574468,76.60372340425532,118.79255319148936,3.941755319148936,1.2789893617021275
2011,12,51002,0.6967741935483871,51002,mazagao,AP,1.5229688759827362,,,,,,,,,,,,,,,,,,
2011,12,51004,0.0,51004,mazagao,AP,1.5229688759827362,,,,,,,,,,,,,,,,,,
2011,12,52003,0.06451612903225806,52003,mazagao,AP,1.5229688759827362,,,,,,,,,,,,,,,,,,
2011,12,771001,9.78709677419355,771001,tarauaca,AC,19.235570820881623,,,,,,,,,,,,,,,,,,
2011,12,872000,6.496774193548387,872000,marechal thaumaturgo,AC,10.887392540960535,AC,0.1731051344743276,982.4894865525672,982.9449877750612,982.185085574572,714.6371638141809,27.6,23.74914425427873,28.962836185819068,26.18092909535452,25.06185819070905,22.604400977995112,85.5916870415648,76.51344743276283,80.76283618581907,147.11980440097798,4.56039119804401,1.8332518337408312
2011,12,968004,8.812903225806451,968004,bujari,AC,9.566167963089004,,,,,,,,,,,,,,,,,,
2011,12,968005,8.658064516129032,968005,sena madureira,AC,39.3915287966697,,,,,,,,,,,,,,,,,,
2011,12,972000,11.638709677419355,972000,marechal thaumaturgo,AC,10.887392540960535,AC,0.1731051344743276,982.4894865525672,982.9449877750612,982.185085574572,714.6371638141809,27.6,23.74914425427873,28.962836185819068,26.18092909535452,25.06185819070905,22.604400977995112,85.5916870415648,76.51344743276283,80.76283618581907,147.11980440097798,4.56039119804401,1.8332518337408312
2011,12,1067002,6.709677419354839,1067002,placido de castro,AC,6.949846875922498,,,,,,,,,,,,,,,,,,
2011,12,1067003,2.5928571428571425,1067003,capixaba,AC,9.456904231624785,,,,,,,,,,,,,,,,,,
2011,12,1068000,4.380645161290322,1068000,xapuri,AC,14.757338718292807,,,,,,,,,,,,,,,,,,
2011,12,8050000,0.1,8050000,macapa,AP,0.8295324873449651,,,,,,,,,,,,,,,,,,
2011,12,8050001,0.3096774193548387,8050001,macapa,AP,0.8295324873449651,,,,,,,,,,,,,,,,,,
2011,12,8051010,0.2967741935483871,8051010,macapa,AP,0.8295324873449651,,,,,,,,,,,,,,,,,,
2011,12,8051012,0.0,8051012,porto grande,AP,2.529091783887605,,,,,,,,,,,,,,,,,,
2011,12,8052000,1.7225806451612902,8052000,serra do navio,AP,0.0774722363507171,,,,,,,,,,,,,,,,,,
2011,12,8150000,0.6433333333333332,8150000,tartarugalzinho,AP,2.116686176639203,,,,,,,,,,,,,,,,,,
2011,12,8150001,1.5580645161290323,8150001,tartarugalzinho,AP,2.116686176639203,,,,,,,,,,,,,,,,,,
2011,12,8151000,1.396774193548387,8151000,tartarugalzinho,AP,2.116686176639203,,,,,,,,,,,,,,,,,,
2011,12,8250002,3.7483870967741937,8250002,calcoene,AP,1.0342464277064032,,,,,,,,,,,,,,,,,,
2011,12,8250003,6.925806451612903,8250003,amapa,AP,0.2090488003867988,,,,,,,,,,,,,,,,,,
2011,12,8251001,7.212903225806452,8251001,calcoene,AP,1.0342464277064032,,,,,,,,,,,,,,,,,,
2011,12,8251004,6.258064516129032,8251004,oiapoque,AP,2.0891620238213906,AP,0.3593052109181142,1008.9719602977668,1009.2789081885855,1008.6967741935484,1238.224317617866,27.169975186104217,22.87890818858561,28.02133995037221,26.140694789081888,23.64292803970224,22.138213399503723,83.99007444168734,74.3622828784119,78.88585607940446,109.46898263027296,4.274937965260546,1.3320099255583124
2011,12,8351002,3.861290322580645,8351002,oiapoque,AP,2.0891620238213906,AP,0.3593052109181142,1008.9719602977668,1009.2789081885855,1008.6967741935484,1238.224317617866,27.169975186104217,22.87890818858561,28.02133995037221,26.140694789081888,23.64292803970224,22.138213399503723,83.99007444168734,74.3622828784119,78.88585607940446,109.46898263027296,4.274937965260546,1.3320099255583124
2012,1,51002,2.7225806451612904,51002,mazagao,AP,4.487579233588009,,,,,,,,,,,,,,,,,,
2012,1,51004,4.699999999999999,51004,mazagao,AP,4.487579233588009,,,,,,,,,,,,,,,,,,
2012,1,52003,4.387096774193548,52003,mazagao,AP,4.487579233588009,,,,,,,,,,,,,,,,,,
2012,1,771001,10.148387096774192,771001,tarauaca,AC,28.83049586852469,,,,,,,,,,,,,,,,,,
2012,1,869000,9.290322580645162,869000,manoel urbano,AC,13.680466082014306,,,,,,,,,,,,,,,,,,
2012,1,872000,5.329032258064516,872000,marechal thaumaturgo,AC,3.6729682355930606,,,,,,,,,,,,,,,,,,
2012,1,967005,12.928571428571429,967005,senador guiomard,AC,2.413800332781603,,,,,,,,,,,,,,,,,,
2012,1,968004,17.483870967741936,968004,bujari,AC,10.10680741007767,,,,,,,,,,,,,,,,,,
2012,1,968005,9.138709677419355,968005,sena madureira,AC,38.45191106038187,,,,,,,,,,,,,,,,,,
2012,1,972000,8.667741935483871,972000,marechal thaumaturgo,AC,3.6729682355930606,,,,,,,,,,,,,,,,,,
2012,1,1067002,7.300000000000001,1067002,placido de castro,AC,3.868005218096698,,,,,,,,,,,,,,,,,,
2012,1,1067003,154.5,1067003,capixaba,AC,15.112407035998343,,,,,,,,,,,,,,,,,,
2012,1,1068000,12.251612903225807,1068000,xapuri,AC,18.32551849114729,,,,,,,,,,,,,,,,,,
2012,1,8050000,1.1935483870967742,8050000,macapa,AP,2.395376135656844,,,,,,,,,,,,,,,,,,
2012,1,8050001,10.119354838709677,8050001,macapa,AP,2.395376135656844,,,,,,,,,,,,,,,,,,
2012,1,8051010,10.387096774193548,8051010,macapa,AP,2.395376135656844,,,,,,,,,,,,,,,,,,
2012,1,8051012,15.735483870967743,8051012,porto grande,AP,2.704278178603476,,,,,,,,,,,,,,,,,,
2012,1,8052000,10.096774193548388,8052000,serra do navio,AP,0.0,,,,,,,,,,,,,,,,,,
2012,1,8150000,7.92,8150000,tartarugalzinho,AP,0.6817485866149553,,,,,,,,,,,,,,,,,,
2012,1,8150001,10.561290322580644,8150001,tartarugalzinho,AP,0.6817485866149553,,,,,,,,,,,,,,,,,,
2012,1,8151000,17.203333333333333,8151000,tartarugalzinho,AP,0.6817485866149553,,,,,,,,,,,,,,,,,,
2012,1,8250002,25.845161290322583,8250002,calcoene,AP,1.1097136405822794,,,,,,,,,,,,,,,,,,
2012,1,8250003,26.45483870967742,8250003,amapa,AP,0.0,,,,,,,,,,,,,,,,,,
2012,1,8251001,10.238709677419354,8251001,calcoene,AP,1.1097136405822794,,,,,,,,,,,,,,,,,,
2012,1,8251004,17.23225806451613,8251004,oiapoque,AP,2.3668090519152214,AP,0.8298507462686567,1009.8442786069652,1010.1492537313432,1009.5542288557214,858.015671641791,25.420149253731346,23.109701492537315,26.075621890547264,24.6726368159204,23.68084577114428,22.52686567164179,91.1318407960199,83.85323383084577,87.5,110.98507462686568,4.0308457711442784,1.237810945273632
2012,1,8351002,18.42,8351002,oiapoque,AP,2.3668090519152214,AP,0.8298507462686567,1009.8442786069652,1010.1492537313432,1009.5542288557214,858.015671641791,25.420149253731346,23.109701492537315,26.075621890547264,24.6726368159204,23.68084577114428,22.52686567164179,91.1318407960199,83.85323383084577,87.5,110.98507462686568,4.0308457711442784,1.237810945273632
2012,2,51002,7.103448275862069,51002,mazagao,AP,4.487579233588009,,,,,,,,,,,,,,,,,,
2012,2,51004,8.496551724137932,51004,mazagao,AP,4.487579233588009,,,,,,,,,,,,,,,,,,
2012,2,52003,6.624137931034483,52003,mazagao,AP,4.487579233588009,,,,,,,,,,,,,,,,,,
2012,2,771001,8.389655172413793,771001,tarauaca,AC,28.83049586852469,,,,,,,,,,,,,,,,,,
2012,2,869000,11.086206896551724,869000,manoel urbano,AC,13.680466082014306,,,,,,,,,,,,,,,,,,
2012,2,872000,9.875862068965516,872000,marechal thaumaturgo,AC,3.6729682355930606,,,,,,,,,,,,,,,,,,
2012,2,967005,10.213793103448275,967005,senador guiomard,AC,2.413800332781603,,,,,,,,,,,,,,,,,,
2012,2,968004,17.882758620689657,968004,bujari,AC,10.10680741007767,,,,,,,,,,,,,,,,,,
2012,2,968005,17.782758620689656,968005,sena madureira,AC,38.45191106038187,,,,,,,,,,,,,,,,,,
2012,2,972000,9.075862068965517,972000,marechal thaumaturgo,AC,3.6729682355930606,,,,,,,,,,,,,,,,,,
2012,2,1067002,13.73448275862069,1067002,placido de castro,AC,3.868005218096698,,,,,,,,,,,,,,,,,,
2012,2,1067003,0.41379310344827586,1067003,capixaba,AC,15.112407035998343,,,,,,,,,,,,,,,,,,
2012,2,1068000,15.73448275862069,1068000,xapuri,AC,18.32551849114729,,,,,,,,,,,,,,,,,,
2012,2,8050000,6.458620689655173,8050000,macapa,AP,2.395376135656844,,,,,,,,,,,,,,,,,,
2012,2,8050001,14.572413793103449,8050001,macapa,AP,2.395376135656844,,,,,,,,,,,,,,,,,,
2012,2,8051010,10.12758620689655,8051010,macapa,AP,2.395376135656844,,,,,,,,,,,,,,,,,,
2012,2,8051012,10.141379310344828,8051012,porto grande,AP,2.704278178603476,,,,,,,,,,,,,,,,,,
2012,2,8052000,12.289655172413791,8052000,serra do navio,AP,0.0,,,,,,,,,,,,,,,,,,
2012,2,8150000,15.62857142857143,8150000,tartarugalzinho,AP,0.6817485866149553,,,,,,,,,,,,,,,,,,
2012,2,8150001,18.944827586206895,8150001,tartarugalzinho,AP,0.6817485866149553,,,,,,,,,,,,,,,,,,
2012,2,8151000,22.862068965517242,8151000,tartarugalzinho,AP,0.6817485866149553,,,,,,,,,,,,,,,,,,
2012,2,8250002,35.206896551724135,8250002,calcoene,AP,1.1097136405822794,,,,,,,,,,,,,,,,,,
2012,2,8250003,42.45517241379311,8250003,amapa,AP,0.0,,,,,,,,,,,,,,,,,,
2012,2,8251001,18.36896551724138,8251001,calcoene,AP,1.1097136405822794,,,,,,,,,,,,,,,,,,
2012,2,8251004,21.093103448275862,8251004,oiapoque,AP,2.3668090519152214,AP,0.8885941644562334,1009.653050397878,1009.966578249337,1009.350397877984,912.3198938992042,25.1684350132626,22.73050397877984,25.822811671087536,24.48037135278515,23.28010610079576,22.1737400530504,90.27851458885942,83.37135278514589,86.92572944297082,108.53846153846152,4.1710875331564985,1.303448275862069
2012,2,8351002,22.282758620689656,8351002,oiapoque,AP,2.3668090519152214,AP,0.8885941644562334,1009.653050397878,1009.966578249337,1009.350397877984,912.3198938992042,25.1684350132626,22.73050397877984,25.822811671087536,24.48037135278515,23.28010610079576,22.1737400530504,90.27851458885942,83.37135278514589,86.92572944297082,108.53846153846152,4.1710875331564985,1.303448275862069
2012,3,51002,4.724137931034483,51002,mazagao,AP,4.487579233588009,,,,,,,,,,,,,,,,,,
2012,3,51004,10.570967741935483,51004,mazagao,AP,4.487579233588009,,,,,,,,,,,,,,,,,,
2012,3,52003,7.161290322580645,52003,mazagao,AP,4.487579233588009,,,,,,,,,,,,,,,,,,
2012,3,771001,6.441935483870967,771001,tarauaca,AC,28.83049586852469,,,,,,,,,,,,,,,,,,
2012,3,869000,10.896774193548387,869000,manoel urbano,AC,13.680466082014306,,,,,,,,,,,,,,,,,,
2012,3,872000,7.387096774193548,872000,marechal thaumaturgo,AC,3.6729682355930606,,,,,,,,,,,,,,,,,,
2012,3,967005,7.496774193548387,967005,senador guiomard,AC,2.413800332781603,,,,,,,,,,,,,,,,,,
2012,3,968004,12.258064516129032,968004,bujari,AC,10.10680741007767,,,,,,,,,,,,,,,,,,
2012,3,968005,11.100000000000001,968005,sena madureira,AC,38.45191106038187,,,,,,,,,,,,,,,,,,
2012,3,972000,13.106451612903227,972000,marechal thaumaturgo,AC,3.6729682355930606,,,,,,,,,,,,,,,,,,
2012,3,1067002,4.877419354838709,1067002,placido de castro,AC,3.868005218096698,,,,,,,,,,,,,,,,,,
2012,3,1067003,0.5161290322580645,1067003,capixaba,AC,15.112407035998343,,,,,,,,,,,,,,,,,,
2012,3,1068000,3.4258064516129028,1068000,xapuri,AC,18.32551849114729,,,,,,,,,,,,,,,,,,
2012,3,8050000,10.654838709677419,8050000,macapa,AP,2.395376135656844,,,,,,,,,,,,,,,,,,
2012,3,8050001,20.151612903225807,8050001,macapa,AP,2.395376135656844,,,,,,,,,,,,,,,,,,
2012,3,8051010,12.993548387096775,8051010,macapa,AP,2.395376135656844,,,,,,,,,,,,,,,,,,
2012,3,8051012,10.583870967741934,8051012,porto grande,AP,2.704278178603476,,,,,,,,,,,,,,,,,,
2012,3,8052000,10.212903225806452,8052000,serra do navio,AP,0.0,,,,,,,,,,,,,,,,,,
2012,3,8150000,11.66451612903226,8150000,tartarugalzinho,AP,0.6817485866149553,,,,,,,,,,,,,,,,,,
2012,3,8150001,12.251612903225807,8150001,tartarugalzinho,AP,0.6817485866149553,,,,,,,,,,,,,,,,,,
2012,3,8250002,16.051612903225806,8250002,calcoene,AP,1.1097136405822794,,,,,,,,,,,,,,,,,,
2012,3,8250003,28.758064516129032,8250003,amapa,AP,0.0,,,,,,,,,,,,,,,,,,
2012,3,8251001,8.419354838709678,8251001,calcoene,AP,1.1097136405822794,,,,,,,,,,,,,,,,,,
2012,3,8251004,9.348387096774195,8251004,oiapoque,AP,2.3668090519152214,AP,0.541439205955335,1010.267493796526,1010.6158808933004,1009.9888337468984,1081.372952853598,26.4181141439206,22.787841191067,27.135980148883373,25.540198511166256,23.47667493796526,22.12803970223325,85.92307692307692,77.8213399503722,81.58808933002481,85.85111662531017,4.6647642679900745,1.5712158808933003
2012,3,8351002,11.758064516129032,8351002,oiapoque,AP,2.3668090519152214,AP,0.541439205955335,1010.267493796526,1010.6158808933004,1009.9888337468984,1081.372952853598,26.4181141439206,22.787841191067,27.135980148883373,25.540198511166256,23.47667493796526,22.12803970223325,85.92307692307692,77.8213399503722,81.58808933002481,85.85111662531017,4.6647642679900745,1.5712158808933003
2012,4,51002,4.52,51002,mazagao,AP,4.487579233588009,,,,,,,,,,,,,,,,,,
2012,4,51004,11.196666666666665,51004,mazagao,AP,4.487579233588009,,,,,,,,,,,,,,,,,,
2012,4,52003,8.433333333333334,52003,mazagao,AP,4.487579233588009,,,,,,,,,,,,,,,,,,
2012,4,771001,13.973333333333333,771001,tarauaca,AC,28.83049586852469,,,,,,,,,,,,,,,,,,
2012,4,869000,7.6433333333333335,869000,manoel urbano,AC,13.680466082014306,,,,,,,,,,,,,,,,,,
2012,4,872000,8.770000000000001,872000,marechal thaumaturgo,AC,3.6729682355930606,AC,0.5757575757575758,983.3424242424244,983.8060606060606,983.030303030303,1093.8893939393938,26.809090909090912,23.12121212121212,27.78030303030303,25.706060606060603,23.96212121212121,22.3439393939394,86.07575757575758,77.34848484848484,81.43939393939394,130.71212121212122,4.631818181818182,1.6651515151515153
2012,4,967005,5.6866666666666665,967005,senador guiomard,AC,2.413800332781603,,,,,,,,,,,,,,,,,,
2012,4,968004,6.28,968004,bujari,AC,10.10680741007767,,,,,,,,,,,,,,,,,,
2012,4,968005,5.983333333333333,968005,sena madureira,AC,38.45191106038187,,,,,,,,,,,,,,,,,,
2012,4,972000,6.706666666666666,972000,marechal thaumaturgo,AC,3.6729682355930606,AC,0.5757575757575758,983.3424242424244,983.8060606060606,983.030303030303,1093.8893939393938,26.809090909090912,23.12121212121212,27.78030303030303,25.706060606060603,23.96212121212121,22.3439393939394,86.07575757575758,77.34848484848484,81.43939393939394,130.71212121212122,4.631818181818182,1.6651515151515153
2012,4,1067002,3.83,1067002,placido de castro,AC,3.868005218096698,,,,,,,,,,,,,,,,,,
2012,4,1067003,1.3,1067003,capixaba,AC,15.112407035998343,,,,,,,,,,,,,,,,,,
2012,4,1068000,5.48,1068000,xapuri,AC,18.32551849114729,,,,,,,,,,,,,,,,,,
2012,4,8050000,8.856666666666666,8050000,macapa,AP,2.395376135656844,,,,,,,,,,,,,,,,,,
2012,4,8050001,13.733333333333333,8050001,macapa,AP,2.395376135656844,,,,,,,,,,,,,,,,,,
2012,4,8051010,12.953333333333335,8051010,macapa,AP,2.395376135656844,,,,,,,,,,,,,,,,,,
2012,4,8051012,9.096666666666666,8051012,porto grande,AP,2.704278178603476,,,,,,,,,,,,,,,,,,
2012,4,8052000,12.8,8052000,serra do navio,AP,0.0,,,,,,,,,,,,,,,,,,
2012,4,8150000,12.093103448275862,8150000,tartarugalzinho,AP,0.6817485866149553,,,,,,,,,,,,,,,,,,
2012,4,8150001,11.526666666666667,8150001,tartarugalzinho,AP,0.6817485866149553,,,,,,,,,,,,,,,,,,
2012,4,8151000,14.82,8151000,tartarugalzinho,AP,0.6817485866149553,,,,,,,,,,,,,,,,,,
2012,4,8250002,19.35666666666667,8250002,calcoene,AP,1.1097136405822794,,,,,,,,,,,,,,,,,,
2012,4,8250003,25.773333333333333,8250003,amapa,AP,0.0,,,,,,,,,,,,,,,,,,
2012,4,8251001,8.870000000000001,8251001,calcoene,AP,1.1097136405822794,,,,,,,,,,,,,,,,,,
2012,4,8251004,19.086666666666666,8251004,oiapoque,AP,2.3668090519152214,AP,0.913624678663239,1009.6537275064268,1010.0,1009.3750642673524,1032.3444730077122,26.36683804627249,23.595372750642674,27.08817480719794,25.58740359897172,24.232904884318767,23.018766066838044,89.32390745501286,81.73778920308483,85.47043701799485,127.32390745501286,4.089203084832905,1.2897172236503855
2012,4,8351002,13.06,8351002,oiapoque,AP,2.3668090519152214,AP,0.913624678663239,1009.6537275064268,1010.0,1009.3750642673524,1032.3444730077122,26.36683804627249,23.595372750642674,27.08817480719794,25.58740359897172,24.232904884318767,23.018766066838044,89.32390745501286,81.73778920308483,85.47043701799485,127.32390745501286,4.089203084832905,1.2897172236503855
2012,5,51002,3.0064516129032257,51002,mazagao,AP,4.487579233588009,,,,,,,,,,,,,,,,,,
2012,5,52003,5.387096774193548,52003,mazagao,AP,4.487579233588009,,,,,,,,,,,,,,,,,,
2012,5,771001,6.6,771001,tarauaca,AC,28.83049586852469,,,,,,,,,,,,,,,,,,
2012,5,869000,5.9,869000,manoel urbano,AC,13.680466082014306,,,,,,,,,,,,,,,,,,
2012,5,872000,1.7666666666666666,872000,marechal thaumaturgo,AC,3.6729682355930606,AC,0.1602179836512261,985.1542234332424,985.6049046321526,984.9264305177112,1345.5027247956402,26.809536784741145,21.75340599455041,27.609536784741145,25.77138964577657,22.480381471389645,20.930517711171664,80.38692098092643,71.12534059945504,75.42779291553134,159.0,3.74141689373297,1.422615803814714
2012,5,967005,5.680645161290323,967005,senador guiomard,AC,2.413800332781603,,,,,,,,,,,,,,,,,,
2012,5,968004,1.7677419354838708,968004,bujari,AC,10.10680741007767,,,,,,,,,,,,,,,,,,
2012,5,968005,6.874193548387097,968005,sena madureira,AC,38.45191106038187,,,,,,,,,,,,,,,,,,
2012,5,972000,2.070967741935484,972000,marechal thaumaturgo,AC,3.6729682355930606,AC,0.1602179836512261,985.1542234332424,985.6049046321526,984.9264305177112,1345.5027247956402,26.809536784741145,21.75340599455041,27.609536784741145,25.77138964577657,22.480381471389645,20.930517711171664,80.38692098092643,71.12534059945504,75.42779291553134,159.0,3.74141689373297,1.422615803814714
2012,5,1067002,3.0290322580645164,1067002,placido de castro,AC,3.868005218096698,,,,,,,,,,,,,,,,,,
2012,5,1067003,1.7741935483870968,1067003,capixaba,AC,15.112407035998343,,,,,,,,,,,,,,,,,,
2012,5,1068000,1.5290322580645161,1068000,xapuri,AC,18.32551849114729,,,,,,,,,,,,,,,,,,
2012,5,8050000,2.796774193548387,8050000,macapa,AP,2.395376135656844,,,,,,,,,,,,,,,,,,
2012,5,8050001,7.806451612903226,8050001,macapa,AP,2.395376135656844,,,,,,,,,,,,,,,,,,
2012,5,8051010,11.14516129032258,8051010,macapa,AP,2.395376135656844,,,,,,,,,,,,,,,,,,
2012,5,8051012,8.745161290322581,8051012,porto grande,AP,2.704278178603476,,,,,,,,,,,,,,,,,,
2012,5,8052000,5.77741935483871,8052000,serra do navio,AP,0.0,,,,,,,,,,,,,,,,,,
2012,5,8150000,7.303225806451613,8150000,tartarugalzinho,AP,0.6817485866149553,,,,,,,,,,,,,,,,,,
2012,5,8150001,7.064516129032258,8150001,tartarugalzinho,AP,0.6817485866149553,,,,,,,,,,,,,,,,,,
2012,5,8151000,12.364516129032259,8151000,tartarugalzinho,AP,0.6817485866149553,,,,,,,,,,,,,,,,,,
2012,5,8250002,17.154838709677417,8250002,calcoene,AP,1.1097136405822794,,,,,,,,,,,,,,,,,,
2012,5,8250003,18.73225806451613,8250003,amapa,AP,0.0,,,,,,,,,,,,,,,,,,
2012,5,8251001,17.061290322580643,8251001,calcoene,AP,1.1097136405822794,,,,,,,,,,,,,,,,,,
2012,5,8251004,12.96774193548387,8251004,oiapoque,AP,2.3668090519152214,AP,0.6511166253101737,1010.4424317617866,1010.7727047146402,1010.176923076923,1166.928287841191,26.87692307692308,23.47692307692308,27.62952853598015,25.9424317617866,24.157320099255585,22.76178660049628,87.02977667493796,78.41439205955335,82.67245657568238,138.9305210918114,4.025310173697271,1.245409429280397
2012,5,8351002,12.465217391304348,8351002,oiapoque,AP,2.3668090519152214,AP,0.6511166253101737,1010.4424317617866,1010.7727047146402,1010.176923076923,1166.928287841191,26.87692307692308,23.47692307692308,27.62952853598015,25.9424317617866,24.157320099255585,22.76178660049628,87.02977667493796,78.41439205955335,82.67245657568238,138.9305210918114,4.025310173697271,1.245409429280397
2012,6,51002,2.783333333333333,51002,mazagao,AP,4.487579233588009,,,,,,,,,,,,,,,,,,
2012,6,52003,4.533333333333333,52003,mazagao,AP,4.487579233588009,,,,,,,,,,,,,,,,,,
2012,6,869000,3.2633333333333336,869000,manoel urbano,AC,13.680466082014306,,,,,,,,,,,,,,,,,,
2012,6,872000,0.0,872000,marechal thaumaturgo,AC,3.6729682355930606,AC,0.1591036414565826,986.5428571428572,986.9509803921568,986.317086834734,1314.4137254901962,26.29271708683473,21.21372549019608,27.139495798319327,25.180392156862744,21.970868347338936,20.39579831932773,80.15406162464986,71.05042016806723,75.15966386554622,146.31652661064425,3.867226890756302,1.526610644257703
2012,6,967005,1.1866666666666668,967005,senador guiomard,AC,2.413800332781603,,,,,,,,,,,,,,,,,,
2012,6,968004,2.103333333333333,968004,bujari,AC,10.10680741007767,,,,,,,,,,,,,,,,,,
2012,6,968005,2.496666666666667,968005,sena madureira,AC,38.45191106038187,,,,,,,,,,,,,,,,,,
2012,6,972000,1.55,972000,marechal thaumaturgo,AC,3.6729682355930606,AC,0.1591036414565826,986.5428571428572,986.9509803921568,986.317086834734,1314.4137254901962,26.29271708683473,21.21372549019608,27.139495798319327,25.180392156862744,21.970868347338936,20.39579831932773,80.15406162464986,71.05042016806723,75.15966386554622,146.31652661064425,3.867226890756302,1.526610644257703
2012,6,1067002,2.316666666666667,1067002,placido de castro,AC,3.868005218096698,,,,,,,,,,,,,,,,,,
2012,6,1067003,0.0,1067003,capixaba,AC,15.112407035998343,,,,,,,,,,,,,,,,,,
2012,6,1068000,0.26,1068000,xapuri,AC,18.32551849114729,,,,,,,,,,,,,,,,,,
2012,6,8050000,0.8733333333333333,8050000,macapa,AP,2.395376135656844,,,,,,,,,,,,,,,,,,
2012,6,8050001,7.14,8050001,macapa,AP,2.395376135656844,,,,,,,,,,,,,,,,,,
2012,6,8051010,3.203333333333333,8051010,macapa,AP,2.395376135656844,,,,,,,,,,,,,,,,,,
2012,6,8051012,3.9099999999999997,8051012,porto grande,AP,2.704278178603476,,,,,,,,,,,,,,,,,,
2012,6,8052000,4.59,8052000,serra do navio,AP,0.0,,,,,,,,,,,,,,,,,,
2012,6,8150000,3.4366666666666665,8150000,tartarugalzinho,AP,0.6817485866149553,,,,,,,,,,,,,,,,,,
2012,6,8150001,4.819999999999999,8150001,tartarugalzinho,AP,0.6817485866149553,,,,,,,,,,,,,,,,,,
2012,6,8151000,6.283333333333333,8151000,tartarugalzinho,AP,0.6817485866149553,,,,,,,,,,,,,,,,,,
2012,6,8250002,6.043333333333334,8250002,calcoene,AP,1.1097136405822794,,,,,,,,,,,,,,,,,,
2012,6,8250003,6.703333333333333,8250003,amapa,AP,0.0,,,,,,,,,,,,,,,,,,
2012,6,8251001,3.51,8251001,calcoene,AP,1.1097136405822794,,,,,,,,,,,,,,,,,,
2012,6,8251004,7.293333333333334,8251004,oiapoque,AP,2.3668090519152214,AP,0.4887179487179487,1011.5517948717948,1011.8471794871796,1011.3041025641024,1296.323846153846,27.07871794871795,23.174615384615382,27.905128205128204,26.04384615384616,23.92871794871795,22.371025641025643,85.43589743589743,75.87692307692308,80.47948717948718,141.66153846153847,4.021282051282051,1.2812820512820513
2012,6,8351002,6.34,8351002,oiapoque,AP,2.3668090519152214,AP,0.4887179487179487,1011.5517948717948,1011.8471794871796,1011.3041025641024,1296.323846153846,27.07871794871795,23.174615384615382,27.905128205128204,26.04384615384616,23.92871794871795,22.371025641025643,85.43589743589743,75.87692307692308,80.47948717948718,141.66153846153847,4.021282051282051,1.2812820512820513
2012,7,51002,4.096774193548387,51002,mazagao,AP,4.487579233588009,,,,,,,,,,,,,,,,,,
2012,7,51004,6.745161290322581,51004,mazagao,AP,4.487579233588009,,,,,,,,,,,,,,,,,,
2012,7,52003,8.283870967741937,52003,mazagao,AP,4.487579233588009,,,,,,,,,,,,,,,,,,
2012,7,869000,0.8129032258064516,869000,manoel urbano,AC,13.680466082014306,,,,,,,,,,,,,,,,,,
2012,7,967005,0.0,967005,senador guiomard,AC,2.413800332781603,,,,,,,,,,,,,,,,,,
2012,7,968004,0.0,968004,bujari,AC,10.10680741007767,,,,,,,,,,,,,,,,,,
2012,7,968005,0.0,968005,sena madureira,AC,38.45191106038187,,,,,,,,,,,,,,,,,,
2012,7,1067002,0.22580645161290322,1067002,placido de castro,AC,3.868005218096698,,,,,,,,,,,,,,,,,,
2012,7,1067003,0.0,1067003,capixaba,AC,15.112407035998343,,,,,,,,,,,,,,,,,,
2012,7,1068000,0.0,1068000,xapuri,AC,18.32551849114729,,,,,,,,,,,,,,,,,,
2012,7,8050000,4.764516129032257,8050000,macapa,AP,2.395376135656844,,,,,,,,,,,,,,,,,,
2012,7,8050001,6.416129032258064,8050001,macapa,AP,2.395376135656844,,,,,,,,,,,,,,,,,,
2012,7,8051010,8.029032258064516,8051010,macapa,AP,2.395376135656844,,,,,,,,,,,,,,,,,,
2012,7,8051012,6.480645161290322,8051012,porto grande,AP,2.704278178603476,,,,,,,,,,,,,,,,,,
2012,7,8052000,4.632258064516129,8052000,serra do navio,AP,0.0,,,,,,,,,,,,,,,,,,
2012,7,8150000,3.7,8150000,tartarugalzinho,AP,0.6817485866149553,,,,,,,,,,,,,,,,,,
2012,7,8150001,5.061290322580645,8150001,tartarugalzinho,AP,0.6817485866149553,,,,,,,,,,,,,,,,,,
2012,7,8151000,5.04516129032258,8151000,tartarugalzinho,AP,0.6817485866149553,,,,,,,,,,,,,,,,,,
2012,7,8250002,5.34516129032258,8250002,calcoene,AP,1.1097136405822794,,,,,,,,,,,,,,,,,,
2012,7,8250003,13.374193548387098,8250003,amapa,AP,0.0,,,,,,,,,,,,,,,,,,
2012,7,8251001,0.8290322580645161,8251001,calcoene,AP,1.1097136405822794,,,,,,,,,,,,,,,,,,
2012,7,8251004,4.290322580645161,8251004,oiapoque,AP,2.3668090519152214,AP,0.2178660049627791,1010.9173697270472,1011.2374689826304,1010.6846153846154,1348.102977667494,27.324317617866008,23.019106699751863,28.23076923076923,26.217617866004964,23.81389578163772,22.20496277915633,84.03722084367246,73.76426799007444,78.75682382133995,155.14888337468983,3.712406947890819,1.1583126550868486
2012,7,8351002,5.83225806451613,8351002,oiapoque,AP,2.3668090519152214,AP,0.2178660049627791,1010.9173697270472,1011.2374689826304,1010.6846153846154,1348.102977667494,27.324317617866008,23.019106699751863,28.23076923076923,26.217617866004964,23.81389578163772,22.20496277915633,84.03722084367246,73.76426799007444,78.75682382133995,155.14888337468983,3.712406947890819,1.1583126550868486
2012,8,51002,2.0483870967741935,51002,mazagao,AP,4.487579233588009,,,,,,,,,,,,,,,,,,
2012,8,51004,1.064516129032258,51004,mazagao,AP,4.487579233588009,,,,,,,,,,,,,,,,,,
2012,8,52003,0.0967741935483871,52003,mazagao,AP,4.487579233588009,,,,,,,,,,,,,,,,,,
2012,8,869000,1.7290322580645159,869000,manoel urbano,AC,13.680466082014306,,,,,,,,,,,,,,,,,,
2012,8,967005,1.167741935483871,967005,senador guiomard,AC,2.413800332781603,,,,,,,,,,,,,,,,,,
2012,8,968004,1.038709677419355,968004,bujari,AC,10.10680741007767,,,,,,,,,,,,,,,,,,
2012,8,968005,1.37,968005,sena madureira,AC,38.45191106038187,,,,,,,,,,,,,,,,,,
2012,8,1067002,1.3548387096774193,1067002,placido de castro,AC,3.868005218096698,,,,,,,,,,,,,,,,,,
2012,8,1067003,0.0,1067003,capixaba,AC,15.112407035998343,,,,,,,,,,,,,,,,,,
2012,8,1068000,0.9096774193548387,1068000,xapuri,AC,18.32551849114729,,,,,,,,,,,,,,,,,,
2012,8,8050000,0.4967741935483871,8050000,macapa,AP,2.395376135656844,,,,,,,,,,,,,,,,,,
2012,8,8050001,3.616129032258064,8050001,macapa,AP,2.395376135656844,,,,,,,,,,,,,,,,,,
2012,8,8051010,2.5838709677419356,8051010,macapa,AP,2.395376135656844,,,,,,,,,,,,,,,,,,
2012,8,8051012,5.258064516129032,8051012,porto grande,AP,2.704278178603476,,,,,,,,,,,,,,,,,,
2012,8,8052000,5.616129032258065,8052000,serra do navio,AP,0.0,,,,,,,,,,,,,,,,,,
2012,8,8150000,2.838709677419355,8150000,tartarugalzinho,AP,0.6817485866149553,,,,,,,,,,,,,,,,,,
2012,8,8150001,3.8419354838709676,8150001,tartarugalzinho,AP,0.6817485866149553,,,,,,,,,,,,,,,,,,
2012,8,8250002,4.587096774193548,8250002,calcoene,AP,1.1097136405822794,,,,,,,,,,,,,,,,,,
2012,8,8250003,4.429032258064517,8250003,amapa,AP,0.0,,,,,,,,,,,,,,,,,,
2012,8,8251001,0.37741935483870964,8251001,calcoene,AP,1.1097136405822794,,,,,,,,,,,,,,,,,,
2012,8,8251004,3.535483870967742,8251004,oiapoque,AP,2.3668090519152214,AP,0.193984962406015,1011.4601503759396,1011.7786967418548,1011.2285714285716,1532.4105263157896,28.23558897243108,22.534837092731827,29.10877192982456,27.14235588972431,23.35488721804512,21.703007518797,78.37593984962406,68.48370927318295,72.96992481203007,131.01002506265664,4.186967418546366,1.300250626566416
2012,8,8351002,2.4967741935483874,8351002,oiapoque,AP,2.3668090519152214,AP,0.193984962406015,1011.4601503759396,1011.7786967418548,1011.2285714285716,1532.4105263157896,28.23558897243108,22.534837092731827,29.10877192982456,27.14235588972431,23.35488721804512,21.703007518797,78.37593984962406,68.48370927318295,72.96992481203007,131.01002506265664,4.186967418546366,1.300250626566416
2012,9,51002,0.39666666666666667,51002,mazagao,AP,4.487579233588009,,,,,,,,,,,,,,,,,,
2012,9,51004,0.0,51004,mazagao,AP,4.487579233588009,,,,,,,,,,,,,,,,,,
2012,9,52003,0.06666666666666667,52003,mazagao,AP,4.487579233588009,,,,,,,,,,,,,,,,,,
2012,9,869000,3.3233333333333333,869000,manoel urbano,AC,13.680466082014306,,,,,,,,,,,,,,,,,,
2012,9,967005,3.1,967005,senador guiomard,AC,2.413800332781603,,,,,,,,,,,,,,,,,,
2012,9,968004,5.363333333333333,968004,bujari,AC,10.10680741007767,,,,,,,,,,,,,,,,,,
2012,9,968005,3.5833333333333335,968005,sena madureira,AC,38.45191106038187,,,,,,,,,,,,,,,,,,
2012,9,1067002,0.0,1067002,placido de castro,AC,3.868005218096698,,,,,,,,,,,,,,,,,,
2012,9,1067003,0.8333333333333334,1067003,capixaba,AC,15.112407035998343,,,,,,,,,,,,,,,,,,
2012,9,1068000,1.5666666666666667,1068000,xapuri,AC,18.32551849114729,,,,,,,,,,,,,,,,,,
2012,9,8050000,0.25,8050000,macapa,AP,2.395376135656844,,,,,,,,,,,,,,,,,,
2012,9,8050001,0.0,8050001,macapa,AP,2.395376135656844,,,,,,,,,,,,,,,,,,
2012,9,8051010,0.0,8051010,macapa,AP,2.395376135656844,,,,,,,,,,,,,,,,,,
2012,9,8051012,2.6266666666666665,8051012,porto grande,AP,2.704278178603476,,,,,,,,,,,,,,,,,,
2012,9,8052000,2.96,8052000,serra do navio,AP,0.0,,,,,,,,,,,,,,,,,,
2012,9,8150000,0.2033333333333333,8150000,tartarugalzinho,AP,0.6817485866149553,,,,,,,,,,,,,,,,,,
2012,9,8150001,0.7733333333333333,8150001,tartarugalzinho,AP,0.6817485866149553,,,,,,,,,,,,,,,,,,
2012,9,8151000,0.23666666666666666,8151000,tartarugalzinho,AP,0.6817485866149553,,,,,,,,,,,,,,,,,,
2012,9,8250002,0.056666666666666664,8250002,calcoene,AP,1.1097136405822794,,,,,,,,,,,,,,,,,,
2012,9,8250003,0.043333333333333335,8250003,amapa,AP,0.0,,,,,,,,,,,,,,,,,,
2012,9,8251001,0.0,8251001,calcoene,AP,1.1097136405822794,,,,,,,,,,,,,,,,,,
2012,9,8251004,0.22,8251004,oiapoque,AP,2.3668090519152214,AP,0.0461538461538461,1011.44,1011.7694871794872,1011.1810256410256,1671.6746153846154,29.466410256410256,21.71948717948718,30.394358974358973,28.22589743589744,22.56358974358974,20.82589743589744,70.88205128205128,61.16666666666666,65.33846153846154,113.66410256410256,4.472307692307693,1.4323076923076925
2012,9,8351002,0.49666666666666665,8351002,oiapoque,AP,2.3668090519152214,AP,0.0461538461538461,1011.44,1011.7694871794872,1011.1810256410256,1671.6746153846154,29.466410256410256,21.71948717948718,30.394358974358973,28.22589743589744,22.56358974358974,20.82589743589744,70.88205128205128,61.16666666666666,65.33846153846154,113.66410256410256,4.472307692307693,1.4323076923076925
2012,10,51002,0.0,51002,mazagao,AP,4.487579233588009,,,,,,,,,,,,,,,,,,
2012,10,52003,1.1774193548387097,52003,mazagao,AP,4.487579233588009,,,,,,,,,,,,,,,,,,
2012,10,869000,10.37741935483871,869000,manoel urbano,AC,13.680466082014306,,,,,,,,,,,,,,,,,,
2012,10,968004,4.616129032258065,968004,bujari,AC,10.10680741007767,,,,,,,,,,,,,,,,,,
2012,10,968005,5.725806451612903,968005,sena madureira,AC,38.45191106038187,,,,,,,,,,,,,,,,,,
2012,10,1067002,2.903225806451613,1067002,placido de castro,AC,3.868005218096698,,,,,,,,,,,,,,,,,,
2012,10,1067003,0.7741935483870968,1067003,capixaba,AC,15.112407035998343,,,,,,,,,,,,,,,,,,
2012,10,1068000,5.270967741935484,1068000,xapuri,AC,18.32551849114729,,,,,,,,,,,,,,,,,,
2012,10,8050000,0.035483870967741936,8050000,macapa,AP,2.395376135656844,,,,,,,,,,,,,,,,,,
2012,10,8050001,0.0,8050001,macapa,AP,2.395376135656844,,,,,,,,,,,,,,,,,,
2012,10,8051010,1.7258064516129032,8051010,macapa,AP,2.395376135656844,,,,,,,,,,,,,,,,,,
2012,10,8051012,1.8483870967741935,8051012,porto grande,AP,2.704278178603476,,,,,,,,,,,,,,,,,,
2012,10,8052000,4.629032258064516,8052000,serra do navio,AP,0.0,,,,,,,,,,,,,,,,,,
2012,10,8150000,0.025806451612903226,8150000,tartarugalzinho,AP,0.6817485866149553,,,,,,,,,,,,,,,,,,
2012,10,8150001,0.6064516129032258,8150001,tartarugalzinho,AP,0.6817485866149553,,,,,,,,,,,,,,,,,,
2012,10,8151000,0.5,8151000,tartarugalzinho,AP,0.6817485866149553,,,,,,,,,,,,,,,,,,
2012,10,8250002,0.8838709677419354,8250002,calcoene,AP,1.1097136405822794,,,,,,,,,,,,,,,,,,
2012,10,8250003,1.2548387096774194,8250003,amapa,AP,0.0,,,,,,,,,,,,,,,,,,
2012,10,8251001,0.0,8251001,calcoene,AP,1.1097136405822794,,,,,,,,,,,,,,,,,,
2012,10,8251004,0.2903225806451613,8251004,oiapoque,AP,2.3668090519152214,AP,0.030886075949367,1009.0610126582278,1009.4103797468354,1008.7772151898736,1555.8248101265824,29.902025316455696,21.503291139240503,30.80810126582279,28.59949367088608,22.30506329113924,20.64405063291139,68.80759493670887,59.21518987341772,63.08860759493671,118.63544303797468,4.532658227848102,1.5286075949367088
2012,10,8351002,0.5387096774193548,8351002,oiapoque,AP,2.3668090519152214,AP,0.030886075949367,1009.0610126582278,1009.4103797468354,1008.7772151898736,1555.8248101265824,29.902025316455696,21.503291139240503,30.80810126582279,28.59949367088608,22.30506329113924,20.64405063291139,68.80759493670887,59.21518987341772,63.08860759493671,118.63544303797468,4.532658227848102,1.5286075949367088
2012,11,51002,0.18333333333333332,51002,mazagao,AP,4.487579233588009,,,,,,,,,,,,,,,,,,
2012,11,52003,0.1,52003,mazagao,AP,4.487579233588009,,,,,,,,,,,,,,,,,,
2012,11,869000,10.196666666666665,869000,manoel urbano,AC,13.680466082014306,,,,,,,,,,,,,,,,,,
2012,11,968004,6.54,968004,bujari,AC,10.10680741007767,,,,,,,,,,,,,,,,,,
2012,11,968005,9.683333333333334,968005,sena madureira,AC,38.45191106038187,,,,,,,,,,,,,,,,,,
2012,11,1067002,8.083333333333334,1067002,placido de castro,AC,3.868005218096698,,,,,,,,,,,,,,,,,,
2012,11,1067003,1.5666666666666667,1067003,capixaba,AC,15.112407035998343,,,,,,,,,,,,,,,,,,
2012,11,1068000,8.780000000000001,1068000,xapuri,AC,18.32551849114729,,,,,,,,,,,,,,,,,,
2012,11,8050000,0.02,8050000,macapa,AP,2.395376135656844,,,,,,,,,,,,,,,,,,
2012,11,8050001,0.0,8050001,macapa,AP,2.395376135656844,,,,,,,,,,,,,,,,,,
2012,11,8051010,0.85,8051010,macapa,AP,2.395376135656844,,,,,,,,,,,,,,,,,,
2012,11,8051012,2.54,8051012,porto grande,AP,2.704278178603476,,,,,,,,,,,,,,,,,,
2012,11,8052000,1.2533333333333334,8052000,serra do navio,AP,0.0,,,,,,,,,,,,,,,,,,
2012,11,8150000,0.19333333333333333,8150000,tartarugalzinho,AP,0.6817485866149553,,,,,,,,,,,,,,,,,,
2012,11,8150001,1.4366666666666668,8150001,tartarugalzinho,AP,0.6817485866149553,,,,,,,,,,,,,,,,,,
2012,11,8151000,2.0266666666666664,8151000,tartarugalzinho,AP,0.6817485866149553,,,,,,,,,,,,,,,,,,
2012,11,8250002,0.13999999999999999,8250002,calcoene,AP,1.1097136405822794,,,,,,,,,,,,,,,,,,
2012,11,8250003,0.0,8250003,amapa,AP,0.0,,,,,,,,,,,,,,,,,,
2012,11,8251001,0.0,8251001,calcoene,AP,1.1097136405822794,,,,,,,,,,,,,,,,,,
2012,11,8251004,0.6833333333333333,8251004,oiapoque,AP,2.3668090519152214,AP,0.063517060367454,1008.4889763779528,1008.8398950131234,1008.2070866141732,1533.146719160105,29.68582677165354,21.695800524934384,30.65800524934384,28.3989501312336,22.50761154855643,20.82834645669292,70.39370078740157,60.64041994750656,64.74015748031496,114.70866141732284,4.483989501312336,1.5325459317585302
2012,11,8351002,3.8233333333333333,8351002,oiapoque,AP,2.3668090519152214,AP,0.063517060367454,1008.4889763779528,1008.8398950131234,1008.2070866141732,1533.146719160105,29.68582677165354,21.695800524934384,30.65800524934384,28.3989501312336,22.50761154855643,20.82834645669292,70.39370078740157,60.64041994750656,64.74015748031496,114.70866141732284,4.483989501312336,1.5325459317585302
2012,12,51002,1.7322580645161292,51002,mazagao,AP,4.487579233588009,,,,,,,,,,,,,,,,,,
2012,12,52003,3.370967741935484,52003,mazagao,AP,4.487579233588009,,,,,,,,,,,,,,,,,,
2012,12,869000,12.55483870967742,869000,manoel urbano,AC,13.680466082014306,,,,,,,,,,,,,,,,,,
2012,12,968004,3.07741935483871,968004,bujari,AC,10.10680741007767,,,,,,,,,,,,,,,,,,
2012,12,968005,4.764516129032257,968005,sena madureira,AC,38.45191106038187,,,,,,,,,,,,,,,,,,
2012,12,1067002,5.554838709677419,1067002,placido de castro,AC,3.868005218096698,,,,,,,,,,,,,,,,,,
2012,12,1067003,3.064516129032258,1067003,capixaba,AC,15.112407035998343,,,,,,,,,,,,,,,,,,
2012,12,1068000,6.374193548387097,1068000,xapuri,AC,18.32551849114729,,,,,,,,,,,,,,,,,,
2012,12,8050000,4.206451612903226,8050000,macapa,AP,2.395376135656844,,,,,,,,,,,,,,,,,,
2012,12,8050001,1.3580645161290323,8050001,macapa,AP,2.395376135656844,,,,,,,,,,,,,,,,,,
2012,12,8051010,5.412903225806452,8051010,macapa,AP,2.395376135656844,,,,,,,,,,,,,,,,,,
2012,12,8051012,4.1,8051012,porto grande,AP,2.704278178603476,,,,,,,,,,,,,,,,,,
2012,12,8052000,7.66774193548387,8052000,serra do navio,AP,0.0,,,,,,,,,,,,,,,,,,
2012,12,8150000,4.293333333333333,8150000,tartarugalzinho,AP,0.6817485866149553,,,,,,,,,,,,,,,,,,
2012,12,8150001,2.2193548387096773,8150001,tartarugalzinho,AP,0.6817485866149553,,,,,,,,,,,,,,,,,,
2012,12,8151000,17.258064516129032,8151000,tartarugalzinho,AP,0.6817485866149553,,,,,,,,,,,,,,,,,,
2012,12,8250002,6.300000000000001,8250002,calcoene,AP,1.1097136405822794,,,,,,,,,,,,,,,,,,
2012,12,8250003,7.096774193548387,8250003,amapa,AP,0.0,,,,,,,,,,,,,,,,,,
2012,12,8251001,1.2451612903225806,8251001,calcoene,AP,1.1097136405822794,,,,,,,,,,,,,,,,,,
2012,12,8251004,5.664516129032258,8251004,oiapoque,AP,2.3668090519152214,AP,0.34,1008.583,1008.903,1008.29225,1224.15425,28.01975,22.58375,28.91125,26.959,23.28725,21.86075,79.03,70.4925,74.415,103.435,4.6505,1.49975
2012,12,8351002,6.548387096774194,8351002,oiapoque,AP,2.3668090519152214,AP,0.34,1008.583,1008.903,1008.29225,1224.15425,28.01975,22.58375,28.91125,26.959,23.28725,21.86075,79.03,70.4925,74.415,103.435,4.6505,1.49975
2013,1,51002,7.596774193548387,51002,mazagao,AP,0.9699412412476476,,,,,,,,,,,,,,,,,,
2013,1,52003,4.622580645161291,52003,mazagao,AP,0.9699412412476476,,,,,,,,,,,,,,,,,,
2013,1,869000,13.06774193548387,869000,manoel urbano,AC,16.334963835220805,,,,,,,,,,,,,,,,,,
2013,1,968004,5.541935483870968,968004,bujari,AC,8.374876485689105,,,,,,,,,,,,,,,,,,
2013,1,968005,14.187096774193549,968005,sena madureira,AC,31.99143848575409,,,,,,,,,,,,,,,,,,
2013,1,1067002,2.370967741935484,1067002,placido de castro,AC,4.901708045081756,,,,,,,,,,,,,,,,,,
2013,1,1067003,1.1290322580645162,1067003,capixaba,AC,5.757857577626224,,,,,,,,,,,,,,,,,,
2013,1,1068000,7.935483870967742,1068000,xapuri,AC,10.733472154307044,,,,,,,,,,,,,,,,,,
2013,1,8050000,9.361290322580645,8050000,macapa,AP,1.3715364606395997,,,,,,,,,,,,,,,,,,
2013,1,8050001,12.87741935483871,8050001,macapa,AP,1.3715364606395997,,,,,,,,,,,,,,,,,,
2013,1,8051010,15.570967741935483,8051010,macapa,AP,1.3715364606395997,,,,,,,,,,,,,,,,,,
2013,1,8051012,7.061290322580645,8051012,porto grande,AP,1.865895908469038,,,,,,,,,,,,,,,,,,
2013,1,8052000,8.37741935483871,8052000,serra do navio,AP,0.2671691310894487,,,,,,,,,,,,,,,,,,
2013,1,8150000,15.148387096774194,8150000,tartarugalzinho,AP,4.042944529095192,,,,,,,,,,,,,,,,,,
2013,1,8150001,15.238709677419356,8150001,tartarugalzinho,AP,4.042944529095192,,,,,,,,,,,,,,,,,,
2013,1,8151000,17.335483870967742,8151000,tartarugalzinho,AP,4.042944529095192,,,,,,,,,,,,,,,,,,
2013,1,8250002,18.216129032258063,8250002,calcoene,AP,2.9852161790398464,,,,,,,,,,,,,,,,,,
2013,1,8250003,30.548387096774192,8250003,amapa,AP,0.4504270873723959,,,,,,,,,,,,,,,,,,
2013,1,8251001,15.40967741935484,8251001,calcoene,AP,2.9852161790398464,,,,,,,,,,,,,,,,,,
2013,1,8251004,5.970967741935484,8251004,oiapoque,AP,4.947731539390354,AP,0.3508684863523573,1010.4491315136476,1010.7387096774194,1010.1858560794044,1082.336228287841,26.696774193548386,23.52928039702233,27.453101736972705,25.845905707196028,24.262779156327543,22.88560794044665,86.1166253101737,81.70719602977667,83.59057071960298,72.73449131513648,5.197766749379652,1.8387096774193548
2013,1,8351002,6.670967741935483,8351002,oiapoque,AP,4.947731539390354,AP,0.3508684863523573,1010.4491315136476,1010.7387096774194,1010.1858560794044,1082.336228287841,26.696774193548386,23.52928039702233,27.453101736972705,25.845905707196028,24.262779156327543,22.88560794044665,86.1166253101737,81.70719602977667,83.59057071960298,72.73449131513648,5.197766749379652,1.8387096774193548
2013,2,51002,8.830769230769231,51002,mazagao,AP,0.9699412412476476,,,,,,,,,,,,,,,,,,
2013,2,51004,9.685714285714285,51004,mazagao,AP,0.9699412412476476,,,,,,,,,,,,,,,,,,
2013,2,52003,9.460714285714285,52003,mazagao,AP,0.9699412412476476,,,,,,,,,,,,,,,,,,
2013,2,869000,7.357142857142857,869000,manoel urbano,AC,16.334963835220805,,,,,,,,,,,,,,,,,,
2013,2,968004,12.225,968004,bujari,AC,8.374876485689105,,,,,,,,,,,,,,,,,,
2013,2,968005,13.178571428571429,968005,sena madureira,AC,31.99143848575409,,,,,,,,,,,,,,,,,,
2013,2,1067002,7.667857142857143,1067002,placido de castro,AC,4.901708045081756,,,,,,,,,,,,,,,,,,
2013,2,1067003,1.957142857142857,1067003,capixaba,AC,5.757857577626224,,,,,,,,,,,,,,,,,,
2013,2,1068000,3.6357142857142857,1068000,xapuri,AC,10.733472154307044,,,,,,,,,,,,,,,,,,
2013,2,8050000,5.596428571428571,8050000,macapa,AP,1.3715364606395997,,,,,,,,,,,,,,,,,,
2013,2,8050001,16.50357142857143,8050001,macapa,AP,1.3715364606395997,,,,,,,,,,,,,,,,,,
2013,2,8051010,11.75,8051010,macapa,AP,1.3715364606395997,,,,,,,,,,,,,,,,,,
2013,2,8051012,11.674999999999999,8051012,porto grande,AP,1.865895908469038,,,,,,,,,,,,,,,,,,
2013,2,8052000,12.785714285714286,8052000,serra do navio,AP,0.2671691310894487,,,,,,,,,,,,,,,,,,
2013,2,8150000,14.299999999999999,8150000,tartarugalzinho,AP,4.042944529095192,,,,,,,,,,,,,,,,,,
2013,2,8150001,11.417857142857143,8150001,tartarugalzinho,AP,4.042944529095192,,,,,,,,,,,,,,,,,,
2013,2,8151000,15.239285714285714,8151000,tartarugalzinho,AP,4.042944529095192,,,,,,,,,,,,,,,,,,
2013,2,8250002,27.682142857142857,8250002,calcoene,AP,2.9852161790398464,,,,,,,,,,,,,,,,,,
2013,2,8250003,28.260714285714283,8250003,amapa,AP,0.4504270873723959,,,,,,,,,,,,,,,,,,
2013,2,8251001,39.56428571428571,8251001,calcoene,AP,2.9852161790398464,,,,,,,,,,,,,,,,,,
2013,2,8251004,14.103571428571428,8251004,oiapoque,AP,4.947731539390354,AP,0.9950276243093924,1009.3911602209944,1009.72817679558,1009.0870165745856,837.6091160220994,25.67624309392265,24.07734806629834,26.377624309392267,24.94944751381216,24.77265193370166,23.4207182320442,91.74033149171272,90.61325966850828,91.01657458563535,113.39779005524862,4.270718232044199,1.299171270718232
2013,2,8351002,21.24642857142857,8351002,oiapoque,AP,4.947731539390354,AP,0.9950276243093924,1009.3911602209944,1009.72817679558,1009.0870165745856,837.6091160220994,25.67624309392265,24.07734806629834,26.377624309392267,24.94944751381216,24.77265193370166,23.4207182320442,91.74033149171272,90.61325966850828,91.01657458563535,113.39779005524862,4.270718232044199,1.299171270718232
2013,3,51002,6.406451612903226,51002,mazagao,AP,0.9699412412476476,,,,,,,,,,,,,,,,,,
2013,3,51004,12.26774193548387,51004,mazagao,AP,0.9699412412476476,,,,,,,,,,,,,,,,,,
2013,3,52003,8.48709677419355,52003,mazagao,AP,0.9699412412476476,,,,,,,,,,,,,,,,,,
2013,3,869000,11.287096774193548,869000,manoel urbano,AC,16.334963835220805,,,,,,,,,,,,,,,,,,
2013,3,968004,8.170967741935483,968004,bujari,AC,8.374876485689105,,,,,,,,,,,,,,,,,,
2013,3,968005,9.458064516129031,968005,sena madureira,AC,31.99143848575409,,,,,,,,,,,,,,,,,,
2013,3,1067002,7.032258064516129,1067002,placido de castro,AC,4.901708045081756,,,,,,,,,,,,,,,,,,
2013,3,1067003,1.2258064516129032,1067003,capixaba,AC,5.757857577626224,,,,,,,,,,,,,,,,,,
2013,3,1068000,12.103225806451613,1068000,xapuri,AC,10.733472154307044,,,,,,,,,,,,,,,,,,
2013,3,8050000,9.464516129032257,8050000,macapa,AP,1.3715364606395997,,,,,,,,,,,,,,,,,,
2013,3,8050001,15.848387096774195,8050001,macapa,AP,1.3715364606395997,,,,,,,,,,,,,,,,,,
2013,3,8051010,11.441935483870967,8051010,macapa,AP,1.3715364606395997,,,,,,,,,,,,,,,,,,
2013,3,8051012,12.935483870967742,8051012,porto grande,AP,1.865895908469038,,,,,,,,,,,,,,,,,,
2013,3,8052000,8.23225806451613,8052000,serra do navio,AP,0.2671691310894487,,,,,,,,,,,,,,,,,,
2013,3,8150000,10.264516129032257,8150000,tartarugalzinho,AP,4.042944529095192,,,,,,,,,,,,,,,,,,
2013,3,8150001,12.941935483870967,8150001,tartarugalzinho,AP,4.042944529095192,,,,,,,,,,,,,,,,,,
2013,3,8151000,12.44516129032258,8151000,tartarugalzinho,AP,4.042944529095192,,,,,,,,,,,,,,,,,,
2013,3,8250002,13.35483870967742,8250002,calcoene,AP,2.9852161790398464,,,,,,,,,,,,,,,,,,
2013,3,8250003,20.441935483870967,8250003,amapa,AP,0.4504270873723959,,,,,,,,,,,,,,,,,,
2013,3,8251001,11.816666666666666,8251001,calcoene,AP,2.9852161790398464,,,,,,,,,,,,,,,,,,
2013,3,8251004,4.27741935483871,8251004,oiapoque,AP,4.947731539390354,AP,0.4650124069478908,1010.2096774193548,1010.5535980148884,1009.9002481389576,1202.485111662531,26.96575682382134,24.532258064516128,27.764019851116625,26.02258064516129,25.36178660049628,23.71091811414392,88.12406947890818,86.33250620347394,86.88585607940446,81.68734491315136,5.104466501240695,1.6935483870967742
2013,3,8351002,13.812903225806451,8351002,oiapoque,AP,4.947731539390354,AP,0.4650124069478908,1010.2096774193548,1010.5535980148884,1009.9002481389576,1202.485111662531,26.96575682382134,24.532258064516128,27.764019851116625,26.02258064516129,25.36178660049628,23.71091811414392,88.12406947890818,86.33250620347394,86.88585607940446,81.68734491315136,5.104466501240695,1.6935483870967742
2013,4,51002,7.507407407407408,51002,mazagao,AP,0.9699412412476476,,,,,,,,,,,,,,,,,,
2013,4,51004,15.8,51004,mazagao,AP,0.9699412412476476,,,,,,,,,,,,,,,,,,
2013,4,52003,9.09,52003,mazagao,AP,0.9699412412476476,,,,,,,,,,,,,,,,,,
2013,4,869000,1.2933333333333332,869000,manoel urbano,AC,16.334963835220805,,,,,,,,,,,,,,,,,,
2013,4,968004,2.48,968004,bujari,AC,8.374876485689105,,,,,,,,,,,,,,,,,,
2013,4,968005,4.316666666666666,968005,sena madureira,AC,31.99143848575409,,,,,,,,,,,,,,,,,,
2013,4,1067002,3.2066666666666666,1067002,placido de castro,AC,4.901708045081756,,,,,,,,,,,,,,,,,,
2013,4,1067003,1.1833333333333333,1067003,capixaba,AC,5.757857577626224,,,,,,,,,,,,,,,,,,
2013,4,1068000,1.48,1068000,xapuri,AC,10.733472154307044,,,,,,,,,,,,,,,,,,
2013,4,8050000,3.56,8050000,macapa,AP,1.3715364606395997,,,,,,,,,,,,,,,,,,
2013,4,8050001,14.323333333333332,8050001,macapa,AP,1.3715364606395997,,,,,,,,,,,,,,,,,,
2013,4,8051010,13.693333333333333,8051010,macapa,AP,1.3715364606395997,,,,,,,,,,,,,,,,,,
2013,4,8051012,6.239999999999999,8051012,porto grande,AP,1.865895908469038,,,,,,,,,,,,,,,,,,
2013,4,8052000,10.47,8052000,serra do navio,AP,0.2671691310894487,,,,,,,,,,,,,,,,,,
2013,4,8150000,8.78,8150000,tartarugalzinho,AP,4.042944529095192,,,,,,,,,,,,,,,,,,
2013,4,8150001,12.823333333333332,8150001,tartarugalzinho,AP,4.042944529095192,,,,,,,,,,,,,,,,,,
2013,4,8151000,9.94,8151000,tartarugalzinho,AP,4.042944529095192,,,,,,,,,,,,,,,,,,
2013,4,8250002,18.15666666666667,8250002,calcoene,AP,2.9852161790398464,,,,,,,,,,,,,,,,,,
2013,4,8250003,14.31,8250003,amapa,AP,0.4504270873723959,,,,,,,,,,,,,,,,,,
2013,4,8251001,11.25,8251001,calcoene,AP,2.9852161790398464,,,,,,,,,,,,,,,,,,
2013,4,8251004,7.966666666666667,8251004,oiapoque,AP,4.947731539390354,AP,0.7220512820512821,1010.333076923077,1010.6743589743588,1010.041282051282,1096.175641025641,26.85102564102564,24.764871794871794,27.58538461538461,25.999743589743588,25.503846153846155,24.015641025641028,89.6,88.06666666666666,88.58205128205128,103.47948717948718,4.462564102564103,1.471794871794872
2013,4,8351002,16.073333333333334,8351002,oiapoque,AP,4.947731539390354,AP,0.7220512820512821,1010.333076923077,1010.6743589743588,1010.041282051282,1096.175641025641,26.85102564102564,24.764871794871794,27.58538461538461,25.999743589743588,25.503846153846155,24.015641025641028,89.6,88.06666666666666,88.58205128205128,103.47948717948718,4.462564102564103,1.471794871794872
2013,5,51002,4.45483870967742,51002,mazagao,AP,0.9699412412476476,,,,,,,,,,,,,,,,,,
2013,5,51004,11.519354838709678,51004,mazagao,AP,0.9699412412476476,,,,,,,,,,,,,,,,,,
2013,5,52003,10.858064516129033,52003,mazagao,AP,0.9699412412476476,,,,,,,,,,,,,,,,,,
2013,5,771001,6.04516129032258,771001,tarauaca,AC,13.936245607269594,,,,,,,,,,,,,,,,,,
2013,5,869000,6.703225806451614,869000,manoel urbano,AC,16.334963835220805,,,,,,,,,,,,,,,,,,
2013,5,872000,10.593548387096773,872000,marechal thaumaturgo,AC,2.16216895176458,AC,0.628494623655914,985.2841397849464,985.72876344086,985.033870967742,1165.3887096774192,26.368548387096777,22.178763440860216,27.124462365591395,25.53655913978495,22.820698924731182,21.47903225806452,82.96236559139786,75.24193548387096,79.06451612903226,153.00537634408602,3.912634408602152,1.5583333333333331
2013,5,967005,3.3483870967741933,967005,senador guiomard,AC,4.142625085117212,,,,,,,,,,,,,,,,,,
2013,5,968004,3.032258064516129,968004,bujari,AC,8.374876485689105,,,,,,,,,,,,,,,,,,
2013,5,968005,2.8548387096774195,968005,sena madureira,AC,31.99143848575409,,,,,,,,,,,,,,,,,,
2013,5,972000,6.812903225806452,972000,marechal thaumaturgo,AC,2.16216895176458,AC,0.628494623655914,985.2841397849464,985.72876344086,985.033870967742,1165.3887096774192,26.368548387096777,22.178763440860216,27.124462365591395,25.53655913978495,22.820698924731182,21.47903225806452,82.96236559139786,75.24193548387096,79.06451612903226,153.00537634408602,3.912634408602152,1.5583333333333331
2013,5,1067002,3.193548387096774,1067002,placido de castro,AC,4.901708045081756,,,,,,,,,,,,,,,,,,
2013,5,1067003,0.6451612903225806,1067003,capixaba,AC,5.757857577626224,,,,,,,,,,,,,,,,,,
2013,5,1068000,1.4193548387096775,1068000,xapuri,AC,10.733472154307044,,,,,,,,,,,,,,,,,,
2013,5,8050000,7.912903225806451,8050000,macapa,AP,1.3715364606395997,,,,,,,,,,,,,,,,,,
2013,5,8051010,15.235483870967743,8051010,macapa,AP,1.3715364606395997,,,,,,,,,,,,,,,,,,
2013,5,8051012,8.306451612903226,8051012,porto grande,AP,1.865895908469038,,,,,,,,,,,,,,,,,,
2013,5,8052000,9.670967741935485,8052000,serra do navio,AP,0.2671691310894487,,,,,,,,,,,,,,,,,,
2013,5,8150000,10.59032258064516,8150000,tartarugalzinho,AP,4.042944529095192,,,,,,,,,,,,,,,,,,
2013,5,8150001,11.429032258064517,8150001,tartarugalzinho,AP,4.042944529095192,,,,,,,,,,,,,,,,,,
2013,5,8151000,8.196774193548388,8151000,tartarugalzinho,AP,4.042944529095192,,,,,,,,,,,,,,,,,,
2013,5,8250002,21.893548387096775,8250002,calcoene,AP,2.9852161790398464,,,,,,,,,,,,,,,,,,
2013,5,8250003,36.91935483870968,8250003,amapa,AP,0.4504270873723959,,,,,,,,,,,,,,,,,,
2013,5,8251001,15.990322580645161,8251001,calcoene,AP,2.9852161790398464,,,,,,,,,,,,,,,,,,
2013,5,8251004,13.183870967741935,8251004,oiapoque,AP,4.947731539390354,AP,0.6541436464088398,1010.638950276243,1011.0223756906076,1010.3870165745856,1025.1875690607735,26.43425414364641,24.77375690607735,27.18674033149172,25.70110497237569,25.51408839779005,24.126243093922653,91.52486187845304,90.23480662983424,90.74585635359117,129.060773480663,3.7535911602209935,1.184254143646409
2013,5,8351002,16.61935483870968,8351002,oiapoque,AP,4.947731539390354,AP,0.6541436464088398,1010.638950276243,1011.0223756906076,1010.3870165745856,1025.1875690607735,26.43425414364641,24.77375690607735,27.18674033149172,25.70110497237569,25.51408839779005,24.126243093922653,91.52486187845304,90.23480662983424,90.74585635359117,129.060773480663,3.7535911602209935,1.184254143646409
2013,6,51002,2.453333333333333,51002,mazagao,AP,0.9699412412476476,,,,,,,,,,,,,,,,,,
2013,6,51004,5.66,51004,mazagao,AP,0.9699412412476476,,,,,,,,,,,,,,,,,,
2013,6,52003,4.7,52003,mazagao,AP,0.9699412412476476,,,,,,,,,,,,,,,,,,
2013,6,771001,2.69,771001,tarauaca,AC,13.936245607269594,,,,,,,,,,,,,,,,,,
2013,6,869000,3.83,869000,manoel urbano,AC,16.334963835220805,,,,,,,,,,,,,,,,,,
2013,6,872000,2.8866666666666663,872000,marechal thaumaturgo,AC,2.16216895176458,AC,0.1070028011204481,985.7574229691876,986.18431372549,985.5112044817928,1182.0745098039215,26.68655462184874,22.29327731092437,27.548179271708687,25.737815126050418,23.04565826330532,21.512044817927173,82.36134453781513,73.77591036414566,78.01960784313725,152.81512605042016,3.76218487394958,1.5204481792717086
2013,6,967005,3.3,967005,senador guiomard,AC,4.142625085117212,,,,,,,,,,,,,,,,,,
2013,6,968004,4.226666666666667,968004,bujari,AC,8.374876485689105,,,,,,,,,,,,,,,,,,
2013,6,968005,2.5633333333333335,968005,sena madureira,AC,31.99143848575409,,,,,,,,,,,,,,,,,,
2013,6,972000,2.046666666666667,972000,marechal thaumaturgo,AC,2.16216895176458,AC,0.1070028011204481,985.7574229691876,986.18431372549,985.5112044817928,1182.0745098039215,26.68655462184874,22.29327731092437,27.548179271708687,25.737815126050418,23.04565826330532,21.512044817927173,82.36134453781513,73.77591036414566,78.01960784313725,152.81512605042016,3.76218487394958,1.5204481792717086
2013,6,1067002,2.5533333333333332,1067002,placido de castro,AC,4.901708045081756,,,,,,,,,,,,,,,,,,
2013,6,1067003,0.0,1067003,capixaba,AC,5.757857577626224,,,,,,,,,,,,,,,,,,
2013,6,1068000,2.0799999999999996,1068000,xapuri,AC,10.733472154307044,,,,,,,,,,,,,,,,,,
2013,6,8050000,5.766666666666667,8050000,macapa,AP,1.3715364606395997,,,,,,,,,,,,,,,,,,
2013,6,8051010,5.626666666666666,8051010,macapa,AP,1.3715364606395997,,,,,,,,,,,,,,,,,,
2013,6,8051012,6.463333333333334,8051012,porto grande,AP,1.865895908469038,,,,,,,,,,,,,,,,,,
2013,6,8052000,3.9366666666666665,8052000,serra do navio,AP,0.2671691310894487,,,,,,,,,,,,,,,,,,
2013,6,8150000,5.933333333333334,8150000,tartarugalzinho,AP,4.042944529095192,,,,,,,,,,,,,,,,,,
2013,6,8150001,5.933333333333334,8150001,tartarugalzinho,AP,4.042944529095192,,,,,,,,,,,,,,,,,,
2013,6,8151000,8.166666666666666,8151000,tartarugalzinho,AP,4.042944529095192,,,,,,,,,,,,,,,,,,
2013,6,8250002,9.346666666666666,8250002,calcoene,AP,2.9852161790398464,,,,,,,,,,,,,,,,,,
2013,6,8250003,9.08,8250003,amapa,AP,0.4504270873723959,,,,,,,,,,,,,,,,,,
2013,6,8251001,7.48,8251001,calcoene,AP,2.9852161790398464,,,,,,,,,,,,,,,,,,
2013,6,8351002,9.723333333333333,8351002,oiapoque,AP,4.947731539390354,AP,0.5951070336391437,1010.8877675840978,1011.2373088685016,1010.6996941896024,1481.9697247706422,27.79724770642202,25.013455657492354,28.776146788990825,26.785626911314985,26.010091743119265,24.149847094801224,86.88073394495413,84.46788990825688,85.24770642201835,141.70336391437309,4.2587155963302745,1.3376146788990826
2013,7,51002,2.396774193548387,51002,mazagao,AP,0.9699412412476476,,,,,,,,,,,,,,,,,,
2013,7,51004,4.506666666666666,51004,mazagao,AP,0.9699412412476476,,,,,,,,,,,,,,,,,,
2013,7,52003,9.738709677419354,52003,mazagao,AP,0.9699412412476476,,,,,,,,,,,,,,,,,,
2013,7,771001,1.7225806451612902,771001,tarauaca,AC,13.936245607269594,,,,,,,,,,,,,,,,,,
2013,7,869000,0.635483870967742,869000,manoel urbano,AC,16.334963835220805,,,,,,,,,,,,,,,,,,
2013,7,872000,0.39354838709677414,872000,marechal thaumaturgo,AC,2.16216895176458,AC,0.0732620320855615,987.3320855614974,987.753743315508,987.0938502673796,1077.17192513369,26.58021390374332,20.278609625668448,27.602941176470587,25.274064171123,21.16176470588235,19.28342245989305,75.9812834224599,65.96256684491979,70.57486631016043,157.05882352941177,3.752941176470588,1.5109625668449198
2013,7,967005,0.4838709677419355,967005,senador guiomard,AC,4.142625085117212,,,,,,,,,,,,,,,,,,
2013,7,968004,0.8548387096774194,968004,bujari,AC,8.374876485689105,,,,,,,,,,,,,,,,,,
2013,7,968005,0.970967741935484,968005,sena madureira,AC,31.99143848575409,,,,,,,,,,,,,,,,,,
2013,7,972000,0.5419354838709678,972000,marechal thaumaturgo,AC,2.16216895176458,AC,0.0732620320855615,987.3320855614974,987.753743315508,987.0938502673796,1077.17192513369,26.58021390374332,20.278609625668448,27.602941176470587,25.274064171123,21.16176470588235,19.28342245989305,75.9812834224599,65.96256684491979,70.57486631016043,157.05882352941177,3.752941176470588,1.5109625668449198
2013,7,1067002,0.41935483870967744,1067002,placido de castro,AC,4.901708045081756,,,,,,,,,,,,,,,,,,
2013,7,1067003,0.6774193548387096,1067003,capixaba,AC,5.757857577626224,,,,,,,,,,,,,,,,,,
2013,7,1068000,1.4516129032258065,1068000,xapuri,AC,10.733472154307044,,,,,,,,,,,,,,,,,,
2013,7,8050000,3.5161290322580645,8050000,macapa,AP,1.3715364606395997,,,,,,,,,,,,,,,,,,
2013,7,8050001,8.59032258064516,8050001,macapa,AP,1.3715364606395997,,,,,,,,,,,,,,,,,,
2013,7,8051010,7.616129032258065,8051010,macapa,AP,1.3715364606395997,,,,,,,,,,,,,,,,,,
2013,7,8051012,7.800000000000001,8051012,porto grande,AP,1.865895908469038,,,,,,,,,,,,,,,,,,
2013,7,8052000,8.241935483870968,8052000,serra do navio,AP,0.2671691310894487,,,,,,,,,,,,,,,,,,
2013,7,8150000,5.348387096774194,8150000,tartarugalzinho,AP,4.042944529095192,,,,,,,,,,,,,,,,,,
2013,7,8150001,7.574193548387096,8150001,tartarugalzinho,AP,4.042944529095192,,,,,,,,,,,,,,,,,,
2013,7,8151000,5.906451612903226,8151000,tartarugalzinho,AP,4.042944529095192,,,,,,,,,,,,,,,,,,
2013,7,8250002,7.387096774193548,8250002,calcoene,AP,2.9852161790398464,,,,,,,,,,,,,,,,,,
2013,7,8250003,8.938709677419356,8250003,amapa,AP,0.4504270873723959,,,,,,,,,,,,,,,,,,
2013,7,8251001,2.754838709677419,8251001,calcoene,AP,2.9852161790398464,,,,,,,,,,,,,,,,,,
2013,7,8251004,6.16774193548387,8251004,oiapoque,AP,4.947731539390354,AP,0.4007722007722007,1011.7830115830116,1012.2633204633204,1011.6741312741312,1728.3428571428572,28.07876447876448,25.344401544401546,29.04826254826255,26.93822393822394,26.39034749034749,24.401544401544403,87.27799227799228,84.85328185328186,85.46718146718146,158.992277992278,4.086486486486487,1.308108108108108
2013,7,8351002,6.72258064516129,8351002,oiapoque,AP,4.947731539390354,AP,0.4007722007722007,1011.7830115830116,1012.2633204633204,1011.6741312741312,1728.3428571428572,28.07876447876448,25.344401544401546,29.04826254826255,26.93822393822394,26.39034749034749,24.401544401544403,87.27799227799228,84.85328185328186,85.46718146718146,158.992277992278,4.086486486486487,1.308108108108108
2013,8,51002,1.670967741935484,51002,mazagao,AP,0.9699412412476476,,,,,,,,,,,,,,,,,,
2013,8,51004,3.129032258064516,51004,mazagao,AP,0.9699412412476476,,,,,,,,,,,,,,,,,,
2013,8,52003,3.0806451612903225,52003,mazagao,AP,0.9699412412476476,,,,,,,,,,,,,,,,,,
2013,8,771001,2.6516129032258067,771001,tarauaca,AC,13.936245607269594,,,,,,,,,,,,,,,,,,
2013,8,869000,3.148387096774193,869000,manoel urbano,AC,16.334963835220805,,,,,,,,,,,,,,,,,,
2013,8,872000,3.9096774193548387,872000,marechal thaumaturgo,AC,2.16216895176458,AC,0.1781914893617021,986.2079787234044,986.667819148936,985.9587765957448,1320.4210106382975,27.100797872340426,19.31595744680851,28.1343085106383,25.72526595744681,20.33909574468085,18.21276595744681,70.9813829787234,60.66489361702128,65.17819148936171,149.87765957446808,4.278457446808511,1.7063829787234044
2013,8,967005,1.4193548387096775,967005,senador guiomard,AC,4.142625085117212,,,,,,,,,,,,,,,,,,
2013,8,968004,0.6000000000000001,968004,bujari,AC,8.374876485689105,,,,,,,,,,,,,,,,,,
2013,8,968005,1.7935483870967743,968005,sena madureira,AC,31.99143848575409,,,,,,,,,,,,,,,,,,
2013,8,972000,2.8225806451612905,972000,marechal thaumaturgo,AC,2.16216895176458,AC,0.1781914893617021,986.2079787234044,986.667819148936,985.9587765957448,1320.4210106382975,27.100797872340426,19.31595744680851,28.1343085106383,25.72526595744681,20.33909574468085,18.21276595744681,70.9813829787234,60.66489361702128,65.17819148936171,149.87765957446808,4.278457446808511,1.7063829787234044
2013,8,1067002,0.22903225806451613,1067002,placido de castro,AC,4.901708045081756,,,,,,,,,,,,,,,,,,
2013,8,1067003,1.7354838709677418,1067003,capixaba,AC,5.757857577626224,,,,,,,,,,,,,,,,,,
2013,8,1068000,0.6838709677419355,1068000,xapuri,AC,10.733472154307044,,,,,,,,,,,,,,,,,,
2013,8,8050000,4.641935483870968,8050000,macapa,AP,1.3715364606395997,,,,,,,,,,,,,,,,,,
2013,8,8050001,1.7806451612903225,8050001,macapa,AP,1.3715364606395997,,,,,,,,,,,,,,,,,,
2013,8,8051010,5.074193548387097,8051010,macapa,AP,1.3715364606395997,,,,,,,,,,,,,,,,,,
2013,8,8051012,4.787096774193548,8051012,porto grande,AP,1.865895908469038,,,,,,,,,,,,,,,,,,
2013,8,8052000,7.458064516129032,8052000,serra do navio,AP,0.2671691310894487,,,,,,,,,,,,,,,,,,
2013,8,8150000,2.72258064516129,8150000,tartarugalzinho,AP,4.042944529095192,,,,,,,,,,,,,,,,,,
2013,8,8150001,1.4290322580645163,8150001,tartarugalzinho,AP,4.042944529095192,,,,,,,,,,,,,,,,,,
2013,8,8151000,0.9258064516129032,8151000,tartarugalzinho,AP,4.042944529095192,,,,,,,,,,,,,,,,,,
2013,8,8250002,3.396774193548387,8250002,calcoene,AP,2.9852161790398464,,,,,,,,,,,,,,,,,,
2013,8,8250003,2.6129032258064515,8250003,amapa,AP,0.4504270873723959,,,,,,,,,,,,,,,,,,
2013,8,8251001,2.419354838709678,8251001,calcoene,AP,2.9852161790398464,,,,,,,,,,,,,,,,,,
2013,8,8251004,4.683870967741935,8251004,oiapoque,AP,4.947731539390354,AP,0.1871720116618075,1010.2224489795918,1010.6221574344024,1010.038775510204,1719.7571428571428,29.065014577259472,24.918950437317783,30.080758017492712,27.959183673469383,25.996501457725945,24.05043731778425,81.62973760932945,78.1807580174927,79.16618075801749,128.72886297376093,4.280466472303207,1.356268221574344
2013,8,8351002,2.735483870967742,8351002,oiapoque,AP,4.947731539390354,AP,0.1871720116618075,1010.2224489795918,1010.6221574344024,1010.038775510204,1719.7571428571428,29.065014577259472,24.918950437317783,30.080758017492712,27.959183673469383,25.996501457725945,24.05043731778425,81.62973760932945,78.1807580174927,79.16618075801749,128.72886297376093,4.280466472303207,1.356268221574344
2013,9,51002,1.24,51002,mazagao,AP,0.9699412412476476,,,,,,,,,,,,,,,,,,
2013,9,51004,0.39666666666666667,51004,mazagao,AP,0.9699412412476476,,,,,,,,,,,,,,,,,,
2013,9,52003,0.6166666666666667,52003,mazagao,AP,0.9699412412476476,,,,,,,,,,,,,,,,,,
2013,9,771001,2.8366666666666664,771001,tarauaca,AC,13.936245607269594,,,,,,,,,,,,,,,,,,
2013,9,869000,1.8766666666666665,869000,manoel urbano,AC,16.334963835220805,,,,,,,,,,,,,,,,,,
2013,9,872000,1.43,872000,marechal thaumaturgo,AC,2.16216895176458,AC,0.0494845360824742,984.871649484536,985.3404639175258,984.5752577319588,1404.2654639175255,28.40180412371134,20.520360824742266,29.362886597938143,27.043298969072165,21.43247422680412,19.58969072164949,71.02835051546391,61.68298969072165,65.51288659793815,140.78092783505156,4.513917525773196,1.7961340206185563
2013,9,967005,1.49,967005,senador guiomard,AC,4.142625085117212,,,,,,,,,,,,,,,,,,
2013,9,968004,5.8100000000000005,968004,bujari,AC,8.374876485689105,,,,,,,,,,,,,,,,,,
2013,9,968005,0.6799999999999999,968005,sena madureira,AC,31.99143848575409,,,,,,,,,,,,,,,,,,
2013,9,972000,0.65,972000,marechal thaumaturgo,AC,2.16216895176458,AC,0.0494845360824742,984.871649484536,985.3404639175258,984.5752577319588,1404.2654639175255,28.40180412371134,20.520360824742266,29.362886597938143,27.043298969072165,21.43247422680412,19.58969072164949,71.02835051546391,61.68298969072165,65.51288659793815,140.78092783505156,4.513917525773196,1.7961340206185563
2013,9,1067002,4.236666666666666,1067002,placido de castro,AC,4.901708045081756,,,,,,,,,,,,,,,,,,
2013,9,1067003,1.2433333333333332,1067003,capixaba,AC,5.757857577626224,,,,,,,,,,,,,,,,,,
2013,9,1068000,1.9533333333333334,1068000,xapuri,AC,10.733472154307044,,,,,,,,,,,,,,,,,,
2013,9,8050000,0.20333333333333334,8050000,macapa,AP,1.3715364606395997,,,,,,,,,,,,,,,,,,
2013,9,8050001,0.5866666666666666,8050001,macapa,AP,1.3715364606395997,,,,,,,,,,,,,,,,,,
2013,9,8051010,0.4066666666666666,8051010,macapa,AP,1.3715364606395997,,,,,,,,,,,,,,,,,,
2013,9,8051012,3.003333333333333,8051012,porto grande,AP,1.865895908469038,,,,,,,,,,,,,,,,,,
2013,9,8052000,2.65,8052000,serra do navio,AP,0.2671691310894487,,,,,,,,,,,,,,,,,,
2013,9,8150000,0.09666666666666666,8150000,tartarugalzinho,AP,4.042944529095192,,,,,,,,,,,,,,,,,,
2013,9,8150001,0.3233333333333333,8150001,tartarugalzinho,AP,4.042944529095192,,,,,,,,,,,,,,,,,,
2013,9,8151000,0.8200000000000001,8151000,tartarugalzinho,AP,4.042944529095192,,,,,,,,,,,,,,,,,,
2013,9,8250002,0.5399999999999999,8250002,calcoene,AP,2.9852161790398464,,,,,,,,,,,,,,,,,,
2013,9,8250003,0.62,8250003,amapa,AP,0.4504270873723959,,,,,,,,,,,,,,,,,,
2013,9,8251001,0.25666666666666665,8251001,calcoene,AP,2.9852161790398464,,,,,,,,,,,,,,,,,,
2013,9,8251004,0.7599999999999999,8251004,oiapoque,AP,4.947731539390354,AP,0.1430894308943089,1010.4333333333334,1010.9272357723578,1010.2914634146342,2139.291056910569,30.59268292682927,25.767886178861787,31.583739837398376,29.21666666666667,26.99959349593496,24.76178861788618,79.72357723577235,75.72764227642277,76.3739837398374,121.60569105691056,5.260569105691056,1.7365853658536583
2013,9,8351002,1.6466666666666667,8351002,oiapoque,AP,4.947731539390354,AP,0.1430894308943089,1010.4333333333334,1010.9272357723578,1010.2914634146342,2139.291056910569,30.59268292682927,25.767886178861787,31.583739837398376,29.21666666666667,26.99959349593496,24.76178861788618,79.72357723577235,75.72764227642277,76.3739837398374,121.60569105691056,5.260569105691056,1.7365853658536583
2013,10,51002,0.8935483870967743,51002,mazagao,AP,0.9699412412476476,,,,,,,,,,,,,,,,,,
2013,10,51004,0.0,51004,mazagao,AP,0.9699412412476476,,,,,,,,,,,,,,,,,,
2013,10,52003,0.8612903225806451,52003,mazagao,AP,0.9699412412476476,,,,,,,,,,,,,,,,,,
2013,10,771001,5.358064516129032,771001,tarauaca,AC,13.936245607269594,,,,,,,,,,,,,,,,,,
2013,10,869000,4.532258064516129,869000,manoel urbano,AC,16.334963835220805,,,,,,,,,,,,,,,,,,
2013,10,872000,3.206451612903226,872000,marechal thaumaturgo,AC,2.16216895176458,AC,0.3811414392059553,983.525806451613,984.0290322580644,983.2101736972704,1280.3459057071962,27.7362282878412,22.10049627791563,28.717866004962776,26.616129032258065,23.053101736972703,21.218114143920594,78.87096774193549,69.41439205955335,73.78660049627791,154.34491315136475,4.493548387096775,1.7652605459057071
2013,10,967005,4.666666666666667,967005,senador guiomard,AC,4.142625085117212,,,,,,,,,,,,,,,,,,
2013,10,968004,8.238709677419354,968004,bujari,AC,8.374876485689105,,,,,,,,,,,,,,,,,,
2013,10,968005,11.196774193548388,968005,sena madureira,AC,31.99143848575409,,,,,,,,,,,,,,,,,,
2013,10,972000,2.806451612903226,972000,marechal thaumaturgo,AC,2.16216895176458,AC,0.3811414392059553,983.525806451613,984.0290322580644,983.2101736972704,1280.3459057071962,27.7362282878412,22.10049627791563,28.717866004962776,26.616129032258065,23.053101736972703,21.218114143920594,78.87096774193549,69.41439205955335,73.78660049627791,154.34491315136475,4.493548387096775,1.7652605459057071
2013,10,1067002,6.032258064516129,1067002,placido de castro,AC,4.901708045081756,,,,,,,,,,,,,,,,,,
2013,10,1067003,1.2096774193548387,1067003,capixaba,AC,5.757857577626224,,,,,,,,,,,,,,,,,,
2013,10,1068000,4.206451612903226,1068000,xapuri,AC,10.733472154307044,,,,,,,,,,,,,,,,,,
2013,10,8050000,0.24838709677419352,8050000,macapa,AP,1.3715364606395997,,,,,,,,,,,,,,,,,,
2013,10,8050001,0.01935483870967742,8050001,macapa,AP,1.3715364606395997,,,,,,,,,,,,,,,,,,
2013,10,8051010,0.34516129032258064,8051010,macapa,AP,1.3715364606395997,,,,,,,,,,,,,,,,,,
2013,10,8051012,2.916129032258065,8051012,porto grande,AP,1.865895908469038,,,,,,,,,,,,,,,,,,
2013,10,8052000,2.4838709677419355,8052000,serra do navio,AP,0.2671691310894487,,,,,,,,,,,,,,,,,,
2013,10,8150000,1.3066666666666669,8150000,tartarugalzinho,AP,4.042944529095192,,,,,,,,,,,,,,,,,,
2013,10,8150001,1.4903225806451614,8150001,tartarugalzinho,AP,4.042944529095192,,,,,,,,,,,,,,,,,,
2013,10,8151000,0.14838709677419357,8151000,tartarugalzinho,AP,4.042944529095192,,,,,,,,,,,,,,,,,,
2013,10,8250002,3.948387096774194,8250002,calcoene,AP,2.9852161790398464,,,,,,,,,,,,,,,,,,
2013,10,8250003,1.8193548387096774,8250003,amapa,AP,0.4504270873723959,,,,,,,,,,,,,,,,,,
2013,10,8251001,1.0903225806451613,8251001,calcoene,AP,2.9852161790398464,,,,,,,,,,,,,,,,,,
2013,10,8251004,2.803225806451613,8251004,oiapoque,AP,4.947731539390354,AP,0.0788381742738589,1009.7692946058093,1010.254356846473,1009.5921161825728,1899.467219917012,30.19502074688797,25.421991701244814,31.180497925311204,28.933195020746886,26.57510373443984,24.45767634854772,79.67634854771784,75.77178423236515,76.5850622406639,118.0,4.967634854771784,1.61701244813278
2013,10,8351002,5.096774193548387,8351002,oiapoque,AP,4.947731539390354,AP,0.0788381742738589,1009.7692946058093,1010.254356846473,1009.5921161825728,1899.467219917012,30.19502074688797,25.421991701244814,31.180497925311204,28.933195020746886,26.57510373443984,24.45767634854772,79.67634854771784,75.77178423236515,76.5850622406639,118.0,4.967634854771784,1.61701244813278
2013,11,51002,2.246666666666667,51002,mazagao,AP,0.9699412412476476,,,,,,,,,,,,,,,,,,
2013,11,51004,1.0466666666666666,51004,mazagao,AP,0.9699412412476476,,,,,,,,,,,,,,,,,,
2013,11,52003,3.5166666666666666,52003,mazagao,AP,0.9699412412476476,,,,,,,,,,,,,,,,,,
2013,11,771001,6.989999999999999,771001,tarauaca,AC,13.936245607269594,,,,,,,,,,,,,,,,,,
2013,11,869000,5.876666666666667,869000,manoel urbano,AC,16.334963835220805,,,,,,,,,,,,,,,,,,
2013,11,872000,10.42,872000,marechal thaumaturgo,AC,2.16216895176458,AC,0.3787878787878788,982.3553030303028,982.806818181818,982.0833333333334,1323.2916666666667,27.225757575757576,22.012878787878787,28.065909090909088,26.26818181818182,23.00378787878788,21.170454545454547,80.28030303030303,71.18181818181819,75.4469696969697,135.61363636363637,3.985606060606061,1.662121212121212
2013,11,967005,2.6933333333333334,967005,senador guiomard,AC,4.142625085117212,,,,,,,,,,,,,,,,,,
2013,11,968004,7.006666666666666,968004,bujari,AC,8.374876485689105,,,,,,,,,,,,,,,,,,
2013,11,968005,9.046666666666665,968005,sena madureira,AC,31.99143848575409,,,,,,,,,,,,,,,,,,
2013,11,972000,8.656666666666666,972000,marechal thaumaturgo,AC,2.16216895176458,AC,0.3787878787878788,982.3553030303028,982.806818181818,982.0833333333334,1323.2916666666667,27.225757575757576,22.012878787878787,28.065909090909088,26.26818181818182,23.00378787878788,21.170454545454547,80.28030303030303,71.18181818181819,75.4469696969697,135.61363636363637,3.985606060606061,1.662121212121212
2013,11,1067002,8.423333333333334,1067002,placido de castro,AC,4.901708045081756,,,,,,,,,,,,,,,,,,
2013,11,1067003,1.4166666666666667,1067003,capixaba,AC,5.757857577626224,,,,,,,,,,,,,,,,,,
2013,11,1068000,9.7,1068000,xapuri,AC,10.733472154307044,,,,,,,,,,,,,,,,,,
2013,11,8050000,1.0433333333333334,8050000,macapa,AP,1.3715364606395997,,,,,,,,,,,,,,,,,,
2013,11,8050001,0.7566666666666666,8050001,macapa,AP,1.3715364606395997,,,,,,,,,,,,,,,,,,
2013,11,8051010,1.1266666666666665,8051010,macapa,AP,1.3715364606395997,,,,,,,,,,,,,,,,,,
2013,11,8051012,2.643333333333333,8051012,porto grande,AP,1.865895908469038,,,,,,,,,,,,,,,,,,
2013,11,8052000,1.3366666666666667,8052000,serra do navio,AP,0.2671691310894487,,,,,,,,,,,,,,,,,,
2013,11,8150000,2.023333333333333,8150000,tartarugalzinho,AP,4.042944529095192,,,,,,,,,,,,,,,,,,
2013,11,8150001,1.1966666666666665,8150001,tartarugalzinho,AP,4.042944529095192,,,,,,,,,,,,,,,,,,
2013,11,8151000,2.356,8151000,tartarugalzinho,AP,4.042944529095192,,,,,,,,,,,,,,,,,,
2013,11,8250002,5.443333333333333,8250002,calcoene,AP,2.9852161790398464,,,,,,,,,,,,,,,,,,
2013,11,8250003,2.0433333333333334,8250003,amapa,AP,0.4504270873723959,,,,,,,,,,,,,,,,,,
2013,11,8251001,4.59,8251001,calcoene,AP,2.9852161790398464,,,,,,,,,,,,,,,,,,
2013,11,8251004,2.1266666666666665,8251004,oiapoque,AP,4.947731539390354,AP,0.0149532710280373,1007.7570093457944,1008.2728971962616,1007.6345794392524,2013.1728971962616,30.1,25.754205607476635,31.016822429906544,28.83644859813084,26.918691588785048,24.82523364485981,81.09345794392523,77.73831775700934,78.24299065420561,113.99065420560748,5.130841121495327,1.733644859813084
2013,11,8351002,3.6533333333333333,8351002,oiapoque,AP,4.947731539390354,AP,0.0149532710280373,1007.7570093457944,1008.2728971962616,1007.6345794392524,2013.1728971962616,30.1,25.754205607476635,31.016822429906544,28.83644859813084,26.918691588785048,24.82523364485981,81.09345794392523,77.73831775700934,78.24299065420561,113.99065420560748,5.130841121495327,1.733644859813084
2013,12,51002,1.0806451612903225,51002,mazagao,AP,0.9699412412476476,,,,,,,,,,,,,,,,,,
2013,12,51004,1.7096774193548387,51004,mazagao,AP,0.9699412412476476,,,,,,,,,,,,,,,,,,
2013,12,52003,2.174193548387097,52003,mazagao,AP,0.9699412412476476,,,,,,,,,,,,,,,,,,
2013,12,771001,6.054838709677419,771001,tarauaca,AC,13.936245607269594,,,,,,,,,,,,,,,,,,
2013,12,869000,9.403225806451612,869000,manoel urbano,AC,16.334963835220805,,,,,,,,,,,,,,,,,,
2013,12,872000,7.745161290322581,872000,marechal thaumaturgo,AC,2.16216895176458,,,,,,,,,,,,,,,,,,
2013,12,968004,15.432258064516128,968004,bujari,AC,8.374876485689105,,,,,,,,,,,,,,,,,,
2013,12,968005,12.82258064516129,968005,sena madureira,AC,31.99143848575409,,,,,,,,,,,,,,,,,,
2013,12,972000,4.661290322580645,972000,marechal thaumaturgo,AC,2.16216895176458,,,,,,,,,,,,,,,,,,
2013,12,1067002,4.029032258064516,1067002,placido de castro,AC,4.901708045081756,,,,,,,,,,,,,,,,,,
2013,12,1067003,7.554838709677419,1067003,capixaba,AC,5.757857577626224,,,,,,,,,,,,,,,,,,
2013,12,1068000,7.616129032258065,1068000,xapuri,AC,10.733472154307044,,,,,,,,,,,,,,,,,,
2013,12,8050000,3.603225806451613,8050000,macapa,AP,1.3715364606395997,AP,0.1512437810945273,1007.8114427860696,1008.1646766169156,1007.5343283582088,1450.4940298507463,28.617412935323387,22.384577114427863,29.240796019900497,27.8089552238806,23.007462686567163,21.793034825870645,74.62189054726367,67.01492537313433,70.21890547263682,101.273631840796,6.576119402985074,2.7422885572139304
2013,12,8050001,5.735483870967742,8050001,macapa,AP,1.3715364606395997,AP,0.1512437810945273,1007.8114427860696,1008.1646766169156,1007.5343283582088,1450.4940298507463,28.617412935323387,22.384577114427863,29.240796019900497,27.8089552238806,23.007462686567163,21.793034825870645,74.62189054726367,67.01492537313433,70.21890547263682,101.273631840796,6.576119402985074,2.7422885572139304
2013,12,8051010,1.932258064516129,8051010,macapa,AP,1.3715364606395997,AP,0.1512437810945273,1007.8114427860696,1008.1646766169156,1007.5343283582088,1450.4940298507463,28.617412935323387,22.384577114427863,29.240796019900497,27.8089552238806,23.007462686567163,21.793034825870645,74.62189054726367,67.01492537313433,70.21890547263682,101.273631840796,6.576119402985074,2.7422885572139304
2013,12,8051012,6.858064516129032,8051012,porto grande,AP,1.865895908469038,,,,,,,,,,,,,,,,,,
2013,12,8052000,8.658064516129032,8052000,serra do navio,AP,0.2671691310894487,,,,,,,,,,,,,,,,,,
2013,12,8150000,6.093103448275862,8150000,tartarugalzinho,AP,4.042944529095192,,,,,,,,,,,,,,,,,,
2013,12,8150001,6.180645161290323,8150001,tartarugalzinho,AP,4.042944529095192,,,,,,,,,,,,,,,,,,
2013,12,8151000,7.987096774193549,8151000,tartarugalzinho,AP,4.042944529095192,,,,,,,,,,,,,,,,,,
2013,12,8250002,20.238709677419354,8250002,calcoene,AP,2.9852161790398464,,,,,,,,,,,,,,,,,,
2013,12,8250003,17.956666666666667,8250003,amapa,AP,0.4504270873723959,,,,,,,,,,,,,,,,,,
2013,12,8251001,20.893548387096775,8251001,calcoene,AP,2.9852161790398464,,,,,,,,,,,,,,,,,,
2013,12,8251004,7.929032258064517,8251004,oiapoque,AP,4.947731539390354,AP,0.8716253443526171,1009.3564738292011,1009.7038567493112,1009.0876033057853,1125.5088154269972,26.93994490358127,24.719283746556474,27.8198347107438,25.949586776859505,25.601101928374657,23.852617079889807,89.29201101928375,87.38842975206612,88.04683195592287,92.95867768595042,4.813774104683196,1.47465564738292
2013,12,8351002,17.712903225806453,8351002,oiapoque,AP,4.947731539390354,AP,0.8716253443526171,1009.3564738292011,1009.7038567493112,1009.0876033057853,1125.5088154269972,26.93994490358127,24.719283746556474,27.8198347107438,25.949586776859505,25.601101928374657,23.852617079889807,89.29201101928375,87.38842975206612,88.04683195592287,92.95867768595042,4.813774104683196,1.47465564738292
2014,1,51002,7.641935483870968,51002,mazagao,AP,3.1835283244485817,,,,,,,,,,,,,,,,,,
2014,1,51004,6.241935483870968,51004,mazagao,AP,3.1835283244485817,,,,,,,,,,,,,,,,,,
2014,1,52003,3.7580645161290325,52003,mazagao,AP,3.1835283244485817,,,,,,,,,,,,,,,,,,
2014,1,771001,11.719354838709679,771001,tarauaca,AC,36.4244953822756,,,,,,,,,,,,,,,,,,
2014,1,869000,13.364516129032259,869000,manoel urbano,AC,18.459666249016767,,,,,,,,,,,,,,,,,,
2014,1,872000,4.838709677419355,872000,marechal thaumaturgo,AC,8.861123098034149,,,,,,,,,,,,,,,,,,
2014,1,968004,11.241935483870968,968004,bujari,AC,8.98501568549255,,,,,,,,,,,,,,,,,,
2014,1,968005,16.448387096774194,968005,sena madureira,AC,52.35610718255228,,,,,,,,,,,,,,,,,,
2014,1,972000,6.054838709677419,972000,marechal thaumaturgo,AC,8.861123098034149,,,,,,,,,,,,,,,,,,
2014,1,1067002,7.625806451612903,1067002,placido de castro,AC,7.387615754380198,,,,,,,,,,,,,,,,,,
2014,1,1067003,5.583870967741936,1067003,capixaba,AC,9.61837041335366,,,,,,,,,,,,,,,,,,
2014,1,1068000,8.503225806451614,1068000,xapuri,AC,18.315689033924755,,,,,,,,,,,,,,,,,,
2014,1,8050000,6.1,8050000,macapa,AP,2.6380450358643177,AP,0.3950372208436724,1009.533746898263,1009.8754342431762,1009.2518610421836,1381.840446650124,27.51538461538462,22.146898263027296,28.03821339950372,26.76898263027295,22.71960297766749,21.574193548387097,77.90570719602978,71.03970223325062,73.88833746898263,116.61786600496278,6.218610421836228,2.5826302729528536
2014,1,8050001,13.225806451612904,8050001,macapa,AP,2.6380450358643177,AP,0.3950372208436724,1009.533746898263,1009.8754342431762,1009.2518610421836,1381.840446650124,27.51538461538462,22.146898263027296,28.03821339950372,26.76898263027295,22.71960297766749,21.574193548387097,77.90570719602978,71.03970223325062,73.88833746898263,116.61786600496278,6.218610421836228,2.5826302729528536
2014,1,8051010,8.638709677419355,8051010,macapa,AP,2.6380450358643177,AP,0.3950372208436724,1009.533746898263,1009.8754342431762,1009.2518610421836,1381.840446650124,27.51538461538462,22.146898263027296,28.03821339950372,26.76898263027295,22.71960297766749,21.574193548387097,77.90570719602978,71.03970223325062,73.88833746898263,116.61786600496278,6.218610421836228,2.5826302729528536
2014,1,8051012,6.025806451612904,8051012,porto grande,AP,2.4491466642348634,,,,,,,,,,,,,,,,,,
2014,1,8052000,7.629032258064516,8052000,serra do navio,AP,0.4335246973070115,,,,,,,,,,,,,,,,,,
2014,1,8150000,8.561290322580644,8150000,tartarugalzinho,AP,2.264789783208221,,,,,,,,,,,,,,,,,,
2014,1,8150001,9.96774193548387,8150001,tartarugalzinho,AP,2.264789783208221,,,,,,,,,,,,,,,,,,
2014,1,8151000,12.380645161290323,8151000,tartarugalzinho,AP,2.264789783208221,,,,,,,,,,,,,,,,,,
2014,1,8250002,15.422580645161291,8250002,calcoene,AP,1.753678814825652,,,,,,,,,,,,,,,,,,
2014,1,8250003,16.335483870967742,8250003,amapa,AP,0.6809954612665332,,,,,,,,,,,,,,,,,,
2014,1,8251001,13.351612903225806,8251001,calcoene,AP,1.753678814825652,,,,,,,,,,,,,,,,,,
2014,1,8251003,20.516129032258064,8251003,calcoene,AP,1.753678814825652,,,,,,,,,,,,,,,,,,
2014,1,8251004,8.064516129032258,8251004,oiapoque,AP,2.5483573412034475,AP,0.6400990099009901,1010.490594059406,1010.7910891089108,1010.1876237623762,1023.914603960396,25.8990099009901,24.11336633663366,26.59183168316832,25.09009900990099,24.800742574257427,23.38663366336634,90.96039603960396,89.5569306930693,90.06930693069307,119.53465346534654,4.302227722772277,1.3747524752475246
2014,1,8351002,16.158064516129034,8351002,oiapoque,AP,2.5483573412034475,AP,0.6400990099009901,1010.490594059406,1010.7910891089108,1010.1876237623762,1023.914603960396,25.8990099009901,24.11336633663366,26.59183168316832,25.09009900990099,24.800742574257427,23.38663366336634,90.96039603960396,89.5569306930693,90.06930693069307,119.53465346534654,4.302227722772277,1.3747524752475246
2014,2,51002,7.917857142857144,51002,mazagao,AP,3.1835283244485817,,,,,,,,,,,,,,,,,,
2014,2,51004,14.875,51004,mazagao,AP,3.1835283244485817,,,,,,,,,,,,,,,,,,
2014,2,52003,9.478571428571428,52003,mazagao,AP,3.1835283244485817,,,,,,,,,,,,,,,,,,
2014,2,771001,10.028571428571428,771001,tarauaca,AC,36.4244953822756,,,,,,,,,,,,,,,,,,
2014,2,869000,6.971428571428572,869000,manoel urbano,AC,18.459666249016767,,,,,,,,,,,,,,,,,,
2014,2,872000,7.75,872000,marechal thaumaturgo,AC,8.861123098034149,,,,,,,,,,,,,,,,,,
2014,2,968004,5.646428571428571,968004,bujari,AC,8.98501568549255,,,,,,,,,,,,,,,,,,
2014,2,968005,8.717857142857143,968005,sena madureira,AC,52.35610718255228,,,,,,,,,,,,,,,,,,
2014,2,972000,7.171428571428572,972000,marechal thaumaturgo,AC,8.861123098034149,,,,,,,,,,,,,,,,,,
2014,2,1067002,4.910714285714286,1067002,placido de castro,AC,7.387615754380198,,,,,,,,,,,,,,,,,,
2014,2,1067003,5.9678571428571425,1067003,capixaba,AC,9.61837041335366,,,,,,,,,,,,,,,,,,
2014,2,1068000,11.3,1068000,xapuri,AC,18.315689033924755,,,,,,,,,,,,,,,,,,
2014,2,8050000,6.378571428571428,8050000,macapa,AP,2.6380450358643177,AP,0.6930747922437673,1008.660110803324,1009.0074792243768,1008.376731301939,1072.842382271468,26.473407202216062,22.983102493074792,26.965650969529086,25.852908587257616,23.4803324099723,22.49196675900277,85.3213296398892,79.05540166204986,81.9196675900277,99.99722991689752,5.613019390581718,2.141551246537396
2014,2,8050001,28.45,8050001,macapa,AP,2.6380450358643177,AP,0.6930747922437673,1008.660110803324,1009.0074792243768,1008.376731301939,1072.842382271468,26.473407202216062,22.983102493074792,26.965650969529086,25.852908587257616,23.4803324099723,22.49196675900277,85.3213296398892,79.05540166204986,81.9196675900277,99.99722991689752,5.613019390581718,2.141551246537396
2014,2,8051010,14.167857142857143,8051010,macapa,AP,2.6380450358643177,AP,0.6930747922437673,1008.660110803324,1009.0074792243768,1008.376731301939,1072.842382271468,26.473407202216062,22.983102493074792,26.965650969529086,25.852908587257616,23.4803324099723,22.49196675900277,85.3213296398892,79.05540166204986,81.9196675900277,99.99722991689752,5.613019390581718,2.141551246537396
2014,2,8051012,12.307142857142859,8051012,porto grande,AP,2.4491466642348634,,,,,,,,,,,,,,,,,,
2014,2,8052000,15.825000000000001,8052000,serra do navio,AP,0.4335246973070115,,,,,,,,,,,,,,,,,,
2014,2,8150000,15.985714285714286,8150000,tartarugalzinho,AP,2.264789783208221,,,,,,,,,,,,,,,,,,
2014,2,8150001,21.978571428571428,8150001,tartarugalzinho,AP,2.264789783208221,,,,,,,,,,,,,,,,,,
2014,2,8151000,12.514285714285716,8151000,tartarugalzinho,AP,2.264789783208221,,,,,,,,,,,,,,,,,,
2014,2,8250002,24.646428571428572,8250002,calcoene,AP,1.753678814825652,,,,,,,,,,,,,,,,,,
2014,2,8250003,31.49642857142857,8250003,amapa,AP,0.6809954612665332,,,,,,,,,,,,,,,,,,
2014,2,8251001,24.964285714285715,8251001,calcoene,AP,1.753678814825652,,,,,,,,,,,,,,,,,,
2014,2,8251003,22.314285714285713,8251003,calcoene,AP,1.753678814825652,,,,,,,,,,,,,,,,,,
2014,2,8251004,18.357142857142858,8251004,oiapoque,AP,2.5483573412034475,AP,0.0451790633608815,1009.7366391184572,1010.037741046832,1009.4388429752066,818.4413223140497,25.524517906336087,24.033608815427,26.21487603305785,24.82479338842975,24.71101928374656,23.39724517906336,92.3168044077135,91.1404958677686,91.5785123966942,80.54820936639119,4.794214876033058,1.5195592286501378
2014,2,8351002,15.285714285714286,8351002,oiapoque,AP,2.5483573412034475,AP,0.0451790633608815,1009.7366391184572,1010.037741046832,1009.4388429752066,818.4413223140497,25.524517906336087,24.033608815427,26.21487603305785,24.82479338842975,24.71101928374656,23.39724517906336,92.3168044077135,91.1404958677686,91.5785123966942,80.54820936639119,4.794214876033058,1.5195592286501378
2014,3,51002,8.114814814814814,51002,mazagao,AP,3.1835283244485817,,,,,,,,,,,,,,,,,,
2014,3,51004,11.651612903225805,51004,mazagao,AP,3.1835283244485817,,,,,,,,,,,,,,,,,,
2014,3,52003,8.803225806451612,52003,mazagao,AP,3.1835283244485817,,,,,,,,,,,,,,,,,,
2014,3,771001,9.490322580645161,771001,tarauaca,AC,36.4244953822756,,,,,,,,,,,,,,,,,,
2014,3,869000,9.245161290322581,869000,manoel urbano,AC,18.459666249016767,,,,,,,,,,,,,,,,,,
2014,3,872000,11.770967741935483,872000,marechal thaumaturgo,AC,8.861123098034149,,,,,,,,,,,,,,,,,,
2014,3,968004,5.635483870967741,968004,bujari,AC,8.98501568549255,,,,,,,,,,,,,,,,,,
2014,3,968005,12.303225806451612,968005,sena madureira,AC,52.35610718255228,,,,,,,,,,,,,,,,,,
2014,3,972000,0.25483870967741934,972000,marechal thaumaturgo,AC,8.861123098034149,,,,,,,,,,,,,,,,,,
2014,3,1067002,9.703225806451613,1067002,placido de castro,AC,7.387615754380198,,,,,,,,,,,,,,,,,,
2014,3,1067003,3.6870967741935483,1067003,capixaba,AC,9.61837041335366,,,,,,,,,,,,,,,,,,
2014,3,1068000,6.574193548387097,1068000,xapuri,AC,18.315689033924755,,,,,,,,,,,,,,,,,,
2014,3,8050000,12.174193548387096,8050000,macapa,AP,2.6380450358643177,AP,0.5598014888337469,1009.4382133995036,1009.8198511166254,1009.1285359801489,1094.7957816377173,26.75334987593052,23.1136476426799,27.28709677419355,26.077667493796525,23.62109181141439,22.61166253101737,84.72952853598015,78.10173697270471,81.15384615384616,83.97518610421837,5.824813895781638,2.175930521091811
2014,3,8050001,19.393548387096775,8050001,macapa,AP,2.6380450358643177,AP,0.5598014888337469,1009.4382133995036,1009.8198511166254,1009.1285359801489,1094.7957816377173,26.75334987593052,23.1136476426799,27.28709677419355,26.077667493796525,23.62109181141439,22.61166253101737,84.72952853598015,78.10173697270471,81.15384615384616,83.97518610421837,5.824813895781638,2.175930521091811
2014,3,8051010,17.096774193548388,8051010,macapa,AP,2.6380450358643177,AP,0.5598014888337469,1009.4382133995036,1009.8198511166254,1009.1285359801489,1094.7957816377173,26.75334987593052,23.1136476426799,27.28709677419355,26.077667493796525,23.62109181141439,22.61166253101737,84.72952853598015,78.10173697270471,81.15384615384616,83.97518610421837,5.824813895781638,2.175930521091811
2014,3,8051012,10.606451612903227,8051012,porto grande,AP,2.4491466642348634,,,,,,,,,,,,,,,,,,
2014,3,8052000,11.196774193548388,8052000,serra do navio,AP,0.4335246973070115,,,,,,,,,,,,,,,,,,
2014,3,8150000,11.393333333333334,8150000,tartarugalzinho,AP,2.264789783208221,,,,,,,,,,,,,,,,,,
2014,3,8150001,11.474193548387097,8150001,tartarugalzinho,AP,2.264789783208221,,,,,,,,,,,,,,,,,,
2014,3,8151000,18.164516129032258,8151000,tartarugalzinho,AP,2.264789783208221,,,,,,,,,,,,,,,,,,
2014,3,8250002,17.11935483870968,8250002,calcoene,AP,1.753678814825652,,,,,,,,,,,,,,,,,,
2014,3,8250003,25.92258064516129,8250003,amapa,AP,0.6809954612665332,,,,,,,,,,,,,,,,,,
2014,3,8251001,13.041935483870969,8251001,calcoene,AP,1.753678814825652,,,,,,,,,,,,,,,,,,
2014,3,8251003,14.151612903225805,8251003,calcoene,AP,1.753678814825652,,,,,,,,,,,,,,,,,,
2014,3,8251004,4.067741935483871,8251004,oiapoque,AP,2.5483573412034475,,,,,,,,,,,,,,,,,,
2014,3,8351002,3.6322580645161286,8351002,oiapoque,AP,2.5483573412034475,,,,,,,,,,,,,,,,,,
2014,4,51002,5.546153846153846,51002,mazagao,AP,3.1835283244485817,,,,,,,,,,,,,,,,,,
2014,4,51004,10.036666666666665,51004,mazagao,AP,3.1835283244485817,,,,,,,,,,,,,,,,,,
2014,4,52003,8.956666666666667,52003,mazagao,AP,3.1835283244485817,,,,,,,,,,,,,,,,,,
2014,4,771001,8.993333333333334,771001,tarauaca,AC,36.4244953822756,,,,,,,,,,,,,,,,,,
2014,4,869000,8.013333333333334,869000,manoel urbano,AC,18.459666249016767,,,,,,,,,,,,,,,,,,
2014,4,872000,7.3533333333333335,872000,marechal thaumaturgo,AC,8.861123098034149,,,,,,,,,,,,,,,,,,
2014,4,968004,6.263333333333334,968004,bujari,AC,8.98501568549255,,,,,,,,,,,,,,,,,,
2014,4,968005,4.823333333333334,968005,sena madureira,AC,52.35610718255228,,,,,,,,,,,,,,,,,,
2014,4,972000,0.9133333333333334,972000,marechal thaumaturgo,AC,8.861123098034149,,,,,,,,,,,,,,,,,,
2014,4,1067002,5.85,1067002,placido de castro,AC,7.387615754380198,,,,,,,,,,,,,,,,,,
2014,4,1067003,1.5,1067003,capixaba,AC,9.61837041335366,,,,,,,,,,,,,,,,,,
2014,4,1068000,2.8333333333333335,1068000,xapuri,AC,18.315689033924755,,,,,,,,,,,,,,,,,,
2014,4,8050000,11.676666666666668,8050000,macapa,AP,2.6380450358643177,AP,0.3278350515463917,1009.6726804123712,1010.0615979381444,1009.3708762886598,1257.7311855670102,27.40979381443299,23.258247422680416,27.9430412371134,26.74664948453609,23.786340206185567,22.73298969072165,82.72422680412372,75.71649484536083,78.90979381443299,88.12371134020619,5.784536082474227,2.292525773195876
2014,4,8050001,28.0,8050001,macapa,AP,2.6380450358643177,AP,0.3278350515463917,1009.6726804123712,1010.0615979381444,1009.3708762886598,1257.7311855670102,27.40979381443299,23.258247422680416,27.9430412371134,26.74664948453609,23.786340206185567,22.73298969072165,82.72422680412372,75.71649484536083,78.90979381443299,88.12371134020619,5.784536082474227,2.292525773195876
2014,4,8051010,11.0,8051010,macapa,AP,2.6380450358643177,AP,0.3278350515463917,1009.6726804123712,1010.0615979381444,1009.3708762886598,1257.7311855670102,27.40979381443299,23.258247422680416,27.9430412371134,26.74664948453609,23.786340206185567,22.73298969072165,82.72422680412372,75.71649484536083,78.90979381443299,88.12371134020619,5.784536082474227,2.292525773195876
2014,4,8051012,8.673333333333334,8051012,porto grande,AP,2.4491466642348634,,,,,,,,,,,,,,,,,,
2014,4,8052000,10.166666666666666,8052000,serra do navio,AP,0.4335246973070115,,,,,,,,,,,,,,,,,,
2014,4,8150000,15.81,8150000,tartarugalzinho,AP,2.264789783208221,,,,,,,,,,,,,,,,,,
2014,4,8150001,19.926666666666666,8150001,tartarugalzinho,AP,2.264789783208221,,,,,,,,,,,,,,,,,,
2014,4,8151000,14.96,8151000,tartarugalzinho,AP,2.264789783208221,,,,,,,,,,,,,,,,,,
2014,4,8250002,20.876666666666665,8250002,calcoene,AP,1.753678814825652,,,,,,,,,,,,,,,,,,
2014,4,8250003,28.41,8250003,amapa,AP,0.6809954612665332,,,,,,,,,,,,,,,,,,
2014,4,8251001,21.433333333333334,8251001,calcoene,AP,1.753678814825652,,,,,,,,,,,,,,,,,,
2014,4,8251003,21.46333333333333,8251003,calcoene,AP,1.753678814825652,,,,,,,,,,,,,,,,,,
2014,4,8251004,12.756666666666666,8251004,oiapoque,AP,2.5483573412034475,,,,,,,,,,,,,,,,,,
2014,4,8351002,7.42,8351002,oiapoque,AP,2.5483573412034475,,,,,,,,,,,,,,,,,,
2014,5,51002,4.719354838709677,51002,mazagao,AP,3.1835283244485817,,,,,,,,,,,,,,,,,,
2014,5,51004,8.76774193548387,51004,mazagao,AP,3.1835283244485817,,,,,,,,,,,,,,,,,,
2014,5,52003,12.2,52003,mazagao,AP,3.1835283244485817,,,,,,,,,,,,,,,,,,
2014,5,869000,3.7387096774193544,869000,manoel urbano,AC,18.459666249016767,,,,,,,,,,,,,,,,,,
2014,5,872000,2.4322580645161294,872000,marechal thaumaturgo,AC,8.861123098034149,,,,,,,,,,,,,,,,,,
2014,5,968004,3.764516129032258,968004,bujari,AC,8.98501568549255,,,,,,,,,,,,,,,,,,
2014,5,968005,5.341935483870968,968005,sena madureira,AC,52.35610718255228,,,,,,,,,,,,,,,,,,
2014,5,972000,1.9064516129032258,972000,marechal thaumaturgo,AC,8.861123098034149,,,,,,,,,,,,,,,,,,
2014,5,1067002,3.638709677419355,1067002,placido de castro,AC,7.387615754380198,,,,,,,,,,,,,,,,,,
2014,5,1067003,0.8064516129032258,1067003,capixaba,AC,9.61837041335366,,,,,,,,,,,,,,,,,,
2014,5,1068000,2.5806451612903225,1068000,xapuri,AC,18.315689033924755,,,,,,,,,,,,,,,,,,
2014,5,8050000,17.358064516129033,8050000,macapa,AP,2.6380450358643177,AP,0.4572139303482587,1009.8574626865671,1010.2044776119404,1009.563184079602,1191.673631840796,27.28905472636816,23.314427860696515,27.78407960199005,26.65373134328358,23.861194029850747,22.784825870646767,83.30099502487562,76.66666666666667,79.67164179104478,97.80348258706468,4.964925373134329,1.964179104477612
2014,5,8050001,26.64516129032258,8050001,macapa,AP,2.6380450358643177,AP,0.4572139303482587,1009.8574626865671,1010.2044776119404,1009.563184079602,1191.673631840796,27.28905472636816,23.314427860696515,27.78407960199005,26.65373134328358,23.861194029850747,22.784825870646767,83.30099502487562,76.66666666666667,79.67164179104478,97.80348258706468,4.964925373134329,1.964179104477612
2014,5,8051010,13.564516129032258,8051010,macapa,AP,2.6380450358643177,AP,0.4572139303482587,1009.8574626865671,1010.2044776119404,1009.563184079602,1191.673631840796,27.28905472636816,23.314427860696515,27.78407960199005,26.65373134328358,23.861194029850747,22.784825870646767,83.30099502487562,76.66666666666667,79.67164179104478,97.80348258706468,4.964925373134329,1.964179104477612
2014,5,8051012,15.393333333333334,8051012,porto grande,AP,2.4491466642348634,,,,,,,,,,,,,,,,,,
2014,5,8052000,12.816129032258065,8052000,serra do navio,AP,0.4335246973070115,,,,,,,,,,,,,,,,,,
2014,5,8150000,16.026666666666667,8150000,tartarugalzinho,AP,2.264789783208221,,,,,,,,,,,,,,,,,,
2014,5,8150001,19.551612903225806,8150001,tartarugalzinho,AP,2.264789783208221,,,,,,,,,,,,,,,,,,
2014,5,8151000,12.422580645161291,8151000,tartarugalzinho,AP,2.264789783208221,,,,,,,,,,,,,,,,,,
2014,5,8250002,27.625806451612902,8250002,calcoene,AP,1.753678814825652,,,,,,,,,,,,,,,,,,
2014,5,8250003,33.71935483870968,8250003,amapa,AP,0.6809954612665332,,,,,,,,,,,,,,,,,,
2014,5,8251001,43.26129032258064,8251001,calcoene,AP,1.753678814825652,,,,,,,,,,,,,,,,,,
2014,5,8251003,18.858064516129033,8251003,calcoene,AP,1.753678814825652,,,,,,,,,,,,,,,,,,
2014,5,8251004,17.651724137931033,8251004,oiapoque,AP,2.5483573412034475,,,,,,,,,,,,,,,,,,
2014,5,8351002,13.896774193548387,8351002,oiapoque,AP,2.5483573412034475,,,,,,,,,,,,,,,,,,
2014,6,51002,5.172413793103448,51002,mazagao,AP,3.1835283244485817,,,,,,,,,,,,,,,,,,
2014,6,51004,11.37,51004,mazagao,AP,3.1835283244485817,,,,,,,,,,,,,,,,,,
2014,6,52003,10.46,52003,mazagao,AP,3.1835283244485817,,,,,,,,,,,,,,,,,,
2014,6,869000,3.3766666666666665,869000,manoel urbano,AC,18.459666249016767,,,,,,,,,,,,,,,,,,
2014,6,872000,0.44333333333333336,872000,marechal thaumaturgo,AC,8.861123098034149,,,,,,,,,,,,,,,,,,
2014,6,967005,0.0,967005,senador guiomard,AC,3.984847608914281,,,,,,,,,,,,,,,,,,
2014,6,968004,1.2566666666666668,968004,bujari,AC,8.98501568549255,,,,,,,,,,,,,,,,,,
2014,6,968005,0.7166666666666667,968005,sena madureira,AC,52.35610718255228,,,,,,,,,,,,,,,,,,
2014,6,972000,0.9133333333333334,972000,marechal thaumaturgo,AC,8.861123098034149,,,,,,,,,,,,,,,,,,
2014,6,1067002,0.8,1067002,placido de castro,AC,7.387615754380198,,,,,,,,,,,,,,,,,,
2014,6,1067003,0.5366666666666667,1067003,capixaba,AC,9.61837041335366,,,,,,,,,,,,,,,,,,
2014,6,1068000,0.5133333333333333,1068000,xapuri,AC,18.315689033924755,,,,,,,,,,,,,,,,,,
2014,6,8050000,14.443333333333333,8050000,macapa,AP,2.6380450358643177,AP,0.4675126903553299,1010.234771573604,1010.5741116751268,1009.9738578680204,1401.3261421319796,28.062690355329952,23.32005076142132,28.66015228426396,27.300507614213195,23.91294416243655,22.696954314720813,80.46192893401015,72.8248730964467,76.31218274111676,112.44416243654824,5.576903553299493,2.2248730964467005
2014,6,8050001,12.516666666666667,8050001,macapa,AP,2.6380450358643177,AP,0.4675126903553299,1010.234771573604,1010.5741116751268,1009.9738578680204,1401.3261421319796,28.062690355329952,23.32005076142132,28.66015228426396,27.300507614213195,23.91294416243655,22.696954314720813,80.46192893401015,72.8248730964467,76.31218274111676,112.44416243654824,5.576903553299493,2.2248730964467005
2014,6,8051010,15.41,8051010,macapa,AP,2.6380450358643177,AP,0.4675126903553299,1010.234771573604,1010.5741116751268,1009.9738578680204,1401.3261421319796,28.062690355329952,23.32005076142132,28.66015228426396,27.300507614213195,23.91294416243655,22.696954314720813,80.46192893401015,72.8248730964467,76.31218274111676,112.44416243654824,5.576903553299493,2.2248730964467005
2014,6,8051012,10.506666666666666,8051012,porto grande,AP,2.4491466642348634,,,,,,,,,,,,,,,,,,
2014,6,8052000,8.526666666666667,8052000,serra do navio,AP,0.4335246973070115,,,,,,,,,,,,,,,,,,
2014,6,8150000,10.175862068965518,8150000,tartarugalzinho,AP,2.264789783208221,,,,,,,,,,,,,,,,,,
2014,6,8150001,7.516666666666667,8150001,tartarugalzinho,AP,2.264789783208221,,,,,,,,,,,,,,,,,,
2014,6,8151000,17.226666666666667,8151000,tartarugalzinho,AP,2.264789783208221,,,,,,,,,,,,,,,,,,
2014,6,8250002,17.323333333333334,8250002,calcoene,AP,1.753678814825652,,,,,,,,,,,,,,,,,,
2014,6,8250003,16.27,8250003,amapa,AP,0.6809954612665332,,,,,,,,,,,,,,,,,,
2014,6,8251001,20.84,8251001,calcoene,AP,1.753678814825652,,,,,,,,,,,,,,,,,,
2014,6,8251003,11.263333333333332,8251003,calcoene,AP,1.753678814825652,,,,,,,,,,,,,,,,,,
2014,6,8251004,14.470000000000002,8251004,oiapoque,AP,2.5483573412034475,,,,,,,,,,,,,,,,,,
2014,6,8351002,14.333333333333334,8351002,oiapoque,AP,2.5483573412034475,,,,,,,,,,,,,,,,,,
2014,7,51002,3.390322580645161,51002,mazagao,AP,3.1835283244485817,,,,,,,,,,,,,,,,,,
2014,7,51004,5.3,51004,mazagao,AP,3.1835283244485817,,,,,,,,,,,,,,,,,,
2014,7,52003,7.626666666666667,52003,mazagao,AP,3.1835283244485817,,,,,,,,,,,,,,,,,,
2014,7,872000,0.7870967741935483,872000,marechal thaumaturgo,AC,8.861123098034149,,,,,,,,,,,,,,,,,,
2014,7,967005,0.0,967005,senador guiomard,AC,3.984847608914281,,,,,,,,,,,,,,,,,,
2014,7,968004,0.09032258064516129,968004,bujari,AC,8.98501568549255,,,,,,,,,,,,,,,,,,
2014,7,972000,0.25483870967741934,972000,marechal thaumaturgo,AC,8.861123098034149,,,,,,,,,,,,,,,,,,
2014,7,1067002,0.36129032258064514,1067002,placido de castro,AC,7.387615754380198,,,,,,,,,,,,,,,,,,
2014,7,1067003,2.5161290322580645,1067003,capixaba,AC,9.61837041335366,,,,,,,,,,,,,,,,,,
2014,7,1068000,2.916129032258065,1068000,xapuri,AC,18.315689033924755,,,,,,,,,,,,,,,,,,
2014,7,8050000,7.883870967741935,8050000,macapa,AP,2.6380450358643177,AP,0.0744416873449131,1012.03523573201,1012.3712158808931,1011.8,1619.702977667494,28.643920595533498,22.57692307692308,29.16377171215881,27.86228287841191,23.274193548387096,21.938213399503724,75.38213399503722,67.72456575682382,70.81637717121588,112.6774193548387,5.854838709677419,2.4590570719602978
2014,7,8050001,3.838709677419355,8050001,macapa,AP,2.6380450358643177,AP,0.0744416873449131,1012.03523573201,1012.3712158808931,1011.8,1619.702977667494,28.643920595533498,22.57692307692308,29.16377171215881,27.86228287841191,23.274193548387096,21.938213399503724,75.38213399503722,67.72456575682382,70.81637717121588,112.6774193548387,5.854838709677419,2.4590570719602978
2014,7,8051010,6.396774193548388,8051010,macapa,AP,2.6380450358643177,AP,0.0744416873449131,1012.03523573201,1012.3712158808931,1011.8,1619.702977667494,28.643920595533498,22.57692307692308,29.16377171215881,27.86228287841191,23.274193548387096,21.938213399503724,75.38213399503722,67.72456575682382,70.81637717121588,112.6774193548387,5.854838709677419,2.4590570719602978
2014,7,8051012,7.412903225806451,8051012,porto grande,AP,2.4491466642348634,,,,,,,,,,,,,,,,,,
2014,7,8052000,5.535483870967742,8052000,serra do navio,AP,0.4335246973070115,,,,,,,,,,,,,,,,,,
2014,7,8150000,4.33225806451613,8150000,tartarugalzinho,AP,2.264789783208221,,,,,,,,,,,,,,,,,,
2014,7,8150001,5.087096774193548,8150001,tartarugalzinho,AP,2.264789783208221,,,,,,,,,,,,,,,,,,
2014,7,8250002,8.7,8250002,calcoene,AP,1.753678814825652,,,,,,,,,,,,,,,,,,
2014,7,8250003,5.554838709677419,8250003,amapa,AP,0.6809954612665332,,,,,,,,,,,,,,,,,,
2014,7,8251001,5.745161290322581,8251001,calcoene,AP,1.753678814825652,,,,,,,,,,,,,,,,,,
2014,7,8251003,5.480645161290322,8251003,calcoene,AP,1.753678814825652,,,,,,,,,,,,,,,,,,
2014,7,8251004,7.374193548387097,8251004,oiapoque,AP,2.5483573412034475,,,,,,,,,,,,,,,,,,
2014,7,8351002,5.848387096774193,8351002,oiapoque,AP,2.5483573412034475,,,,,,,,,,,,,,,,,,
2014,8,51002,1.0903225806451613,51002,mazagao,AP,3.1835283244485817,,,,,,,,,,,,,,,,,,
2014,8,51004,1.096774193548387,51004,mazagao,AP,3.1835283244485817,,,,,,,,,,,,,,,,,,
2014,8,52003,3.4129032258064513,52003,mazagao,AP,3.1835283244485817,,,,,,,,,,,,,,,,,,
2014,8,872000,1.896774193548387,872000,marechal thaumaturgo,AC,8.861123098034149,,,,,,,,,,,,,,,,,,
2014,8,967005,0.0,967005,senador guiomard,AC,3.984847608914281,,,,,,,,,,,,,,,,,,
2014,8,968004,3.103225806451613,968004,bujari,AC,8.98501568549255,,,,,,,,,,,,,,,,,,
2014,8,972000,0.0,972000,marechal thaumaturgo,AC,8.861123098034149,,,,,,,,,,,,,,,,,,
2014,8,1067002,2.767741935483871,1067002,placido de castro,AC,7.387615754380198,,,,,,,,,,,,,,,,,,
2014,8,1067003,10.03225806451613,1067003,capixaba,AC,9.61837041335366,,,,,,,,,,,,,,,,,,
2014,8,1068000,0.7225806451612903,1068000,xapuri,AC,18.315689033924755,,,,,,,,,,,,,,,,,,
2014,8,8050000,1.0225806451612902,8050000,macapa,AP,2.6380450358643177,AP,0.0276543209876543,1010.9093827160492,1011.2407407407408,1010.678024691358,1789.4123456790123,29.443703703703704,22.075802469135805,30.05432098765432,28.612098765432098,22.789135802469136,21.43111111111111,70.21728395061729,62.77777777777778,65.75308641975309,108.5925925925926,6.583950617283951,2.846172839506173
2014,8,8050001,1.2000000000000002,8050001,macapa,AP,2.6380450358643177,AP,0.0276543209876543,1010.9093827160492,1011.2407407407408,1010.678024691358,1789.4123456790123,29.443703703703704,22.075802469135805,30.05432098765432,28.612098765432098,22.789135802469136,21.43111111111111,70.21728395061729,62.77777777777778,65.75308641975309,108.5925925925926,6.583950617283951,2.846172839506173
2014,8,8051010,0.6032258064516128,8051010,macapa,AP,2.6380450358643177,AP,0.0276543209876543,1010.9093827160492,1011.2407407407408,1010.678024691358,1789.4123456790123,29.443703703703704,22.075802469135805,30.05432098765432,28.612098765432098,22.789135802469136,21.43111111111111,70.21728395061729,62.77777777777778,65.75308641975309,108.5925925925926,6.583950617283951,2.846172839506173
2014,8,8051012,3.4838709677419355,8051012,porto grande,AP,2.4491466642348634,,,,,,,,,,,,,,,,,,
2014,8,8052000,2.306451612903226,8052000,serra do navio,AP,0.4335246973070115,,,,,,,,,,,,,,,,,,
2014,8,8150000,2.3,8150000,tartarugalzinho,AP,2.264789783208221,,,,,,,,,,,,,,,,,,
2014,8,8150001,2.7548387096774194,8150001,tartarugalzinho,AP,2.264789783208221,,,,,,,,,,,,,,,,,,
2014,8,8151000,0.4,8151000,tartarugalzinho,AP,2.264789783208221,,,,,,,,,,,,,,,,,,
2014,8,8250002,2.670967741935484,8250002,calcoene,AP,1.753678814825652,,,,,,,,,,,,,,,,,,
2014,8,8250003,1.667741935483871,8250003,amapa,AP,0.6809954612665332,,,,,,,,,,,,,,,,,,
2014,8,8251001,1.167741935483871,8251001,calcoene,AP,1.753678814825652,,,,,,,,,,,,,,,,,,
2014,8,8251003,3.970967741935484,8251003,calcoene,AP,1.753678814825652,,,,,,,,,,,,,,,,,,
2014,8,8251004,4.416129032258064,8251004,oiapoque,AP,2.5483573412034475,,,,,,,,,,,,,,,,,,
2014,8,8351002,5.425806451612903,8351002,oiapoque,AP,2.5483573412034475,,,,,,,,,,,,,,,,,,
2014,9,51002,0.7533333333333334,51002,mazagao,AP,3.1835283244485817,,,,,,,,,,,,,,,,,,
2014,9,51004,2.9233333333333333,51004,mazagao,AP,3.1835283244485817,,,,,,,,,,,,,,,,,,
2014,9,52003,1.0666666666666667,52003,mazagao,AP,3.1835283244485817,,,,,,,,,,,,,,,,,,
2014,9,872000,4.113333333333333,872000,marechal thaumaturgo,AC,8.861123098034149,,,,,,,,,,,,,,,,,,
2014,9,967005,2.5866666666666664,967005,senador guiomard,AC,3.984847608914281,,,,,,,,,,,,,,,,,,
2014,9,968004,6.7,968004,bujari,AC,8.98501568549255,,,,,,,,,,,,,,,,,,
2014,9,972000,1.3766666666666665,972000,marechal thaumaturgo,AC,8.861123098034149,,,,,,,,,,,,,,,,,,
2014,9,1067002,1.0933333333333333,1067002,placido de castro,AC,7.387615754380198,,,,,,,,,,,,,,,,,,
2014,9,1067003,25.233333333333334,1067003,capixaba,AC,9.61837041335366,,,,,,,,,,,,,,,,,,
2014,9,1068000,2.893333333333333,1068000,xapuri,AC,18.315689033924755,,,,,,,,,,,,,,,,,,
2014,9,8050000,0.02666666666666667,8050000,macapa,AP,2.6380450358643177,AP,0.0046153846153846,1010.4441025641026,1010.7833333333332,1010.1689743589744,1915.2317948717948,29.810769230769232,21.826666666666664,30.36076923076924,28.97205128205128,22.45846153846154,21.19205128205128,67.50256410256411,60.67948717948718,63.297435897435896,98.25128205128205,7.415128205128205,3.3807692307692307
2014,9,8050001,0.45333333333333337,8050001,macapa,AP,2.6380450358643177,AP,0.0046153846153846,1010.4441025641026,1010.7833333333332,1010.1689743589744,1915.2317948717948,29.810769230769232,21.826666666666664,30.36076923076924,28.97205128205128,22.45846153846154,21.19205128205128,67.50256410256411,60.67948717948718,63.297435897435896,98.25128205128205,7.415128205128205,3.3807692307692307
2014,9,8051010,0.0,8051010,macapa,AP,2.6380450358643177,AP,0.0046153846153846,1010.4441025641026,1010.7833333333332,1010.1689743589744,1915.2317948717948,29.810769230769232,21.826666666666664,30.36076923076924,28.97205128205128,22.45846153846154,21.19205128205128,67.50256410256411,60.67948717948718,63.297435897435896,98.25128205128205,7.415128205128205,3.3807692307692307
2014,9,8051012,1.2,8051012,porto grande,AP,2.4491466642348634,,,,,,,,,,,,,,,,,,
2014,9,8052000,2.7933333333333334,8052000,serra do navio,AP,0.4335246973070115,,,,,,,,,,,,,,,,,,
2014,9,8150000,0.0,8150000,tartarugalzinho,AP,2.264789783208221,,,,,,,,,,,,,,,,,,
2014,9,8150001,0.16333333333333336,8150001,tartarugalzinho,AP,2.264789783208221,,,,,,,,,,,,,,,,,,
2014,9,8151000,0.15,8151000,tartarugalzinho,AP,2.264789783208221,,,,,,,,,,,,,,,,,,
2014,9,8250002,0.52,8250002,calcoene,AP,1.753678814825652,,,,,,,,,,,,,,,,,,
2014,9,8250003,6.176666666666667,8250003,amapa,AP,0.6809954612665332,,,,,,,,,,,,,,,,,,
2014,9,8251001,0.0,8251001,calcoene,AP,1.753678814825652,,,,,,,,,,,,,,,,,,
2014,9,8251003,0.49333333333333335,8251003,calcoene,AP,1.753678814825652,,,,,,,,,,,,,,,,,,
2014,9,8251004,0.17666666666666667,8251004,oiapoque,AP,2.5483573412034475,AP,0.0143589743589743,1010.9889743589744,1011.3241025641026,1010.72,1665.1107692307692,29.20179487179488,24.064615384615387,30.13307692307692,27.979230769230767,25.0874358974359,23.135384615384613,77.83589743589744,74.18974358974359,75.15128205128205,112.23333333333332,4.309230769230769,1.3623076923076922
2014,9,8351002,0.7133333333333334,8351002,oiapoque,AP,2.5483573412034475,AP,0.0143589743589743,1010.9889743589744,1011.3241025641026,1010.72,1665.1107692307692,29.20179487179488,24.064615384615387,30.13307692307692,27.979230769230767,25.0874358974359,23.135384615384613,77.83589743589744,74.18974358974359,75.15128205128205,112.23333333333332,4.309230769230769,1.3623076923076922
2014,10,51002,0.5483870967741935,51002,mazagao,AP,3.1835283244485817,,,,,,,,,,,,,,,,,,
2014,10,51004,1.2322580645161292,51004,mazagao,AP,3.1835283244485817,,,,,,,,,,,,,,,,,,
2014,10,52003,0.0967741935483871,52003,mazagao,AP,3.1835283244485817,,,,,,,,,,,,,,,,,,
2014,10,872000,1.5290322580645161,872000,marechal thaumaturgo,AC,8.861123098034149,,,,,,,,,,,,,,,,,,
2014,10,967005,5.590322580645162,967005,senador guiomard,AC,3.984847608914281,,,,,,,,,,,,,,,,,,
2014,10,968004,4.341935483870968,968004,bujari,AC,8.98501568549255,,,,,,,,,,,,,,,,,,
2014,10,972000,4.383870967741935,972000,marechal thaumaturgo,AC,8.861123098034149,,,,,,,,,,,,,,,,,,
2014,10,1067002,5.693548387096774,1067002,placido de castro,AC,7.387615754380198,,,,,,,,,,,,,,,,,,
2014,10,1067003,29.322580645161292,1067003,capixaba,AC,9.61837041335366,,,,,,,,,,,,,,,,,,
2014,10,1068000,5.380645161290323,1068000,xapuri,AC,18.315689033924755,,,,,,,,,,,,,,,,,,
2014,10,8050000,0.11935483870967742,8050000,macapa,AP,2.6380450358643177,AP,0.0488888888888888,1009.3017283950618,1009.658024691358,1009.0222222222222,1899.3834567901235,30.184444444444445,22.026666666666664,30.791604938271607,29.303703703703704,22.630864197530865,21.384938271604938,66.8395061728395,59.91358024691358,62.669135802469135,99.08641975308642,7.638765432098765,3.431111111111111
2014,10,8050001,0.41935483870967744,8050001,macapa,AP,2.6380450358643177,AP,0.0488888888888888,1009.3017283950618,1009.658024691358,1009.0222222222222,1899.3834567901235,30.184444444444445,22.026666666666664,30.791604938271607,29.303703703703704,22.630864197530865,21.384938271604938,66.8395061728395,59.91358024691358,62.669135802469135,99.08641975308642,7.638765432098765,3.431111111111111
2014,10,8051010,0.1774193548387097,8051010,macapa,AP,2.6380450358643177,AP,0.0488888888888888,1009.3017283950618,1009.658024691358,1009.0222222222222,1899.3834567901235,30.184444444444445,22.026666666666664,30.791604938271607,29.303703703703704,22.630864197530865,21.384938271604938,66.8395061728395,59.91358024691358,62.669135802469135,99.08641975308642,7.638765432098765,3.431111111111111
2014,10,8051012,1.6806451612903224,8051012,porto grande,AP,2.4491466642348634,,,,,,,,,,,,,,,,,,
2014,10,8052000,4.054838709677419,8052000,serra do navio,AP,0.4335246973070115,,,,,,,,,,,,,,,,,,
2014,10,8150000,0.667741935483871,8150000,tartarugalzinho,AP,2.264789783208221,,,,,,,,,,,,,,,,,,
2014,10,8150001,2.5064516129032257,8150001,tartarugalzinho,AP,2.264789783208221,,,,,,,,,,,,,,,,,,
2014,10,8151000,0.09032258064516129,8151000,tartarugalzinho,AP,2.264789783208221,,,,,,,,,,,,,,,,,,
2014,10,8250002,0.3903225806451613,8250002,calcoene,AP,1.753678814825652,,,,,,,,,,,,,,,,,,
2014,10,8250003,1.2225806451612902,8250003,amapa,AP,0.6809954612665332,,,,,,,,,,,,,,,,,,
2014,10,8251001,0.5064516129032258,8251001,calcoene,AP,1.753678814825652,,,,,,,,,,,,,,,,,,
2014,10,8251003,0.012903225806451613,8251003,calcoene,AP,1.753678814825652,,,,,,,,,,,,,,,,,,
2014,10,8251004,0.9451612903225807,8251004,oiapoque,AP,2.5483573412034475,AP,0.0229426433915212,1009.8162094763092,1010.1658354114712,1009.5349127182044,1559.78753117207,29.43241895261845,24.2643391521197,30.499002493765587,28.107481296758102,25.368079800498755,23.2281795511222,77.7930174563591,73.91022443890274,75.08977556109726,125.27431421446384,4.492019950124688,1.4583541147132169
2014,10,8351002,3.448387096774194,8351002,oiapoque,AP,2.5483573412034475,AP,0.0229426433915212,1009.8162094763092,1010.1658354114712,1009.5349127182044,1559.78753117207,29.43241895261845,24.2643391521197,30.499002493765587,28.107481296758102,25.368079800498755,23.2281795511222,77.7930174563591,73.91022443890274,75.08977556109726,125.27431421446384,4.492019950124688,1.4583541147132169
2014,11,51002,0.5766666666666665,51002,mazagao,AP,3.1835283244485817,,,,,,,,,,,,,,,,,,
2014,11,51004,0.0,51004,mazagao,AP,3.1835283244485817,,,,,,,,,,,,,,,,,,
2014,11,52003,0.03333333333333333,52003,mazagao,AP,3.1835283244485817,,,,,,,,,,,,,,,,,,
2014,11,872000,8.413333333333334,872000,marechal thaumaturgo,AC,8.861123098034149,,,,,,,,,,,,,,,,,,
2014,11,967005,8.316666666666666,967005,senador guiomard,AC,3.984847608914281,,,,,,,,,,,,,,,,,,
2014,11,968004,7.593333333333334,968004,bujari,AC,8.98501568549255,,,,,,,,,,,,,,,,,,
2014,11,972000,8.003333333333334,972000,marechal thaumaturgo,AC,8.861123098034149,,,,,,,,,,,,,,,,,,
2014,11,1067002,5.183333333333334,1067002,placido de castro,AC,7.387615754380198,,,,,,,,,,,,,,,,,,
2014,11,1067003,36.166666666666664,1067003,capixaba,AC,9.61837041335366,,,,,,,,,,,,,,,,,,
2014,11,1068000,9.993333333333334,1068000,xapuri,AC,18.315689033924755,,,,,,,,,,,,,,,,,,
2014,11,8050000,0.2833333333333333,8050000,macapa,AP,2.6380450358643177,AP,0.0005102040816326,1008.3905612244896,1008.7301020408164,1008.131887755102,1832.2551020408164,30.056377551020407,21.986479591836737,30.61301020408164,29.232397959183675,22.609438775510203,21.360714285714284,66.97704081632654,60.22704081632653,62.86734693877551,103.0688775510204,7.60204081632653,3.4089285714285715
2014,11,8050001,0.19,8050001,macapa,AP,2.6380450358643177,AP,0.0005102040816326,1008.3905612244896,1008.7301020408164,1008.131887755102,1832.2551020408164,30.056377551020407,21.986479591836737,30.61301020408164,29.232397959183675,22.609438775510203,21.360714285714284,66.97704081632654,60.22704081632653,62.86734693877551,103.0688775510204,7.60204081632653,3.4089285714285715
2014,11,8051010,0.7633333333333333,8051010,macapa,AP,2.6380450358643177,AP,0.0005102040816326,1008.3905612244896,1008.7301020408164,1008.131887755102,1832.2551020408164,30.056377551020407,21.986479591836737,30.61301020408164,29.232397959183675,22.609438775510203,21.360714285714284,66.97704081632654,60.22704081632653,62.86734693877551,103.0688775510204,7.60204081632653,3.4089285714285715
2014,11,8051012,1.04,8051012,porto grande,AP,2.4491466642348634,,,,,,,,,,,,,,,,,,
2014,11,8052000,1.2766666666666666,8052000,serra do navio,AP,0.4335246973070115,,,,,,,,,,,,,,,,,,
2014,11,8150000,1.4066666666666667,8150000,tartarugalzinho,AP,2.264789783208221,,,,,,,,,,,,,,,,,,
2014,11,8150001,0.84,8150001,tartarugalzinho,AP,2.264789783208221,,,,,,,,,,,,,,,,,,
2014,11,8151000,4.496666666666667,8151000,tartarugalzinho,AP,2.264789783208221,,,,,,,,,,,,,,,,,,
2014,11,8250002,1.34,8250002,calcoene,AP,1.753678814825652,,,,,,,,,,,,,,,,,,
2014,11,8250003,0.9833333333333333,8250003,amapa,AP,0.6809954612665332,,,,,,,,,,,,,,,,,,
2014,11,8251001,0.44666666666666666,8251001,calcoene,AP,1.753678814825652,,,,,,,,,,,,,,,,,,
2014,11,8251003,1.3966666666666667,8251003,calcoene,AP,1.753678814825652,,,,,,,,,,,,,,,,,,
2014,11,8251004,0.9066666666666667,8251004,oiapoque,AP,2.5483573412034475,AP,0.0131578947368421,1009.0981578947368,1009.435,1008.811052631579,1435.9136842105263,28.64210526315789,24.807105263157897,29.664473684210527,27.41315789473684,25.865,23.78605263157895,82.54736842105264,79.60526315789474,80.5,105.7842105263158,4.521315789473684,1.4242105263157896
2014,11,8351002,1.9633333333333334,8351002,oiapoque,AP,2.5483573412034475,AP,0.0131578947368421,1009.0981578947368,1009.435,1008.811052631579,1435.9136842105263,28.64210526315789,24.807105263157897,29.664473684210527,27.41315789473684,25.865,23.78605263157895,82.54736842105264,79.60526315789474,80.5,105.7842105263158,4.521315789473684,1.4242105263157896
2014,12,51002,2.2838709677419353,51002,mazagao,AP,3.1835283244485817,,,,,,,,,,,,,,,,,,
2014,12,51004,1.1,51004,mazagao,AP,3.1835283244485817,,,,,,,,,,,,,,,,,,
2014,12,52003,1.941935483870968,52003,mazagao,AP,3.1835283244485817,,,,,,,,,,,,,,,,,,
2014,12,872000,8.30967741935484,872000,marechal thaumaturgo,AC,8.861123098034149,,,,,,,,,,,,,,,,,,
2014,12,972000,9.219354838709679,972000,marechal thaumaturgo,AC,8.861123098034149,,,,,,,,,,,,,,,,,,
2014,12,8050000,1.1387096774193548,8050000,macapa,AP,2.6380450358643177,AP,0.0377171215880893,1008.9327543424318,1009.266253101737,1008.6481389578164,1661.401240694789,29.58263027295285,22.106451612903225,30.170967741935485,28.728784119106702,22.68411910669976,21.50347394540943,69.3151364764268,62.62034739454094,65.23821339950372,99.48138957816376,7.664019851116625,3.41786600496278
2014,12,8050001,0.3709677419354839,8050001,macapa,AP,2.6380450358643177,AP,0.0377171215880893,1008.9327543424318,1009.266253101737,1008.6481389578164,1661.401240694789,29.58263027295285,22.106451612903225,30.170967741935485,28.728784119106702,22.68411910669976,21.50347394540943,69.3151364764268,62.62034739454094,65.23821339950372,99.48138957816376,7.664019851116625,3.41786600496278
2014,12,8051010,1.8870967741935485,8051010,macapa,AP,2.6380450358643177,AP,0.0377171215880893,1008.9327543424318,1009.266253101737,1008.6481389578164,1661.401240694789,29.58263027295285,22.106451612903225,30.170967741935485,28.728784119106702,22.68411910669976,21.50347394540943,69.3151364764268,62.62034739454094,65.23821339950372,99.48138957816376,7.664019851116625,3.41786600496278
2014,12,8051012,3.293548387096774,8051012,porto grande,AP,2.4491466642348634,,,,,,,,,,,,,,,,,,
2014,12,8052000,1.8161290322580643,8052000,serra do navio,AP,0.4335246973070115,,,,,,,,,,,,,,,,,,
2014,12,8150000,1.95,8150000,tartarugalzinho,AP,2.264789783208221,,,,,,,,,,,,,,,,,,
2014,12,8150001,3.545161290322581,8150001,tartarugalzinho,AP,2.264789783208221,,,,,,,,,,,,,,,,,,
2014,12,8151000,2.4387096774193546,8151000,tartarugalzinho,AP,2.264789783208221,,,,,,,,,,,,,,,,,,
2014,12,8250002,9.890322580645162,8250002,calcoene,AP,1.753678814825652,,,,,,,,,,,,,,,,,,
2014,12,8250003,3.9516129032258065,8250003,amapa,AP,0.6809954612665332,,,,,,,,,,,,,,,,,,
2014,12,8251001,5.874193548387097,8251001,calcoene,AP,1.753678814825652,,,,,,,,,,,,,,,,,,
2014,12,8251003,5.903225806451613,8251003,calcoene,AP,1.753678814825652,,,,,,,,,,,,,,,,,,
2014,12,8251004,9.112903225806452,8251004,oiapoque,AP,2.5483573412034475,,,,,,,,,,,,,,,,,,
2014,12,8351002,4.796774193548386,8351002,oiapoque,AP,2.5483573412034475,,,,,,,,,,,,,,,,,,
2015,1,51002,6.470967741935484,51002,mazagao,AP,1.9438634588731385,,,,,,,,,,,,,,,,,,
2015,1,51004,3.432258064516129,51004,mazagao,AP,1.9438634588731385,,,,,,,,,,,,,,,,,,
2015,1,52003,3.0806451612903225,52003,mazagao,AP,1.9438634588731385,,,,,,,,,,,,,,,,,,
2015,1,771001,14.964516129032257,771001,tarauaca,AC,3.822055027666985,,,,,,,,,,,,,,,,,,
2015,1,772003,7.112903225806452,772003,tarauaca,AC,3.822055027666985,,,,,,,,,,,,,,,,,,
2015,1,870002,19.823076923076922,870002,feijo,AC,10.621369903561678,AC,0.896551724137931,993.3019704433495,993.7647783251232,992.9918719211825,1186.3049261083745,25.75073891625616,22.564039408867,26.386945812807884,25.030049261083747,23.132512315270933,21.954433497536947,87.32019704433498,79.66502463054188,83.40147783251231,203.7783251231527,4.003694581280788,1.7270935960591134
2015,1,872000,10.041935483870969,872000,marechal thaumaturgo,AC,0.4654908338505476,,,,,,,,,,,,,,,,,,
2015,1,872001,30.640000000000004,872001,porto walter,AC,1.4817139459635085,,,,,,,,,,,,,,,,,,
2015,1,972000,6.300000000000001,972000,marechal thaumaturgo,AC,0.4654908338505476,,,,,,,,,,,,,,,,,,
2015,1,8050000,2.496774193548387,8050000,macapa,AP,3.0939568742657,AP,0.2308457711442786,1009.9246268656716,1010.276368159204,1009.64776119403,1603.8248756218904,28.611194029850747,22.355721393034827,29.200248756218905,27.810696517412936,22.995771144278606,21.73880597014925,74.28109452736318,67.25373134328358,70.1592039800995,96.44776119402984,6.991044776119403,2.9703980099502485
2015,1,8050001,3.52258064516129,8050001,macapa,AP,3.0939568742657,AP,0.2308457711442786,1009.9246268656716,1010.276368159204,1009.64776119403,1603.8248756218904,28.611194029850747,22.355721393034827,29.200248756218905,27.810696517412936,22.995771144278606,21.73880597014925,74.28109452736318,67.25373134328358,70.1592039800995,96.44776119402984,6.991044776119403,2.9703980099502485
2015,1,8051010,7.312903225806451,8051010,macapa,AP,3.0939568742657,AP,0.2308457711442786,1009.9246268656716,1010.276368159204,1009.64776119403,1603.8248756218904,28.611194029850747,22.355721393034827,29.200248756218905,27.810696517412936,22.995771144278606,21.73880597014925,74.28109452736318,67.25373134328358,70.1592039800995,96.44776119402984,6.991044776119403,2.9703980099502485
2015,1,8051012,4.477419354838709,8051012,porto grande,AP,0.632108932684692,,,,,,,,,,,,,,,,,,
2015,1,8052000,7.95483870967742,8052000,serra do navio,AP,0.0842536072573577,,,,,,,,,,,,,,,,,,
2015,1,8150000,6.161290322580645,8150000,tartarugalzinho,AP,2.8880115128360244,,,,,,,,,,,,,,,,,,
2015,1,8150001,7.703225806451614,8150001,tartarugalzinho,AP,2.8880115128360244,,,,,,,,,,,,,,,,,,
2015,1,8151000,6.890322580645161,8151000,tartarugalzinho,AP,2.8880115128360244,,,,,,,,,,,,,,,,,,
2015,1,8250002,10.154838709677419,8250002,calcoene,AP,0.9316588698839446,,,,,,,,,,,,,,,,,,
2015,1,8250003,7.235483870967742,8250003,amapa,AP,0.3058064379597203,,,,,,,,,,,,,,,,,,
2015,1,8251001,23.458064516129035,8251001,calcoene,AP,0.9316588698839446,,,,,,,,,,,,,,,,,,
2015,1,8251003,6.119354838709677,8251003,calcoene,AP,0.9316588698839446,,,,,,,,,,,,,,,,,,
2015,1,8251004,11.78709677419355,8251004,oiapoque,AP,1.272075241986529,AP,0.0,1011.0592039800996,1011.360696517413,1010.7716417910448,1010.0987562189056,26.194776119402984,24.430348258706463,27.083084577114427,25.30223880597015,25.291542288557217,23.61915422885572,91.0820895522388,89.51243781094527,90.16666666666669,88.15671641791045,4.607960199004975,1.4054726368159205
2015,1,8351002,8.76774193548387,8351002,oiapoque,AP,1.272075241986529,AP,0.0,1011.0592039800996,1011.360696517413,1010.7716417910448,1010.0987562189056,26.194776119402984,24.430348258706463,27.083084577114427,25.30223880597015,25.291542288557217,23.61915422885572,91.0820895522388,89.51243781094527,90.16666666666669,88.15671641791045,4.607960199004975,1.4054726368159205
2015,2,51002,8.778571428571428,51002,mazagao,AP,1.9438634588731385,,,,,,,,,,,,,,,,,,
2015,2,51004,9.639285714285714,51004,mazagao,AP,1.9438634588731385,,,,,,,,,,,,,,,,,,
2015,2,52003,7.578571428571428,52003,mazagao,AP,1.9438634588731385,,,,,,,,,,,,,,,,,,
2015,2,771001,6.182142857142857,771001,tarauaca,AC,3.822055027666985,,,,,,,,,,,,,,,,,,
2015,2,772003,8.664285714285715,772003,tarauaca,AC,3.822055027666985,,,,,,,,,,,,,,,,,,
2015,2,870002,6.871428571428572,870002,feijo,AC,10.621369903561678,AC,0.4643051771117166,992.241689373297,992.71689373297,991.9196185286104,1333.88583106267,26.837874659400544,22.892370572207085,27.44305177111717,26.05395095367848,23.53133514986376,22.222888283378747,84.15803814713897,76.58310626702998,80.0708446866485,202.5694822888284,4.405449591280654,1.9081743869209808
2015,2,872000,8.842857142857143,872000,marechal thaumaturgo,AC,0.4654908338505476,,,,,,,,,,,,,,,,,,
2015,2,872001,23.892857142857142,872001,porto walter,AC,1.4817139459635085,,,,,,,,,,,,,,,,,,
2015,2,972000,14.185714285714285,972000,marechal thaumaturgo,AC,0.4654908338505476,,,,,,,,,,,,,,,,,,
2015,2,8050000,8.253571428571428,8050000,macapa,AP,3.0939568742657,AP,0.5894428152492669,1009.774780058651,1010.1439882697948,1009.4870967741934,1334.5228739002932,27.415249266862173,22.677419354838708,28.003225806451614,26.67536656891496,23.24868035190616,22.09941348973607,80.20234604105572,73.33137829912023,76.41348973607037,104.83870967741936,6.187683284457478,2.426099706744868
2015,2,8050001,16.03214285714286,8050001,macapa,AP,3.0939568742657,AP,0.5894428152492669,1009.774780058651,1010.1439882697948,1009.4870967741934,1334.5228739002932,27.415249266862173,22.677419354838708,28.003225806451614,26.67536656891496,23.24868035190616,22.09941348973607,80.20234604105572,73.33137829912023,76.41348973607037,104.83870967741936,6.187683284457478,2.426099706744868
2015,2,8051010,10.364285714285714,8051010,macapa,AP,3.0939568742657,AP,0.5894428152492669,1009.774780058651,1010.1439882697948,1009.4870967741934,1334.5228739002932,27.415249266862173,22.677419354838708,28.003225806451614,26.67536656891496,23.24868035190616,22.09941348973607,80.20234604105572,73.33137829912023,76.41348973607037,104.83870967741936,6.187683284457478,2.426099706744868
2015,2,8051012,14.592857142857143,8051012,porto grande,AP,0.632108932684692,,,,,,,,,,,,,,,,,,
2015,2,8052000,10.989285714285714,8052000,serra do navio,AP,0.0842536072573577,,,,,,,,,,,,,,,,,,
2015,2,8150000,7.114285714285714,8150000,tartarugalzinho,AP,2.8880115128360244,,,,,,,,,,,,,,,,,,
2015,2,8150001,15.592857142857143,8150001,tartarugalzinho,AP,2.8880115128360244,,,,,,,,,,,,,,,,,,
2015,2,8151000,6.685714285714285,8151000,tartarugalzinho,AP,2.8880115128360244,,,,,,,,,,,,,,,,,,
2015,2,8250002,23.482142857142858,8250002,calcoene,AP,0.9316588698839446,,,,,,,,,,,,,,,,,,
2015,2,8250003,25.944444444444443,8250003,amapa,AP,0.3058064379597203,,,,,,,,,,,,,,,,,,
2015,2,8251001,30.564285714285713,8251001,calcoene,AP,0.9316588698839446,,,,,,,,,,,,,,,,,,
2015,2,8251003,11.1,8251003,calcoene,AP,0.9316588698839446,,,,,,,,,,,,,,,,,,
2015,2,8251004,20.414285714285715,8251004,oiapoque,AP,1.272075241986529,,,,,,,,,,,,,,,,,,
2015,2,8351002,15.642857142857142,8351002,oiapoque,AP,1.272075241986529,,,,,,,,,,,,,,,,,,
2015,3,51002,8.025806451612903,51002,mazagao,AP,1.9438634588731385,,,,,,,,,,,,,,,,,,
2015,3,51004,9.345161290322581,51004,mazagao,AP,1.9438634588731385,,,,,,,,,,,,,,,,,,
2015,3,52003,9.316129032258065,52003,mazagao,AP,1.9438634588731385,,,,,,,,,,,,,,,,,,
2015,3,771001,14.287096774193548,771001,tarauaca,AC,3.822055027666985,,,,,,,,,,,,,,,,,,
2015,3,772003,7.554838709677419,772003,tarauaca,AC,3.822055027666985,,,,,,,,,,,,,,,,,,
2015,3,870002,8.077419354838709,870002,feijo,AC,10.621369903561678,AC,0.4587341772151898,992.3777215189874,992.886835443038,992.0407594936707,1218.6883544303798,26.496962025316453,23.185822784810124,27.131898734177216,25.77240506329114,23.777215189873417,22.542025316455696,86.7746835443038,79.15443037974684,82.90379746835443,206.0253164556962,3.9187341772151902,1.690126582278481
2015,3,872000,6.509677419354839,872000,marechal thaumaturgo,AC,0.4654908338505476,,,,,,,,,,,,,,,,,,
2015,3,872001,8.564516129032258,872001,porto walter,AC,1.4817139459635085,,,,,,,,,,,,,,,,,,
2015,3,972000,12.770967741935483,972000,marechal thaumaturgo,AC,0.4654908338505476,,,,,,,,,,,,,,,,,,
2015,3,8050000,16.77741935483871,8050000,macapa,AP,3.0939568742657,AP,0.0,1010.15,1010.8,1010.15,1665.1,26.05,21.75,26.6,25.65,23.15,21.6,84.5,77.5,78.0,32.0,23.6,1.25
2015,3,8050001,31.961290322580645,8050001,macapa,AP,3.0939568742657,AP,0.0,1010.15,1010.8,1010.15,1665.1,26.05,21.75,26.6,25.65,23.15,21.6,84.5,77.5,78.0,32.0,23.6,1.25
2015,3,8051010,13.832258064516129,8051010,macapa,AP,3.0939568742657,AP,0.0,1010.15,1010.8,1010.15,1665.1,26.05,21.75,26.6,25.65,23.15,21.6,84.5,77.5,78.0,32.0,23.6,1.25
2015,3,8051012,10.516129032258064,8051012,porto grande,AP,0.632108932684692,,,,,,,,,,,,,,,,,,
2015,3,8052000,13.63225806451613,8052000,serra do navio,AP,0.0842536072573577,,,,,,,,,,,,,,,,,,
2015,3,8150000,18.26451612903226,8150000,tartarugalzinho,AP,2.8880115128360244,,,,,,,,,,,,,,,,,,
2015,3,8150001,17.36774193548387,8150001,tartarugalzinho,AP,2.8880115128360244,,,,,,,,,,,,,,,,,,
2015,3,8151000,10.390322580645162,8151000,tartarugalzinho,AP,2.8880115128360244,,,,,,,,,,,,,,,,,,
2015,3,8250002,39.44193548387097,8250002,calcoene,AP,0.9316588698839446,,,,,,,,,,,,,,,,,,
2015,3,8250003,55.858064516129026,8250003,amapa,AP,0.3058064379597203,,,,,,,,,,,,,,,,,,
2015,3,8251001,24.925806451612903,8251001,calcoene,AP,0.9316588698839446,,,,,,,,,,,,,,,,,,
2015,3,8251003,24.76451612903226,8251003,calcoene,AP,0.9316588698839446,,,,,,,,,,,,,,,,,,
2015,3,8251004,25.093548387096774,8251004,oiapoque,AP,1.272075241986529,,,,,,,,,,,,,,,,,,
2015,3,8351002,23.144000000000002,8351002,oiapoque,AP,1.272075241986529,,,,,,,,,,,,,,,,,,
2015,4,51002,7.327586206896552,51002,mazagao,AP,1.9438634588731385,,,,,,,,,,,,,,,,,,
2015,4,51004,14.836666666666668,51004,mazagao,AP,1.9438634588731385,,,,,,,,,,,,,,,,,,
2015,4,52003,10.623333333333333,52003,mazagao,AP,1.9438634588731385,,,,,,,,,,,,,,,,,,
2015,4,771001,11.263333333333332,771001,tarauaca,AC,3.822055027666985,,,,,,,,,,,,,,,,,,
2015,4,772003,5.1866666666666665,772003,tarauaca,AC,3.822055027666985,,,,,,,,,,,,,,,,,,
2015,4,870002,11.516666666666667,870002,feijo,AC,10.621369903561678,AC,0.4642673521850899,992.9190231362468,993.4311053984576,992.5845758354756,1311.0820051413882,27.031619537275063,23.037789203084834,27.65655526992288,26.26015424164525,23.70668380462725,22.32904884318766,84.15167095115682,76.02313624678663,79.92030848329048,192.2699228791774,3.9187660668380464,1.6660668380462726
2015,4,872000,6.746666666666667,872000,marechal thaumaturgo,AC,0.4654908338505476,,,,,,,,,,,,,,,,,,
2015,4,872001,12.986666666666668,872001,porto walter,AC,1.4817139459635085,,,,,,,,,,,,,,,,,,
2015,4,972000,7.286666666666666,972000,marechal thaumaturgo,AC,0.4654908338505476,,,,,,,,,,,,,,,,,,
2015,4,8050000,12.133333333333333,8050000,macapa,AP,3.0939568742657,,,,,,,,,,,,,,,,,,
2015,4,8050001,22.209999999999997,8050001,macapa,AP,3.0939568742657,,,,,,,,,,,,,,,,,,
2015,4,8051010,16.21333333333333,8051010,macapa,AP,3.0939568742657,,,,,,,,,,,,,,,,,,
2015,4,8051012,12.376666666666667,8051012,porto grande,AP,0.632108932684692,,,,,,,,,,,,,,,,,,
2015,4,8052000,11.860000000000001,8052000,serra do navio,AP,0.0842536072573577,,,,,,,,,,,,,,,,,,
2015,4,8150000,16.656666666666666,8150000,tartarugalzinho,AP,2.8880115128360244,,,,,,,,,,,,,,,,,,
2015,4,8150001,18.886666666666667,8150001,tartarugalzinho,AP,2.8880115128360244,,,,,,,,,,,,,,,,,,
2015,4,8151000,21.157142857142855,8151000,tartarugalzinho,AP,2.8880115128360244,,,,,,,,,,,,,,,,,,
2015,4,8250002,22.196666666666665,8250002,calcoene,AP,0.9316588698839446,,,,,,,,,,,,,,,,,,
2015,4,8250003,27.73,8250003,amapa,AP,0.3058064379597203,,,,,,,,,,,,,,,,,,
2015,4,8251001,19.363333333333333,8251001,calcoene,AP,0.9316588698839446,,,,,,,,,,,,,,,,,,
2015,4,8251003,20.38,8251003,calcoene,AP,0.9316588698839446,,,,,,,,,,,,,,,,,,
2015,4,8251004,20.28965517241379,8251004,oiapoque,AP,1.272075241986529,AP,0.0,1010.8910485933504,1011.210230179028,1010.619948849105,1106.046547314578,26.7153452685422,24.43554987212276,27.54373401534527,25.81125319693095,25.270332480818418,23.640409207161124,88.9079283887468,87.14066496163683,87.72634271099744,83.769820971867,4.928900255754476,1.5680306905370844
2015,4,8351002,12.433333333333334,8351002,oiapoque,AP,1.272075241986529,AP,0.0,1010.8910485933504,1011.210230179028,1010.619948849105,1106.046547314578,26.7153452685422,24.43554987212276,27.54373401534527,25.81125319693095,25.270332480818418,23.640409207161124,88.9079283887468,87.14066496163683,87.72634271099744,83.769820971867,4.928900255754476,1.5680306905370844
2015,5,51002,4.203225806451614,51002,mazagao,AP,1.9438634588731385,,,,,,,,,,,,,,,,,,
2015,5,51004,8.280645161290321,51004,mazagao,AP,1.9438634588731385,,,,,,,,,,,,,,,,,,
2015,5,52003,9.858064516129033,52003,mazagao,AP,1.9438634588731385,,,,,,,,,,,,,,,,,,
2015,5,771001,3.6774193548387095,771001,tarauaca,AC,3.822055027666985,,,,,,,,,,,,,,,,,,
2015,5,772003,5.632258064516129,772003,tarauaca,AC,3.822055027666985,,,,,,,,,,,,,,,,,,
2015,5,869000,5.064285714285715,869000,manoel urbano,AC,19.16839944163277,,,,,,,,,,,,,,,,,,
2015,5,870002,5.529032258064516,870002,feijo,AC,10.621369903561678,AC,0.2055,993.91525,994.34,993.6075,1123.50825,26.4265,22.84875,27.04975,25.6565,23.46375,22.1355,85.725,77.6125,81.5475,185.49,3.73275,1.6032499999999998
2015,5,872000,5.732258064516128,872000,marechal thaumaturgo,AC,0.4654908338505476,,,,,,,,,,,,,,,,,,
2015,5,872001,11.383870967741935,872001,porto walter,AC,1.4817139459635085,,,,,,,,,,,,,,,,,,
2015,5,967005,4.4,967005,senador guiomard,AC,4.890302251429574,,,,,,,,,,,,,,,,,,
2015,5,968004,3.5,968004,bujari,AC,9.356973416325886,,,,,,,,,,,,,,,,,,
2015,5,968005,3.7315789473684213,968005,sena madureira,AC,42.237230667926575,,,,,,,,,,,,,,,,,,
2015,5,972000,3.338709677419355,972000,marechal thaumaturgo,AC,0.4654908338505476,,,,,,,,,,,,,,,,,,
2015,5,1067002,0.3225806451612903,1067002,placido de castro,AC,5.154209177656434,,,,,,,,,,,,,,,,,,
2015,5,8050000,22.125806451612902,8050000,macapa,AP,3.0939568742657,,,,,,,,,,,,,,,,,,
2015,5,8050001,17.983870967741936,8050001,macapa,AP,3.0939568742657,,,,,,,,,,,,,,,,,,
2015,5,8051010,13.393548387096773,8051010,macapa,AP,3.0939568742657,,,,,,,,,,,,,,,,,,
2015,5,8051012,13.03225806451613,8051012,porto grande,AP,0.632108932684692,,,,,,,,,,,,,,,,,,
2015,5,8052000,10.038709677419355,8052000,serra do navio,AP,0.0842536072573577,,,,,,,,,,,,,,,,,,
2015,5,8150000,12.693548387096774,8150000,tartarugalzinho,AP,2.8880115128360244,,,,,,,,,,,,,,,,,,
2015,5,8150001,11.667741935483871,8150001,tartarugalzinho,AP,2.8880115128360244,,,,,,,,,,,,,,,,,,
2015,5,8151000,3.570967741935484,8151000,tartarugalzinho,AP,2.8880115128360244,,,,,,,,,,,,,,,,,,
2015,5,8250002,18.538709677419355,8250002,calcoene,AP,0.9316588698839446,,,,,,,,,,,,,,,,,,
2015,5,8250003,24.425806451612903,8250003,amapa,AP,0.3058064379597203,,,,,,,,,,,,,,,,,,
2015,5,8251001,17.574193548387097,8251001,calcoene,AP,0.9316588698839446,,,,,,,,,,,,,,,,,,
2015,5,8251003,16.470967741935482,8251003,calcoene,AP,0.9316588698839446,,,,,,,,,,,,,,,,,,
2015,5,8251004,23.151612903225807,8251004,oiapoque,AP,1.272075241986529,,,,,,,,,,,,,,,,,,
2015,5,8351002,21.58709677419355,8351002,oiapoque,AP,1.272075241986529,,,,,,,,,,,,,,,,,,
2015,6,51002,3.356666666666667,51002,mazagao,AP,1.9438634588731385,,,,,,,,,,,,,,,,,,
2015,6,51004,15.386666666666667,51004,mazagao,AP,1.9438634588731385,,,,,,,,,,,,,,,,,,
2015,6,52003,5.77,52003,mazagao,AP,1.9438634588731385,,,,,,,,,,,,,,,,,,
2015,6,771001,1.2966666666666666,771001,tarauaca,AC,3.822055027666985,,,,,,,,,,,,,,,,,,
2015,6,772003,5.746666666666667,772003,tarauaca,AC,3.822055027666985,,,,,,,,,,,,,,,,,,
2015,6,869000,2.3233333333333333,869000,manoel urbano,AC,19.16839944163277,,,,,,,,,,,,,,,,,,
2015,6,870002,2.8033333333333337,870002,feijo,AC,10.621369903561678,AC,0.1681462140992167,995.1767624020888,995.5712793733682,994.910182767624,1223.460313315927,26.706527415143604,22.07806788511749,27.302872062663184,25.826892950391645,22.70104438642297,21.26971279373368,81.69712793733682,73.2402088772846,77.23759791122716,162.49869451697128,3.739686684073107,1.5765013054830286
2015,6,872000,,872000,marechal thaumaturgo,AC,0.4654908338505476,,,,,,,,,,,,,,,,,,
2015,6,872001,1.64,872001,porto walter,AC,1.4817139459635085,,,,,,,,,,,,,,,,,,
2015,6,967005,0.4033333333333333,967005,senador guiomard,AC,4.890302251429574,,,,,,,,,,,,,,,,,,
2015,6,968004,1.91,968004,bujari,AC,9.356973416325886,,,,,,,,,,,,,,,,,,
2015,6,968005,1.24,968005,sena madureira,AC,42.237230667926575,,,,,,,,,,,,,,,,,,
2015,6,972000,0.48333333333333334,972000,marechal thaumaturgo,AC,0.4654908338505476,,,,,,,,,,,,,,,,,,
2015,6,1067002,0.0,1067002,placido de castro,AC,5.154209177656434,,,,,,,,,,,,,,,,,,
2015,6,1067003,0.0,1067003,capixaba,AC,6.085182786661069,,,,,,,,,,,,,,,,,,
2015,6,1068000,0.6,1068000,xapuri,AC,17.604619314189513,,,,,,,,,,,,,,,,,,
2015,6,8050000,2.9099999999999997,8050000,macapa,AP,3.0939568742657,,,,,,,,,,,,,,,,,,
2015,6,8050001,9.393333333333334,8050001,macapa,AP,3.0939568742657,,,,,,,,,,,,,,,,,,
2015,6,8051010,7.653333333333333,8051010,macapa,AP,3.0939568742657,,,,,,,,,,,,,,,,,,
2015,6,8051012,5.616666666666666,8051012,porto grande,AP,0.632108932684692,,,,,,,,,,,,,,,,,,
2015,6,8052000,7.336666666666667,8052000,serra do navio,AP,0.0842536072573577,,,,,,,,,,,,,,,,,,
2015,6,8150000,4.596666666666667,8150000,tartarugalzinho,AP,2.8880115128360244,,,,,,,,,,,,,,,,,,
2015,6,8150001,5.986666666666666,8150001,tartarugalzinho,AP,2.8880115128360244,,,,,,,,,,,,,,,,,,
2015,6,8151000,5.5,8151000,tartarugalzinho,AP,2.8880115128360244,,,,,,,,,,,,,,,,,,
2015,6,8250002,14.916666666666666,8250002,calcoene,AP,0.9316588698839446,,,,,,,,,,,,,,,,,,
2015,6,8250003,18.30666666666667,8250003,amapa,AP,0.3058064379597203,,,,,,,,,,,,,,,,,,
2015,6,8251001,9.626666666666667,8251001,calcoene,AP,0.9316588698839446,,,,,,,,,,,,,,,,,,
2015,6,8251003,8.766666666666667,8251003,calcoene,AP,0.9316588698839446,,,,,,,,,,,,,,,,,,
2015,6,8251004,10.496666666666668,8251004,oiapoque,AP,1.272075241986529,,,,,,,,,,,,,,,,,,
2015,6,8351002,10.426666666666668,8351002,oiapoque,AP,1.272075241986529,,,,,,,,,,,,,,,,,,
2015,7,51002,2.1258064516129034,51002,mazagao,AP,1.9438634588731385,,,,,,,,,,,,,,,,,,
2015,7,51004,3.148387096774194,51004,mazagao,AP,1.9438634588731385,,,,,,,,,,,,,,,,,,
2015,7,52003,1.9451612903225806,52003,mazagao,AP,1.9438634588731385,,,,,,,,,,,,,,,,,,
2015,7,771001,1.6903225806451612,771001,tarauaca,AC,3.822055027666985,,,,,,,,,,,,,,,,,,
2015,7,772003,1.1612903225806452,772003,tarauaca,AC,3.822055027666985,,,,,,,,,,,,,,,,,,
2015,7,869000,2.3774193548387097,869000,manoel urbano,AC,19.16839944163277,,,,,,,,,,,,,,,,,,
2015,7,870002,4.806451612903226,870002,feijo,AC,10.621369903561678,AC,0.0293193717277486,994.7756544502618,995.182722513089,994.553664921466,1339.295287958115,27.46806282722513,21.56780104712042,28.11465968586388,26.4586387434555,22.2410994764398,20.691884816753927,77.27748691099477,68.00261780104712,72.20942408376963,181.03403141361247,3.826439790575917,1.556282722513089
2015,7,872000,,872000,marechal thaumaturgo,AC,0.4654908338505476,,,,,,,,,,,,,,,,,,
2015,7,872001,6.300000000000001,872001,porto walter,AC,1.4817139459635085,,,,,,,,,,,,,,,,,,
2015,7,967005,0.9612903225806452,967005,senador guiomard,AC,4.890302251429574,,,,,,,,,,,,,,,,,,
2015,7,968004,0.17419354838709677,968004,bujari,AC,9.356973416325886,,,,,,,,,,,,,,,,,,
2015,7,968005,0.264516129032258,968005,sena madureira,AC,42.237230667926575,,,,,,,,,,,,,,,,,,
2015,7,972000,1.2354838709677418,972000,marechal thaumaturgo,AC,0.4654908338505476,,,,,,,,,,,,,,,,,,
2015,7,1067002,0.0,1067002,placido de castro,AC,5.154209177656434,,,,,,,,,,,,,,,,,,
2015,7,1067003,0.5870967741935483,1067003,capixaba,AC,6.085182786661069,,,,,,,,,,,,,,,,,,
2015,7,1068000,0.6,1068000,xapuri,AC,17.604619314189513,,,,,,,,,,,,,,,,,,
2015,7,8050000,2.3161290322580643,8050000,macapa,AP,3.0939568742657,AP,0.0,1008.7,1009.1,1008.7,1759.1,30.85,22.5,31.5,30.4,23.3,20.9,63.5,55.0,61.0,222.5,6.4,2.6
2015,7,8050001,5.290322580645161,8050001,macapa,AP,3.0939568742657,AP,0.0,1008.7,1009.1,1008.7,1759.1,30.85,22.5,31.5,30.4,23.3,20.9,63.5,55.0,61.0,222.5,6.4,2.6
2015,7,8051010,5.129032258064516,8051010,macapa,AP,3.0939568742657,AP,0.0,1008.7,1009.1,1008.7,1759.1,30.85,22.5,31.5,30.4,23.3,20.9,63.5,55.0,61.0,222.5,6.4,2.6
2015,7,8051012,5.635483870967741,8051012,porto grande,AP,0.632108932684692,,,,,,,,,,,,,,,,,,
2015,7,8052000,5.33225806451613,8052000,serra do navio,AP,0.0842536072573577,,,,,,,,,,,,,,,,,,
2015,7,8150000,8.845161290322581,8150000,tartarugalzinho,AP,2.8880115128360244,,,,,,,,,,,,,,,,,,
2015,7,8150001,6.638709677419355,8150001,tartarugalzinho,AP,2.8880115128360244,,,,,,,,,,,,,,,,,,
2015,7,8151000,6.170967741935483,8151000,tartarugalzinho,AP,2.8880115128360244,,,,,,,,,,,,,,,,,,
2015,7,8250002,5.741935483870968,8250002,calcoene,AP,0.9316588698839446,,,,,,,,,,,,,,,,,,
2015,7,8250003,7.903225806451613,8250003,amapa,AP,0.3058064379597203,,,,,,,,,,,,,,,,,,
2015,7,8251001,1.9258064516129034,8251001,calcoene,AP,0.9316588698839446,,,,,,,,,,,,,,,,,,
2015,7,8251003,5.038709677419354,8251003,calcoene,AP,0.9316588698839446,,,,,,,,,,,,,,,,,,
2015,7,8251004,5.403225806451613,8251004,oiapoque,AP,1.272075241986529,,,,,,,,,,,,,,,,,,
2015,7,8351002,5.280645161290322,8351002,oiapoque,AP,1.272075241986529,,,,,,,,,,,,,,,,,,
2015,8,51002,1.3451612903225805,51002,mazagao,AP,1.9438634588731385,,,,,,,,,,,,,,,,,,
2015,8,51004,1.6290322580645162,51004,mazagao,AP,1.9438634588731385,,,,,,,,,,,,,,,,,,
2015,8,52003,2.161290322580645,52003,mazagao,AP,1.9438634588731385,,,,,,,,,,,,,,,,,,
2015,8,771001,2.509677419354839,771001,tarauaca,AC,3.822055027666985,,,,,,,,,,,,,,,,,,
2015,8,772003,2.448387096774194,772003,tarauaca,AC,3.822055027666985,,,,,,,,,,,,,,,,,,
2015,8,869000,1.070967741935484,869000,manoel urbano,AC,19.16839944163277,,,,,,,,,,,,,,,,,,
2015,8,870002,2.648387096774193,870002,feijo,AC,10.621369903561678,AC,0.2348484848484848,993.355303030303,993.7815656565656,993.0883838383838,1410.3439393939393,28.5760101010101,21.99949494949495,29.279545454545456,27.517676767676768,22.76590909090909,21.060606060606062,75.02525252525253,65.73232323232324,69.95707070707071,216.7676767676768,3.9070707070707074,1.569949494949495
2015,8,872000,,872000,marechal thaumaturgo,AC,0.4654908338505476,,,,,,,,,,,,,,,,,,
2015,8,872001,0.9290322580645162,872001,porto walter,AC,1.4817139459635085,,,,,,,,,,,,,,,,,,
2015,8,967005,0.5290322580645161,967005,senador guiomard,AC,4.890302251429574,,,,,,,,,,,,,,,,,,
2015,8,968004,1.6709677419354838,968004,bujari,AC,9.356973416325886,,,,,,,,,,,,,,,,,,
2015,8,968005,2.3419354838709676,968005,sena madureira,AC,42.237230667926575,,,,,,,,,,,,,,,,,,
2015,8,972000,0.0,972000,marechal thaumaturgo,AC,0.4654908338505476,,,,,,,,,,,,,,,,,,
2015,8,1067002,0.0,1067002,placido de castro,AC,5.154209177656434,,,,,,,,,,,,,,,,,,
2015,8,1067003,0.4612903225806451,1067003,capixaba,AC,6.085182786661069,,,,,,,,,,,,,,,,,,
2015,8,1068000,0.3645161290322581,1068000,xapuri,AC,17.604619314189513,,,,,,,,,,,,,,,,,,
2015,8,8050000,0.7903225806451613,8050000,macapa,AP,3.0939568742657,AP,0.0588235294117647,1010.346547314578,1010.661125319693,1010.1125319693094,1756.937084398977,29.649360613810742,22.709462915601023,30.153964194373405,28.89539641943734,23.407672634271098,22.08618925831202,71.66240409207161,64.52941176470588,67.37084398976982,198.3734015345269,6.5616368286445015,2.873657289002557
2015,8,8050001,0.05806451612903226,8050001,macapa,AP,3.0939568742657,AP,0.0588235294117647,1010.346547314578,1010.661125319693,1010.1125319693094,1756.937084398977,29.649360613810742,22.709462915601023,30.153964194373405,28.89539641943734,23.407672634271098,22.08618925831202,71.66240409207161,64.52941176470588,67.37084398976982,198.3734015345269,6.5616368286445015,2.873657289002557
2015,8,8051010,0.8290322580645162,8051010,macapa,AP,3.0939568742657,AP,0.0588235294117647,1010.346547314578,1010.661125319693,1010.1125319693094,1756.937084398977,29.649360613810742,22.709462915601023,30.153964194373405,28.89539641943734,23.407672634271098,22.08618925831202,71.66240409207161,64.52941176470588,67.37084398976982,198.3734015345269,6.5616368286445015,2.873657289002557
2015,8,8051012,1.7870967741935484,8051012,porto grande,AP,0.632108932684692,,,,,,,,,,,,,,,,,,
2015,8,8052000,1.5612903225806452,8052000,serra do navio,AP,0.0842536072573577,,,,,,,,,,,,,,,,,,
2015,8,8150000,0.7774193548387097,8150000,tartarugalzinho,AP,2.8880115128360244,,,,,,,,,,,,,,,,,,
2015,8,8150001,0.6451612903225806,8150001,tartarugalzinho,AP,2.8880115128360244,,,,,,,,,,,,,,,,,,
2015,8,8151000,0.5806451612903226,8151000,tartarugalzinho,AP,2.8880115128360244,,,,,,,,,,,,,,,,,,
2015,8,8250002,1.4096774193548387,8250002,calcoene,AP,0.9316588698839446,,,,,,,,,,,,,,,,,,
2015,8,8250003,3.967741935483871,8250003,amapa,AP,0.3058064379597203,,,,,,,,,,,,,,,,,,
2015,8,8251001,0.05806451612903226,8251001,calcoene,AP,0.9316588698839446,,,,,,,,,,,,,,,,,,
2015,8,8251003,2.054838709677419,8251003,calcoene,AP,0.9316588698839446,,,,,,,,,,,,,,,,,,
2015,8,8251004,3.638709677419355,8251004,oiapoque,AP,1.272075241986529,AP,0.1553349875930521,1010.994789081886,1011.2985111662532,1010.75682382134,1475.418610421836,28.39255583126551,24.83300248138958,29.329032258064515,27.267990074441688,25.82059553349876,23.90818858560794,83.66997518610422,81.0347394540943,81.76178660049628,129.90570719602977,4.051861042183623,1.2359801488833748
2015,8,8351002,5.606451612903226,8351002,oiapoque,AP,1.272075241986529,AP,0.1553349875930521,1010.994789081886,1011.2985111662532,1010.75682382134,1475.418610421836,28.39255583126551,24.83300248138958,29.329032258064515,27.267990074441688,25.82059553349876,23.90818858560794,83.66997518610422,81.0347394540943,81.76178660049628,129.90570719602977,4.051861042183623,1.2359801488833748
2015,9,51002,0.0,51002,mazagao,AP,1.9438634588731385,,,,,,,,,,,,,,,,,,
2015,9,51004,0.3366666666666667,51004,mazagao,AP,1.9438634588731385,,,,,,,,,,,,,,,,,,
2015,9,52003,0.0,52003,mazagao,AP,1.9438634588731385,,,,,,,,,,,,,,,,,,
2015,9,771001,3.5733333333333333,771001,tarauaca,AC,3.822055027666985,,,,,,,,,,,,,,,,,,
2015,9,772003,1.7433333333333332,772003,tarauaca,AC,3.822055027666985,,,,,,,,,,,,,,,,,,
2015,9,869000,1.93,869000,manoel urbano,AC,19.16839944163277,,,,,,,,,,,,,,,,,,
2015,9,870002,2.457142857142857,870002,feijo,AC,10.621369903561678,AC,0.0758974358974359,992.397435897436,992.8910256410256,992.0538461538462,1403.3064102564103,28.930000000000003,22.035641025641024,29.68282051282052,27.846666666666668,22.826666666666664,21.18794871794872,73.91794871794872,64.67435897435898,68.58205128205128,231.18205128205128,4.372564102564103,1.818974358974359
2015,9,872000,,872000,marechal thaumaturgo,AC,0.4654908338505476,,,,,,,,,,,,,,,,,,
2015,9,872001,2.3480000000000003,872001,porto walter,AC,1.4817139459635085,,,,,,,,,,,,,,,,,,
2015,9,967005,1.03,967005,senador guiomard,AC,4.890302251429574,,,,,,,,,,,,,,,,,,
2015,9,968004,3.1599999999999997,968004,bujari,AC,9.356973416325886,,,,,,,,,,,,,,,,,,
2015,9,968005,1.1333333333333333,968005,sena madureira,AC,42.237230667926575,,,,,,,,,,,,,,,,,,
2015,9,972000,1.596551724137931,972000,marechal thaumaturgo,AC,0.4654908338505476,,,,,,,,,,,,,,,,,,
2015,9,1067002,0.0,1067002,placido de castro,AC,5.154209177656434,,,,,,,,,,,,,,,,,,
2015,9,1067003,0.016666666666666666,1067003,capixaba,AC,6.085182786661069,,,,,,,,,,,,,,,,,,
2015,9,1068000,2.26,1068000,xapuri,AC,17.604619314189513,,,,,,,,,,,,,,,,,,
2015,9,8050000,0.08333333333333333,8050000,macapa,AP,3.0939568742657,AP,0.0,1010.1094871794872,1010.4361538461538,1009.8428205128206,1911.3641025641025,30.232564102564105,21.96333333333333,30.800256410256413,29.37333333333333,22.600769230769227,21.36230769230769,66.4948717948718,59.76923076923077,62.287179487179486,201.27179487179487,7.374871794871795,3.3087179487179488
2015,9,8050001,0.02333333333333333,8050001,macapa,AP,3.0939568742657,AP,0.0,1010.1094871794872,1010.4361538461538,1009.8428205128206,1911.3641025641025,30.232564102564105,21.96333333333333,30.800256410256413,29.37333333333333,22.600769230769227,21.36230769230769,66.4948717948718,59.76923076923077,62.287179487179486,201.27179487179487,7.374871794871795,3.3087179487179488
2015,9,8051010,0.5066666666666667,8051010,macapa,AP,3.0939568742657,AP,0.0,1010.1094871794872,1010.4361538461538,1009.8428205128206,1911.3641025641025,30.232564102564105,21.96333333333333,30.800256410256413,29.37333333333333,22.600769230769227,21.36230769230769,66.4948717948718,59.76923076923077,62.287179487179486,201.27179487179487,7.374871794871795,3.3087179487179488
2015,9,8052000,0.5966666666666666,8052000,serra do navio,AP,0.0842536072573577,,,,,,,,,,,,,,,,,,
2015,9,8150000,0.0,8150000,tartarugalzinho,AP,2.8880115128360244,,,,,,,,,,,,,,,,,,
2015,9,8150001,0.0,8150001,tartarugalzinho,AP,2.8880115128360244,,,,,,,,,,,,,,,,,,
2015,9,8151000,0.04666666666666666,8151000,tartarugalzinho,AP,2.8880115128360244,,,,,,,,,,,,,,,,,,
2015,9,8250002,0.0,8250002,calcoene,AP,0.9316588698839446,,,,,,,,,,,,,,,,,,
2015,9,8250003,0.0,8250003,amapa,AP,0.3058064379597203,,,,,,,,,,,,,,,,,,
2015,9,8251001,0.0,8251001,calcoene,AP,0.9316588698839446,,,,,,,,,,,,,,,,,,
2015,9,8251003,0.19666666666666668,8251003,calcoene,AP,0.9316588698839446,,,,,,,,,,,,,,,,,,
2015,9,8251004,0.91,8251004,oiapoque,AP,1.272075241986529,AP,0.0241025641025641,1010.582564102564,1010.9115384615384,1010.3053846153846,1678.5223076923075,29.966153846153844,24.154871794871795,30.927179487179487,28.6625641025641,25.19538461538462,23.182051282051283,75.46923076923076,71.45128205128205,72.53076923076924,123.14871794871794,4.300512820512821,1.3948717948717948
2015,9,8351002,2.32,8351002,oiapoque,AP,1.272075241986529,AP,0.0241025641025641,1010.582564102564,1010.9115384615384,1010.3053846153846,1678.5223076923075,29.966153846153844,24.154871794871795,30.927179487179487,28.6625641025641,25.19538461538462,23.182051282051283,75.46923076923076,71.45128205128205,72.53076923076924,123.14871794871794,4.300512820512821,1.3948717948717948
2015,10,51002,0.0,51002,mazagao,AP,1.9438634588731385,,,,,,,,,,,,,,,,,,
2015,10,51004,0.0,51004,mazagao,AP,1.9438634588731385,,,,,,,,,,,,,,,,,,
2015,10,52003,0.0,52003,mazagao,AP,1.9438634588731385,,,,,,,,,,,,,,,,,,
2015,10,771001,2.2838709677419353,771001,tarauaca,AC,3.822055027666985,,,,,,,,,,,,,,,,,,
2015,10,772003,2.393548387096774,772003,tarauaca,AC,3.822055027666985,,,,,,,,,,,,,,,,,,
2015,10,869000,6.373333333333333,869000,manoel urbano,AC,19.16839944163277,,,,,,,,,,,,,,,,,,
2015,10,870002,4.922580645161291,870002,feijo,AC,10.621369903561678,AC,0.284863523573201,992.3741935483872,992.8736972704714,992.0535980148884,1452.734987593052,28.79801488833747,22.431265508684863,29.548387096774192,27.77171215880893,23.091563275434243,21.65831265508685,75.29528535980148,66.54590570719603,70.52357320099256,221.7940446650124,4.673449131513648,2.0109181141439207
2015,10,872000,,872000,marechal thaumaturgo,AC,0.4654908338505476,,,,,,,,,,,,,,,,,,
2015,10,872001,7.796774193548386,872001,porto walter,AC,1.4817139459635085,,,,,,,,,,,,,,,,,,
2015,10,967005,3.4419354838709677,967005,senador guiomard,AC,4.890302251429574,,,,,,,,,,,,,,,,,,
2015,10,968004,5.019354838709678,968004,bujari,AC,9.356973416325886,,,,,,,,,,,,,,,,,,
2015,10,968005,1.796774193548387,968005,sena madureira,AC,42.237230667926575,,,,,,,,,,,,,,,,,,
2015,10,972000,5.932258064516129,972000,marechal thaumaturgo,AC,0.4654908338505476,,,,,,,,,,,,,,,,,,
2015,10,1067002,3.1451612903225805,1067002,placido de castro,AC,5.154209177656434,,,,,,,,,,,,,,,,,,
2015,10,1067003,0.8935483870967742,1067003,capixaba,AC,6.085182786661069,,,,,,,,,,,,,,,,,,
2015,10,1068000,5.093548387096774,1068000,xapuri,AC,17.604619314189513,,,,,,,,,,,,,,,,,,
2015,10,8050000,0.03225806451612903,8050000,macapa,AP,3.0939568742657,AP,0.0,1009.6965260545904,1010.0233250620348,1009.4126550868486,1891.0280397022327,30.48362282878412,21.96600496277916,31.094044665012404,29.610173697270472,22.591066997518613,21.3151364764268,65.50124069478908,58.62531017369727,61.33995037220844,202.03225806451613,7.921836228287841,3.578908188585608
2015,10,8050001,0.3258064516129032,8050001,macapa,AP,3.0939568742657,AP,0.0,1009.6965260545904,1010.0233250620348,1009.4126550868486,1891.0280397022327,30.48362282878412,21.96600496277916,31.094044665012404,29.610173697270472,22.591066997518613,21.3151364764268,65.50124069478908,58.62531017369727,61.33995037220844,202.03225806451613,7.921836228287841,3.578908188585608
2015,10,8051010,0.0,8051010,macapa,AP,3.0939568742657,AP,0.0,1009.6965260545904,1010.0233250620348,1009.4126550868486,1891.0280397022327,30.48362282878412,21.96600496277916,31.094044665012404,29.610173697270472,22.591066997518613,21.3151364764268,65.50124069478908,58.62531017369727,61.33995037220844,202.03225806451613,7.921836228287841,3.578908188585608
2015,10,8051012,1.967741935483871,8051012,porto grande,AP,0.632108932684692,,,,,,,,,,,,,,,,,,
2015,10,8052000,0.7225806451612903,8052000,serra do navio,AP,0.0842536072573577,,,,,,,,,,,,,,,,,,
2015,10,8150000,0.132258064516129,8150000,tartarugalzinho,AP,2.8880115128360244,,,,,,,,,,,,,,,,,,
2015,10,8150001,0.13548387096774195,8150001,tartarugalzinho,AP,2.8880115128360244,,,,,,,,,,,,,,,,,,
2015,10,8151000,0.08064516129032258,8151000,tartarugalzinho,AP,2.8880115128360244,,,,,,,,,,,,,,,,,,
2015,10,8250002,0.3709677419354839,8250002,calcoene,AP,0.9316588698839446,,,,,,,,,,,,,,,,,,
2015,10,8250003,0.025806451612903226,8250003,amapa,AP,0.3058064379597203,,,,,,,,,,,,,,,,,,
2015,10,8251001,0.0,8251001,calcoene,AP,0.9316588698839446,,,,,,,,,,,,,,,,,,
2015,10,8251003,0.02903225806451613,8251003,calcoene,AP,0.9316588698839446,,,,,,,,,,,,,,,,,,
2015,10,8251004,0.12903225806451613,8251004,oiapoque,AP,1.272075241986529,AP,0.0538653366583541,1010.2184538653366,1010.5683291770574,1009.9097256857856,1624.4720698254366,30.30922693266833,24.091521197007484,31.356359102244387,28.95860349127182,25.17680798004988,23.05635910224439,74.24937655860349,69.83291770573567,71.10224438902743,106.3142144638404,4.636159600997506,1.522194513715711
2015,10,8351002,0.8580645161290323,8351002,oiapoque,AP,1.272075241986529,AP,0.0538653366583541,1010.2184538653366,1010.5683291770574,1009.9097256857856,1624.4720698254366,30.30922693266833,24.091521197007484,31.356359102244387,28.95860349127182,25.17680798004988,23.05635910224439,74.24937655860349,69.83291770573567,71.10224438902743,106.3142144638404,4.636159600997506,1.522194513715711
2015,11,51002,0.08333333333333333,51002,mazagao,AP,1.9438634588731385,,,,,,,,,,,,,,,,,,
2015,11,51004,0.0,51004,mazagao,AP,1.9438634588731385,,,,,,,,,,,,,,,,,,
2015,11,52003,0.0,52003,mazagao,AP,1.9438634588731385,,,,,,,,,,,,,,,,,,
2015,11,771001,5.12,771001,tarauaca,AC,3.822055027666985,,,,,,,,,,,,,,,,,,
2015,11,772003,2.5433333333333334,772003,tarauaca,AC,3.822055027666985,,,,,,,,,,,,,,,,,,
2015,11,869000,2.9676666666666667,869000,manoel urbano,AC,19.16839944163277,,,,,,,,,,,,,,,,,,
2015,11,870002,6.09,870002,feijo,AC,10.621369903561678,AC,0.2915601023017903,990.6994884910486,991.1941176470588,990.3713554987212,1446.741432225064,28.285933503836315,22.963682864450124,29.028644501278773,27.3687979539642,23.714322250639384,22.191304347826087,79.37084398976982,70.21483375959079,74.44501278772378,204.12020460358056,4.4508951406649615,1.799744245524297
2015,11,872000,,872000,marechal thaumaturgo,AC,0.4654908338505476,,,,,,,,,,,,,,,,,,
2015,11,872001,6.930000000000001,872001,porto walter,AC,1.4817139459635085,,,,,,,,,,,,,,,,,,
2015,11,967005,7.929999999999999,967005,senador guiomard,AC,4.890302251429574,,,,,,,,,,,,,,,,,,
2015,11,968004,3.3666666666666667,968004,bujari,AC,9.356973416325886,,,,,,,,,,,,,,,,,,
2015,11,968005,6.46,968005,sena madureira,AC,42.237230667926575,,,,,,,,,,,,,,,,,,
2015,11,972000,7.7266666666666675,972000,marechal thaumaturgo,AC,0.4654908338505476,,,,,,,,,,,,,,,,,,
2015,11,1067002,24.833333333333332,1067002,placido de castro,AC,5.154209177656434,,,,,,,,,,,,,,,,,,
2015,11,1067003,4.073333333333333,1067003,capixaba,AC,6.085182786661069,,,,,,,,,,,,,,,,,,
2015,11,1068000,5.613333333333333,1068000,xapuri,AC,17.604619314189513,,,,,,,,,,,,,,,,,,
2015,11,8050000,0.07,8050000,macapa,AP,3.0939568742657,AP,0.0,1008.4948717948718,1008.827435897436,1008.2248717948718,1830.632307692308,30.624102564102564,21.847179487179485,31.25051282051282,29.747435897435896,22.46076923076924,21.24871794871795,64.54102564102564,57.85384615384616,60.45384615384615,200.24615384615385,7.958205128205128,3.6315384615384616
2015,11,8050001,0.07,8050001,macapa,AP,3.0939568742657,AP,0.0,1008.4948717948718,1008.827435897436,1008.2248717948718,1830.632307692308,30.624102564102564,21.847179487179485,31.25051282051282,29.747435897435896,22.46076923076924,21.24871794871795,64.54102564102564,57.85384615384616,60.45384615384615,200.24615384615385,7.958205128205128,3.6315384615384616
2015,11,8051010,0.0,8051010,macapa,AP,3.0939568742657,AP,0.0,1008.4948717948718,1008.827435897436,1008.2248717948718,1830.632307692308,30.624102564102564,21.847179487179485,31.25051282051282,29.747435897435896,22.46076923076924,21.24871794871795,64.54102564102564,57.85384615384616,60.45384615384615,200.24615384615385,7.958205128205128,3.6315384615384616
2015,11,8051012,1.2366666666666668,8051012,porto grande,AP,0.632108932684692,,,,,,,,,,,,,,,,,,
2015,11,8052000,0.4266666666666667,8052000,serra do navio,AP,0.0842536072573577,,,,,,,,,,,,,,,,,,
2015,11,8150000,0.09333333333333332,8150000,tartarugalzinho,AP,2.8880115128360244,,,,,,,,,,,,,,,,,,
2015,11,8150001,0.7933333333333333,8150001,tartarugalzinho,AP,2.8880115128360244,,,,,,,,,,,,,,,,,,
2015,11,8151000,0.07,8151000,tartarugalzinho,AP,2.8880115128360244,,,,,,,,,,,,,,,,,,
2015,11,8250002,0.7899999999999999,8250002,calcoene,AP,0.9316588698839446,,,,,,,,,,,,,,,,,,
2015,11,8250003,1.1333333333333333,8250003,amapa,AP,0.3058064379597203,,,,,,,,,,,,,,,,,,
2015,11,8251001,1.35,8251001,calcoene,AP,0.9316588698839446,,,,,,,,,,,,,,,,,,
2015,11,8251003,0.33,8251003,calcoene,AP,0.9316588698839446,,,,,,,,,,,,,,,,,,
2015,11,8251004,1.3433333333333333,8251004,oiapoque,AP,1.272075241986529,AP,0.1444155844155844,1009.1254545454544,1009.4524675324676,1008.8207792207792,1433.2277922077922,29.33064935064935,24.571948051948056,30.38935064935065,27.99532467532468,25.667532467532467,23.502857142857145,79.3948051948052,75.88311688311688,76.9064935064935,106.9064935064935,4.728311688311688,1.4942857142857142
2015,11,8351002,7.41,8351002,oiapoque,AP,1.272075241986529,AP,0.1444155844155844,1009.1254545454544,1009.4524675324676,1008.8207792207792,1433.2277922077922,29.33064935064935,24.571948051948056,30.38935064935065,27.99532467532468,25.667532467532467,23.502857142857145,79.3948051948052,75.88311688311688,76.9064935064935,106.9064935064935,4.728311688311688,1.4942857142857142
2015,12,51002,1.729032258064516,51002,mazagao,AP,1.9438634588731385,,,,,,,,,,,,,,,,,,
2015,12,51004,0.49032258064516127,51004,mazagao,AP,1.9438634588731385,,,,,,,,,,,,,,,,,,
2015,12,52003,0.21935483870967742,52003,mazagao,AP,1.9438634588731385,,,,,,,,,,,,,,,,,,
2015,12,771001,10.293548387096775,771001,tarauaca,AC,3.822055027666985,,,,,,,,,,,,,,,,,,
2015,12,772003,3.851612903225807,772003,tarauaca,AC,3.822055027666985,,,,,,,,,,,,,,,,,,
2015,12,869000,10.283870967741937,869000,manoel urbano,AC,19.16839944163277,,,,,,,,,,,,,,,,,,
2015,12,870002,9.600000000000001,870002,feijo,AC,10.621369903561678,AC,0.5619753086419753,992.6212345679012,993.0844444444444,992.318024691358,1238.3587654320988,27.17925925925926,23.067901234567906,27.758024691358024,26.41333333333333,23.6720987654321,22.386666666666667,83.55555555555556,76.08641975308642,79.55308641975309,221.73086419753088,4.166913580246914,1.78320987654321
2015,12,872000,,872000,marechal thaumaturgo,AC,0.4654908338505476,,,,,,,,,,,,,,,,,,
2015,12,872001,5.912903225806451,872001,porto walter,AC,1.4817139459635085,,,,,,,,,,,,,,,,,,
2015,12,967005,2.0806451612903225,967005,senador guiomard,AC,4.890302251429574,,,,,,,,,,,,,,,,,,
2015,12,968004,5.012903225806451,968004,bujari,AC,9.356973416325886,,,,,,,,,,,,,,,,,,
2015,12,968005,7.599677419354838,968005,sena madureira,AC,42.237230667926575,,,,,,,,,,,,,,,,,,
2015,12,972000,3.5935483870967744,972000,marechal thaumaturgo,AC,0.4654908338505476,,,,,,,,,,,,,,,,,,
2015,12,1067002,3.5483870967741935,1067002,placido de castro,AC,5.154209177656434,,,,,,,,,,,,,,,,,,
2015,12,1067003,6.651612903225806,1067003,capixaba,AC,6.085182786661069,,,,,,,,,,,,,,,,,,
2015,12,1068000,8.238709677419354,1068000,xapuri,AC,17.604619314189513,,,,,,,,,,,,,,,,,,
2015,12,8050000,0.07419354838709678,8050000,macapa,AP,3.0939568742657,AP,0.0372208436724565,1009.77841191067,1010.1153846153846,1009.4856079404468,1594.1258064516128,29.91786600496278,22.382878411910667,30.56848635235732,29.02779156327544,22.998263027295284,21.834739454094294,69.28287841191067,62.35980148883375,65.05955334987593,194.0198511166253,8.25136476426799,3.5570719602977667
2015,12,8050001,4.067741935483871,8050001,macapa,AP,3.0939568742657,AP,0.0372208436724565,1009.77841191067,1010.1153846153846,1009.4856079404468,1594.1258064516128,29.91786600496278,22.382878411910667,30.56848635235732,29.02779156327544,22.998263027295284,21.834739454094294,69.28287841191067,62.35980148883375,65.05955334987593,194.0198511166253,8.25136476426799,3.5570719602977667
2015,12,8051010,4.396774193548388,8051010,macapa,AP,3.0939568742657,AP,0.0372208436724565,1009.77841191067,1010.1153846153846,1009.4856079404468,1594.1258064516128,29.91786600496278,22.382878411910667,30.56848635235732,29.02779156327544,22.998263027295284,21.834739454094294,69.28287841191067,62.35980148883375,65.05955334987593,194.0198511166253,8.25136476426799,3.5570719602977667
2015,12,8051012,2.6225806451612903,8051012,porto grande,AP,0.632108932684692,,,,,,,,,,,,,,,,,,
2015,12,8052000,2.8677419354838714,8052000,serra do navio,AP,0.0842536072573577,,,,,,,,,,,,,,,,,,
2015,12,8150000,3.932258064516129,8150000,tartarugalzinho,AP,2.8880115128360244,,,,,,,,,,,,,,,,,,
2015,12,8150001,2.6193548387096777,8150001,tartarugalzinho,AP,2.8880115128360244,,,,,,,,,,,,,,,,,,
2015,12,8151000,2.0483870967741935,8151000,tartarugalzinho,AP,2.8880115128360244,,,,,,,,,,,,,,,,,,
2015,12,8250002,9.403225806451612,8250002,calcoene,AP,0.9316588698839446,,,,,,,,,,,,,,,,,,
2015,12,8250003,10.51290322580645,8250003,amapa,AP,0.3058064379597203,,,,,,,,,,,,,,,,,,
2015,12,8251001,6.661290322580645,8251001,calcoene,AP,0.9316588698839446,,,,,,,,,,,,,,,,,,
2015,12,8251003,7.309677419354839,8251003,calcoene,AP,0.9316588698839446,,,,,,,,,,,,,,,,,,
2015,12,8251004,9.619354838709677,8251004,oiapoque,AP,1.272075241986529,AP,0.4754342431761786,1011.0384615384615,1011.3516129032258,1010.7235732009924,1062.3925558312656,27.169975186104217,24.69032258064516,28.02630272952854,26.14044665012407,25.55235732009925,23.77717121588089,87.94292803970224,86.07196029776675,86.70967741935483,86.37965260545906,4.916129032258064,1.4647642679900743
2015,12,8351002,10.748387096774193,8351002,oiapoque,AP,1.272075241986529,AP,0.4754342431761786,1011.0384615384615,1011.3516129032258,1010.7235732009924,1062.3925558312656,27.169975186104217,24.69032258064516,28.02630272952854,26.14044665012407,25.55235732009925,23.77717121588089,87.94292803970224,86.07196029776675,86.70967741935483,86.37965260545906,4.916129032258064,1.4647642679900743
2016,1,51002,0.55,51002,mazagao,AP,1.3027292045827972,,,,,,,,,,,,,,,,,,
2016,1,51004,7.961290322580646,51004,mazagao,AP,1.3027292045827972,,,,,,,,,,,,,,,,,,
2016,1,52003,1.9580645161290324,52003,mazagao,AP,1.3027292045827972,,,,,,,,,,,,,,,,,,
2016,1,771001,5.609677419354839,771001,tarauaca,AC,13.428060284320903,,,,,,,,,,,,,,,,,,
2016,1,772003,6.596774193548387,772003,tarauaca,AC,13.428060284320903,,,,,,,,,,,,,,,,,,
2016,1,772004,14.338709677419354,772004,cruzeiro do sul,AC,9.263035265528986,AC,0.5223529411764706,985.613411764706,986.048,985.2701176470588,1170.5503529411765,28.115529411764708,23.46023529411765,28.69505882352941,27.39529411764705,24.14235294117647,22.78494117647059,81.77411764705883,73.48470588235294,77.3435294117647,188.2776470588236,3.800470588235294,1.144235294117647
2016,1,773000,7.390322580645161,773000,cruzeiro do sul,AC,9.263035265528986,AC,0.5223529411764706,985.613411764706,986.048,985.2701176470588,1170.5503529411765,28.115529411764708,23.46023529411765,28.69505882352941,27.39529411764705,24.14235294117647,22.78494117647059,81.77411764705883,73.48470588235294,77.3435294117647,188.2776470588236,3.800470588235294,1.144235294117647
2016,1,869000,9.048387096774194,869000,manoel urbano,AC,26.916937939733398,,,,,,,,,,,,,,,,,,
2016,1,870001,4.683870967741935,870001,tarauaca,AC,13.428060284320903,,,,,,,,,,,,,,,,,,
2016,1,870002,6.32258064516129,870002,feijo,AC,38.63043786059945,AC,0.230392156862745,991.4860294117648,991.9463235294118,991.1671568627452,1210.715441176471,27.794607843137257,23.92156862745098,28.33210784313725,27.07524509803922,24.514705882352946,23.240686274509805,84.32352941176471,77.19117647058823,80.54656862745098,214.4950980392157,3.920343137254902,1.6512254901960786
2016,1,872000,,872000,marechal thaumaturgo,AC,2.5779650938347785,,,,,,,,,,,,,,,,,,
2016,1,872001,4.606451612903226,872001,porto walter,AC,4.298905631377816,,,,,,,,,,,,,,,,,,
2016,1,967005,8.3,967005,senador guiomard,AC,9.106455678121788,,,,,,,,,,,,,,,,,,
2016,1,968003,1.3548387096774193,968003,sena madureira,AC,56.02417789160553,,,,,,,,,,,,,,,,,,
2016,1,968004,3.609677419354839,968004,bujari,AC,17.28700459220399,,,,,,,,,,,,,,,,,,
2016,1,968005,3.8322580645161293,968005,sena madureira,AC,56.02417789160553,,,,,,,,,,,,,,,,,,
2016,1,972000,10.496774193548386,972000,marechal thaumaturgo,AC,2.5779650938347785,,,,,,,,,,,,,,,,,,
2016,1,1067002,5.558064516129033,1067002,placido de castro,AC,7.856998905608673,,,,,,,,,,,,,,,,,,
2016,1,1067003,19.506666666666668,1067003,capixaba,AC,16.64593326609688,,,,,,,,,,,,,,,,,,
2016,1,1068000,4.290322580645161,1068000,xapuri,AC,32.683806447717444,,,,,,,,,,,,,,,,,,
2016,1,1069000,0.8332258064516128,1069000,assis brasil,AC,2.893949749259665,,,,,,,,,,,,,,,,,,
2016,1,1168001,5.412903225806451,1168001,brasileia,AC,17.714445001641003,,,,,,,,,,,,,,,,,,
2016,1,8050000,5.096774193548387,8050000,macapa,AP,1.6745957716467044,AP,0.3004901960784313,1009.8730392156864,1010.2071078431372,1009.5769607843138,1200.670588235294,28.294117647058822,22.77328431372549,28.982843137254903,27.48014705882353,23.324754901960784,22.25122549019608,77.02696078431373,69.9828431372549,73.04656862745098,175.1691176470588,6.830637254901961,2.6144607843137257
2016,1,8050001,8.62258064516129,8050001,macapa,AP,1.6745957716467044,AP,0.3004901960784313,1009.8730392156864,1010.2071078431372,1009.5769607843138,1200.670588235294,28.294117647058822,22.77328431372549,28.982843137254903,27.48014705882353,23.324754901960784,22.25122549019608,77.02696078431373,69.9828431372549,73.04656862745098,175.1691176470588,6.830637254901961,2.6144607843137257
2016,1,8051010,10.058064516129033,8051010,macapa,AP,1.6745957716467044,AP,0.3004901960784313,1009.8730392156864,1010.2071078431372,1009.5769607843138,1200.670588235294,28.294117647058822,22.77328431372549,28.982843137254903,27.48014705882353,23.324754901960784,22.25122549019608,77.02696078431373,69.9828431372549,73.04656862745098,175.1691176470588,6.830637254901961,2.6144607843137257
2016,1,8051012,8.63225806451613,8051012,porto grande,AP,0.800617887773934,,,,,,,,,,,,,,,,,,
2016,1,8052000,8.458064516129031,8052000,serra do navio,AP,0.0869851568611074,,,,,,,,,,,,,,,,,,
2016,1,8150000,8.95483870967742,8150000,tartarugalzinho,AP,1.1044842711534733,,,,,,,,,,,,,,,,,,
2016,1,8150001,13.251612903225807,8150001,tartarugalzinho,AP,1.1044842711534733,,,,,,,,,,,,,,,,,,
2016,1,8151000,2.9322580645161294,8151000,tartarugalzinho,AP,1.1044842711534733,,,,,,,,,,,,,,,,,,
2016,1,8250002,11.538709677419355,8250002,calcoene,AP,0.570463205758597,,,,,,,,,,,,,,,,,,
2016,1,8250003,21.796774193548387,8250003,amapa,AP,0.1427048140881912,,,,,,,,,,,,,,,,,,
2016,1,8251001,15.238709677419356,8251001,calcoene,AP,0.570463205758597,,,,,,,,,,,,,,,,,,
2016,1,8251003,8.783870967741937,8251003,calcoene,AP,0.570463205758597,,,,,,,,,,,,,,,,,,
2016,1,8251004,6.858064516129032,8251004,oiapoque,AP,0.5019086660749619,AP,0.2645161290322581,1011.2240694789082,1011.5263027295284,1010.9322580645162,1154.479652605459,26.74640198511166,24.22456575682382,27.549627791563275,25.79602977667493,25.04590570719603,23.39751861042184,87.71960297766749,85.91315136476427,86.46898263027295,71.1637717121588,5.053349875930521,1.695285359801489
2016,1,8351002,7.6,8351002,oiapoque,AP,0.5019086660749619,AP,0.2645161290322581,1011.2240694789082,1011.5263027295284,1010.9322580645162,1154.479652605459,26.74640198511166,24.22456575682382,27.549627791563275,25.79602977667493,25.04590570719603,23.39751861042184,87.71960297766749,85.91315136476427,86.46898263027295,71.1637717121588,5.053349875930521,1.695285359801489
2016,2,51002,6.027586206896552,51002,mazagao,AP,1.3027292045827972,,,,,,,,,,,,,,,,,,
2016,2,51004,15.055172413793104,51004,mazagao,AP,1.3027292045827972,,,,,,,,,,,,,,,,,,
2016,2,52003,9.817241379310344,52003,mazagao,AP,1.3027292045827972,,,,,,,,,,,,,,,,,,
2016,2,771001,8.975862068965517,771001,tarauaca,AC,13.428060284320903,,,,,,,,,,,,,,,,,,
2016,2,772003,6.927586206896552,772003,tarauaca,AC,13.428060284320903,,,,,,,,,,,,,,,,,,
2016,2,772004,12.024137931034483,772004,cruzeiro do sul,AC,9.263035265528986,AC,0.4339425587467362,986.346997389034,986.814360313316,986.0099216710182,1069.7402088772849,27.133159268929504,23.166057441253265,27.668668407310705,26.482767624020887,23.766579634464755,22.54308093994778,84.0574412532637,76.14882506527415,79.87728459530027,168.6266318537859,3.859268929503916,1.2156657963446476
2016,2,773000,11.155172413793103,773000,cruzeiro do sul,AC,9.263035265528986,AC,0.4339425587467362,986.346997389034,986.814360313316,986.0099216710182,1069.7402088772849,27.133159268929504,23.166057441253265,27.668668407310705,26.482767624020887,23.766579634464755,22.54308093994778,84.0574412532637,76.14882506527415,79.87728459530027,168.6266318537859,3.859268929503916,1.2156657963446476
2016,2,869000,8.813793103448276,869000,manoel urbano,AC,26.916937939733398,,,,,,,,,,,,,,,,,,
2016,2,870001,7.341379310344828,870001,tarauaca,AC,13.428060284320903,,,,,,,,,,,,,,,,,,
2016,2,870002,12.437931034482759,870002,feijo,AC,38.63043786059945,AC,0.129287598944591,992.0200527704484,992.4997361477572,991.7052770448548,1325.9773087071242,27.30738786279684,23.58944591029024,27.95145118733509,26.52691292875989,24.210817941952502,22.94300791556728,85.26912928759894,77.26912928759894,81.12401055408971,201.377308707124,4.217150395778364,1.7701846965699208
2016,2,872000,,872000,marechal thaumaturgo,AC,2.5779650938347785,,,,,,,,,,,,,,,,,,
2016,2,872001,10.63103448275862,872001,porto walter,AC,4.298905631377816,,,,,,,,,,,,,,,,,,
2016,2,967005,12.658620689655171,967005,senador guiomard,AC,9.106455678121788,,,,,,,,,,,,,,,,,,
2016,2,968003,3.096551724137931,968003,sena madureira,AC,56.02417789160553,,,,,,,,,,,,,,,,,,
2016,2,968004,7.2379310344827585,968004,bujari,AC,17.28700459220399,,,,,,,,,,,,,,,,,,
2016,2,968005,8.755172413793103,968005,sena madureira,AC,56.02417789160553,,,,,,,,,,,,,,,,,,
2016,2,972000,22.224137931034484,972000,marechal thaumaturgo,AC,2.5779650938347785,,,,,,,,,,,,,,,,,,
2016,2,1067002,7.26896551724138,1067002,placido de castro,AC,7.856998905608673,,,,,,,,,,,,,,,,,,
2016,2,1067003,4.706896551724138,1067003,capixaba,AC,16.64593326609688,,,,,,,,,,,,,,,,,,
2016,2,1068000,8.76551724137931,1068000,xapuri,AC,32.683806447717444,,,,,,,,,,,,,,,,,,
2016,2,1069000,0.8900000000000001,1069000,assis brasil,AC,2.893949749259665,,,,,,,,,,,,,,,,,,
2016,2,1168001,1.7833333333333332,1168001,brasileia,AC,17.714445001641003,,,,,,,,,,,,,,,,,,
2016,2,8050000,9.782758620689656,8050000,macapa,AP,1.6745957716467044,AP,0.499236641221374,1009.5618320610688,1009.9320610687024,1009.2496183206106,1264.2190839694656,27.691857506361323,23.49618320610687,28.2763358778626,26.98269720101781,24.03333333333333,22.974300254452924,82.17811704834605,75.91094147582697,78.7531806615776,186.07124681933843,6.4506361323155215,2.493129770992366
2016,2,8050001,14.313793103448276,8050001,macapa,AP,1.6745957716467044,AP,0.499236641221374,1009.5618320610688,1009.9320610687024,1009.2496183206106,1264.2190839694656,27.691857506361323,23.49618320610687,28.2763358778626,26.98269720101781,24.03333333333333,22.974300254452924,82.17811704834605,75.91094147582697,78.7531806615776,186.07124681933843,6.4506361323155215,2.493129770992366
2016,2,8051010,13.16551724137931,8051010,macapa,AP,1.6745957716467044,AP,0.499236641221374,1009.5618320610688,1009.9320610687024,1009.2496183206106,1264.2190839694656,27.691857506361323,23.49618320610687,28.2763358778626,26.98269720101781,24.03333333333333,22.974300254452924,82.17811704834605,75.91094147582697,78.7531806615776,186.07124681933843,6.4506361323155215,2.493129770992366
2016,2,8051012,9.60344827586207,8051012,porto grande,AP,0.800617887773934,,,,,,,,,,,,,,,,,,
2016,2,8052000,9.472413793103447,8052000,serra do navio,AP,0.0869851568611074,,,,,,,,,,,,,,,,,,
2016,2,8150000,17.83448275862069,8150000,tartarugalzinho,AP,1.1044842711534733,,,,,,,,,,,,,,,,,,
2016,2,8150001,18.024137931034485,8150001,tartarugalzinho,AP,1.1044842711534733,,,,,,,,,,,,,,,,,,
2016,2,8151000,7.441379310344828,8151000,tartarugalzinho,AP,1.1044842711534733,,,,,,,,,,,,,,,,,,
2016,2,8250002,20.613793103448273,8250002,calcoene,AP,0.570463205758597,,,,,,,,,,,,,,,,,,
2016,2,8250003,21.010714285714283,8250003,amapa,AP,0.1427048140881912,,,,,,,,,,,,,,,,,,
2016,2,8251001,17.96551724137931,8251001,calcoene,AP,0.570463205758597,,,,,,,,,,,,,,,,,,
2016,2,8251003,19.603448275862068,8251003,calcoene,AP,0.570463205758597,,,,,,,,,,,,,,,,,,
2016,2,8251004,13.068965517241379,8251004,oiapoque,AP,0.5019086660749619,AP,0.7757255936675461,1010.5791556728232,1010.8934036939312,1010.2833773087071,876.7126649076516,26.44379947229552,24.83825857519789,27.12189973614776,25.73192612137203,25.511081794195253,24.19366754617414,91.71767810026384,90.5197889182058,90.97625329815304,75.4221635883905,4.49868073878628,1.3435356200527704
2016,2,8351002,16.06551724137931,8351002,oiapoque,AP,0.5019086660749619,AP,0.7757255936675461,1010.5791556728232,1010.8934036939312,1010.2833773087071,876.7126649076516,26.44379947229552,24.83825857519789,27.12189973614776,25.73192612137203,25.511081794195253,24.19366754617414,91.71767810026384,90.5197889182058,90.97625329815304,75.4221635883905,4.49868073878628,1.3435356200527704
2016,3,51002,7.003225806451613,51002,mazagao,AP,1.3027292045827972,,,,,,,,,,,,,,,,,,
2016,3,51004,25.751612903225805,51004,mazagao,AP,1.3027292045827972,,,,,,,,,,,,,,,,,,
2016,3,52003,11.290322580645162,52003,mazagao,AP,1.3027292045827972,,,,,,,,,,,,,,,,,,
2016,3,771001,11.525806451612903,771001,tarauaca,AC,13.428060284320903,,,,,,,,,,,,,,,,,,
2016,3,772003,5.112903225806452,772003,tarauaca,AC,13.428060284320903,,,,,,,,,,,,,,,,,,
2016,3,772004,10.36774193548387,772004,cruzeiro do sul,AC,9.263035265528986,AC,0.5074550128534705,987.5460154241646,988.013881748072,987.2501285347043,1123.5161953727506,27.29537275064268,23.25809768637532,27.805398457583543,26.635989717223648,23.874550128534707,22.62390745501285,83.80462724935732,75.8611825192802,79.61182519280206,222.68637532133675,4.193316195372751,1.3876606683804626
2016,3,773000,8.067741935483872,773000,cruzeiro do sul,AC,9.263035265528986,AC,0.5074550128534705,987.5460154241646,988.013881748072,987.2501285347043,1123.5161953727506,27.29537275064268,23.25809768637532,27.805398457583543,26.635989717223648,23.874550128534707,22.62390745501285,83.80462724935732,75.8611825192802,79.61182519280206,222.68637532133675,4.193316195372751,1.3876606683804626
2016,3,869000,6.370967741935484,869000,manoel urbano,AC,26.916937939733398,,,,,,,,,,,,,,,,,,
2016,3,870001,6.287096774193548,870001,tarauaca,AC,13.428060284320903,,,,,,,,,,,,,,,,,,
2016,3,870002,5.661290322580645,870002,feijo,AC,38.63043786059945,AC,0.0715686274509803,993.1980392156862,993.644362745098,992.8779411764706,1264.0365196078433,27.626470588235296,23.639705882352946,28.194117647058825,26.904411764705884,24.220098039215685,23.008823529411767,83.94362745098039,76.6029411764706,80.03676470588235,180.31127450980392,4.09093137254902,1.777941176470588
2016,3,872000,,872000,marechal thaumaturgo,AC,2.5779650938347785,,,,,,,,,,,,,,,,,,
2016,3,872001,4.22,872001,porto walter,AC,4.298905631377816,,,,,,,,,,,,,,,,,,
2016,3,967005,6.351612903225806,967005,senador guiomard,AC,9.106455678121788,,,,,,,,,,,,,,,,,,
2016,3,968003,2.8193548387096774,968003,sena madureira,AC,56.02417789160553,,,,,,,,,,,,,,,,,,
2016,3,968004,8.651612903225805,968004,bujari,AC,17.28700459220399,,,,,,,,,,,,,,,,,,
2016,3,968005,7.606451612903226,968005,sena madureira,AC,56.02417789160553,,,,,,,,,,,,,,,,,,
2016,3,972000,5.074193548387097,972000,marechal thaumaturgo,AC,2.5779650938347785,,,,,,,,,,,,,,,,,,
2016,3,1067002,3.467741935483871,1067002,placido de castro,AC,7.856998905608673,,,,,,,,,,,,,,,,,,
2016,3,1067003,14.82258064516129,1067003,capixaba,AC,16.64593326609688,,,,,,,,,,,,,,,,,,
2016,3,1068000,6.761290322580645,1068000,xapuri,AC,32.683806447717444,,,,,,,,,,,,,,,,,,
2016,3,1069000,0.5935483870967743,1069000,assis brasil,AC,2.893949749259665,,,,,,,,,,,,,,,,,,
2016,3,1168001,3.193548387096774,1168001,brasileia,AC,17.714445001641003,,,,,,,,,,,,,,,,,,
2016,3,8050000,11.766666666666667,8050000,macapa,AP,1.6745957716467044,AP,0.6306905370843989,1010.2186700767264,1010.612276214834,1009.9237851662404,1187.758567774936,27.63682864450128,23.85012787723785,28.175959079283885,26.96393861892583,24.415601023017903,23.33452685421995,84.05626598465473,77.9693094629156,80.69820971867007,177.30434782608697,5.491815856777494,2.049616368286445
2016,3,8050001,27.112903225806452,8050001,macapa,AP,1.6745957716467044,AP,0.6306905370843989,1010.2186700767264,1010.612276214834,1009.9237851662404,1187.758567774936,27.63682864450128,23.85012787723785,28.175959079283885,26.96393861892583,24.415601023017903,23.33452685421995,84.05626598465473,77.9693094629156,80.69820971867007,177.30434782608697,5.491815856777494,2.049616368286445
2016,3,8051010,18.94516129032258,8051010,macapa,AP,1.6745957716467044,AP,0.6306905370843989,1010.2186700767264,1010.612276214834,1009.9237851662404,1187.758567774936,27.63682864450128,23.85012787723785,28.175959079283885,26.96393861892583,24.415601023017903,23.33452685421995,84.05626598465473,77.9693094629156,80.69820971867007,177.30434782608697,5.491815856777494,2.049616368286445
2016,3,8051012,14.21,8051012,porto grande,AP,0.800617887773934,,,,,,,,,,,,,,,,,,
2016,3,8052000,16.051612903225806,8052000,serra do navio,AP,0.0869851568611074,,,,,,,,,,,,,,,,,,
2016,3,8150000,18.887096774193548,8150000,tartarugalzinho,AP,1.1044842711534733,,,,,,,,,,,,,,,,,,
2016,3,8150001,21.60645161290323,8150001,tartarugalzinho,AP,1.1044842711534733,,,,,,,,,,,,,,,,,,
2016,3,8151000,10.887096774193548,8151000,tartarugalzinho,AP,1.1044842711534733,,,,,,,,,,,,,,,,,,
2016,3,8250002,21.122580645161293,8250002,calcoene,AP,0.570463205758597,,,,,,,,,,,,,,,,,,
2016,3,8250003,23.941935483870967,8250003,amapa,AP,0.1427048140881912,,,,,,,,,,,,,,,,,,
2016,3,8251001,22.774193548387096,8251001,calcoene,AP,0.570463205758597,,,,,,,,,,,,,,,,,,
2016,3,8251003,19.687096774193545,8251003,calcoene,AP,0.570463205758597,,,,,,,,,,,,,,,,,,
2016,3,8251004,23.166666666666668,8251004,oiapoque,AP,0.5019086660749619,AP,0.6192592592592593,1011.14,1011.4597530864198,1010.8518518518518,1042.9918518518518,27.108395061728395,25.105185185185185,27.805185185185184,26.343703703703707,25.81037037037037,24.442222222222224,90.01975308641975,88.55308641975309,89.0246913580247,80.10864197530864,4.527654320987654,1.5044444444444445
2016,3,8351002,10.851612903225806,8351002,oiapoque,AP,0.5019086660749619,AP,0.6192592592592593,1011.14,1011.4597530864198,1010.8518518518518,1042.9918518518518,27.108395061728395,25.105185185185185,27.805185185185184,26.343703703703707,25.81037037037037,24.442222222222224,90.01975308641975,88.55308641975309,89.0246913580247,80.10864197530864,4.527654320987654,1.5044444444444445
2016,4,51002,4.989999999999999,51002,mazagao,AP,1.3027292045827972,,,,,,,,,,,,,,,,,,
2016,4,51004,15.576666666666666,51004,mazagao,AP,1.3027292045827972,,,,,,,,,,,,,,,,,,
2016,4,52003,8.533333333333333,52003,mazagao,AP,1.3027292045827972,,,,,,,,,,,,,,,,,,
2016,4,771001,7.146666666666666,771001,tarauaca,AC,13.428060284320903,,,,,,,,,,,,,,,,,,
2016,4,772003,3.4733333333333336,772003,tarauaca,AC,13.428060284320903,,,,,,,,,,,,,,,,,,
2016,4,772004,4.0,772004,cruzeiro do sul,AC,9.263035265528986,AC,0.1542105263157894,987.1076315789476,987.5752631578948,986.8168421052632,1204.6205263157894,27.48578947368421,22.71421052631579,28.01868421052632,26.751315789473683,23.36078947368421,21.991315789473685,80.9921052631579,72.36842105263158,76.38157894736842,236.0,3.971315789473684,1.2668421052631578
2016,4,773000,9.226666666666667,773000,cruzeiro do sul,AC,9.263035265528986,AC,0.1542105263157894,987.1076315789476,987.5752631578948,986.8168421052632,1204.6205263157894,27.48578947368421,22.71421052631579,28.01868421052632,26.751315789473683,23.36078947368421,21.991315789473685,80.9921052631579,72.36842105263158,76.38157894736842,236.0,3.971315789473684,1.2668421052631578
2016,4,869000,4.496666666666667,869000,manoel urbano,AC,26.916937939733398,,,,,,,,,,,,,,,,,,
2016,4,870001,1.3933333333333333,870001,tarauaca,AC,13.428060284320903,,,,,,,,,,,,,,,,,,
2016,4,870002,5.37,870002,feijo,AC,38.63043786059945,AC,0.0865822784810126,992.8460759493672,993.3037974683544,992.533924050633,1296.966835443038,27.371392405063293,22.91569620253165,27.985316455696204,26.614683544303794,23.58455696202532,22.217974683544305,82.11645569620254,74.14936708860759,77.87848101265823,201.7240506329114,4.290379746835443,1.8187341772151897
2016,4,872000,,872000,marechal thaumaturgo,AC,2.5779650938347785,,,,,,,,,,,,,,,,,,
2016,4,872001,,872001,porto walter,AC,4.298905631377816,,,,,,,,,,,,,,,,,,
2016,4,967005,3.9833333333333334,967005,senador guiomard,AC,9.106455678121788,,,,,,,,,,,,,,,,,,
2016,4,968003,0.51,968003,sena madureira,AC,56.02417789160553,,,,,,,,,,,,,,,,,,
2016,4,968004,4.333333333333333,968004,bujari,AC,17.28700459220399,,,,,,,,,,,,,,,,,,
2016,4,968005,2.82,968005,sena madureira,AC,56.02417789160553,,,,,,,,,,,,,,,,,,
2016,4,972000,4.53,972000,marechal thaumaturgo,AC,2.5779650938347785,,,,,,,,,,,,,,,,,,
2016,4,1067002,3.93,1067002,placido de castro,AC,7.856998905608673,,,,,,,,,,,,,,,,,,
2016,4,1067003,18.976666666666667,1067003,capixaba,AC,16.64593326609688,,,,,,,,,,,,,,,,,,
2016,4,1068000,2.0766666666666667,1068000,xapuri,AC,32.683806447717444,,,,,,,,,,,,,,,,,,
2016,4,1069000,3.243333333333333,1069000,assis brasil,AC,2.893949749259665,,,,,,,,,,,,,,,,,,
2016,4,1168001,1.79,1168001,brasileia,AC,17.714445001641003,,,,,,,,,,,,,,,,,,
2016,4,8050000,18.782608695652176,8050000,macapa,AP,1.6745957716467044,AP,0.2427586206896552,1009.6124137931032,1010.071724137931,1009.3813793103448,1519.2358620689656,28.47655172413793,23.77448275862069,29.05172413793104,27.739310344827587,24.393103448275863,23.197241379310345,80.4,73.41379310344827,76.45517241379311,181.95172413793105,5.848275862068966,2.257241379310345
2016,4,8050001,12.520000000000001,8050001,macapa,AP,1.6745957716467044,AP,0.2427586206896552,1009.6124137931032,1010.071724137931,1009.3813793103448,1519.2358620689656,28.47655172413793,23.77448275862069,29.05172413793104,27.739310344827587,24.393103448275863,23.197241379310345,80.4,73.41379310344827,76.45517241379311,181.95172413793105,5.848275862068966,2.257241379310345
2016,4,8051010,13.97,8051010,macapa,AP,1.6745957716467044,AP,0.2427586206896552,1009.6124137931032,1010.071724137931,1009.3813793103448,1519.2358620689656,28.47655172413793,23.77448275862069,29.05172413793104,27.739310344827587,24.393103448275863,23.197241379310345,80.4,73.41379310344827,76.45517241379311,181.95172413793105,5.848275862068966,2.257241379310345
2016,4,8051012,9.343333333333334,8051012,porto grande,AP,0.800617887773934,,,,,,,,,,,,,,,,,,
2016,4,8052000,10.903333333333334,8052000,serra do navio,AP,0.0869851568611074,,,,,,,,,,,,,,,,,,
2016,4,8150000,13.626666666666667,8150000,tartarugalzinho,AP,1.1044842711534733,,,,,,,,,,,,,,,,,,
2016,4,8150001,16.026666666666667,8150001,tartarugalzinho,AP,1.1044842711534733,,,,,,,,,,,,,,,,,,
2016,4,8151000,8.860000000000001,8151000,tartarugalzinho,AP,1.1044842711534733,,,,,,,,,,,,,,,,,,
2016,4,8250002,20.71333333333333,8250002,calcoene,AP,0.570463205758597,,,,,,,,,,,,,,,,,,
2016,4,8250003,19.313333333333333,8250003,amapa,AP,0.1427048140881912,,,,,,,,,,,,,,,,,,
2016,4,8251001,21.553333333333335,8251001,calcoene,AP,0.570463205758597,,,,,,,,,,,,,,,,,,
2016,4,8251003,13.483333333333333,8251003,calcoene,AP,0.570463205758597,,,,,,,,,,,,,,,,,,
2016,4,8251004,23.353333333333335,8251004,oiapoque,AP,0.5019086660749619,AP,1.32253164556962,1009.9070886075948,1010.2427848101266,1009.6288607594936,1077.6688607594938,27.050379746835443,25.18354430379747,27.75949367088608,26.305316455696204,25.891392405063293,24.528607594936705,90.73417721518987,89.27088607594936,89.8126582278481,112.35443037974684,4.122025316455696,1.2883544303797467
2016,4,8351002,22.096666666666668,8351002,oiapoque,AP,0.5019086660749619,AP,1.32253164556962,1009.9070886075948,1010.2427848101266,1009.6288607594936,1077.6688607594938,27.050379746835443,25.18354430379747,27.75949367088608,26.305316455696204,25.891392405063293,24.528607594936705,90.73417721518987,89.27088607594936,89.8126582278481,112.35443037974684,4.122025316455696,1.2883544303797467
2016,5,51002,5.516129032258065,51002,mazagao,AP,1.3027292045827972,,,,,,,,,,,,,,,,,,
2016,5,51004,18.154838709677417,51004,mazagao,AP,1.3027292045827972,,,,,,,,,,,,,,,,,,
2016,5,52003,4.387096774193548,52003,mazagao,AP,1.3027292045827972,,,,,,,,,,,,,,,,,,
2016,5,771001,3.1444444444444444,771001,tarauaca,AC,13.428060284320903,,,,,,,,,,,,,,,,,,
2016,5,772003,1.3599999999999999,772003,tarauaca,AC,13.428060284320903,,,,,,,,,,,,,,,,,,
2016,5,772004,3.3666666666666663,772004,cruzeiro do sul,AC,9.263035265528986,AC,0.255050505050505,989.0861111111112,989.5123737373738,988.8166666666668,1104.852525252525,27.01212121212121,22.19772727272727,27.541161616161613,26.27878787878788,22.800252525252525,21.48510101010101,80.63636363636364,72.25,76.1919191919192,236.0,3.962878787878788,1.3378787878787877
2016,5,773000,2.9285714285714284,773000,cruzeiro do sul,AC,9.263035265528986,AC,0.255050505050505,989.0861111111112,989.5123737373738,988.8166666666668,1104.852525252525,27.01212121212121,22.19772727272727,27.541161616161613,26.27878787878788,22.800252525252525,21.48510101010101,80.63636363636364,72.25,76.1919191919192,236.0,3.962878787878788,1.3378787878787877
2016,5,869000,2.4838709677419355,869000,manoel urbano,AC,26.916937939733398,,,,,,,,,,,,,,,,,,
2016,5,870001,0.0,870001,tarauaca,AC,13.428060284320903,,,,,,,,,,,,,,,,,,
2016,5,870002,0.0,870002,feijo,AC,38.63043786059945,AC,0.0606060606060606,994.9234848484848,995.3464646464648,994.6535353535352,1191.0459595959596,26.872474747474747,22.374242424242425,27.50909090909091,26.02777777777778,22.94747474747475,21.652020202020203,81.99242424242425,73.88888888888889,77.81565656565657,163.97222222222223,4.128030303030303,1.7949494949494949
2016,5,872001,0.9142857142857144,872001,porto walter,AC,4.298905631377816,,,,,,,,,,,,,,,,,,
2016,5,967005,0.05806451612903226,967005,senador guiomard,AC,9.106455678121788,,,,,,,,,,,,,,,,,,
2016,5,968003,0.3548387096774194,968003,sena madureira,AC,56.02417789160553,,,,,,,,,,,,,,,,,,
2016,5,968004,0.832258064516129,968004,bujari,AC,17.28700459220399,,,,,,,,,,,,,,,,,,
2016,5,968005,3.896774193548387,968005,sena madureira,AC,56.02417789160553,,,,,,,,,,,,,,,,,,
2016,5,972000,3.476923076923077,972000,marechal thaumaturgo,AC,2.5779650938347785,,,,,,,,,,,,,,,,,,
2016,5,1067002,1.535483870967742,1067002,placido de castro,AC,7.856998905608673,,,,,,,,,,,,,,,,,,
2016,5,1067003,1.0419354838709678,1067003,capixaba,AC,16.64593326609688,,,,,,,,,,,,,,,,,,
2016,5,1068000,2.635483870967742,1068000,xapuri,AC,32.683806447717444,,,,,,,,,,,,,,,,,,
2016,5,1069000,0.9322580645161291,1069000,assis brasil,AC,2.893949749259665,,,,,,,,,,,,,,,,,,
2016,5,1168001,1.5516129032258066,1168001,brasileia,AC,17.714445001641003,,,,,,,,,,,,,,,,,,
2016,5,8050000,6.95,8050000,macapa,AP,1.6745957716467044,,,,,,,,,,,,,,,,,,
2016,5,8050001,7.6,8050001,macapa,AP,1.6745957716467044,,,,,,,,,,,,,,,,,,
2016,5,8051010,8.006451612903225,8051010,macapa,AP,1.6745957716467044,,,,,,,,,,,,,,,,,,
2016,5,8051012,5.710714285714286,8051012,porto grande,AP,0.800617887773934,,,,,,,,,,,,,,,,,,
2016,5,8052000,5.412903225806452,8052000,serra do navio,AP,0.0869851568611074,,,,,,,,,,,,,,,,,,
2016,5,8150000,6.829032258064516,8150000,tartarugalzinho,AP,1.1044842711534733,,,,,,,,,,,,,,,,,,
2016,5,8150001,6.941935483870967,8150001,tartarugalzinho,AP,1.1044842711534733,,,,,,,,,,,,,,,,,,
2016,5,8151000,12.770967741935483,8151000,tartarugalzinho,AP,1.1044842711534733,,,,,,,,,,,,,,,,,,
2016,5,8250002,9.993333333333334,8250002,calcoene,AP,0.570463205758597,,,,,,,,,,,,,,,,,,
2016,5,8250003,11.222580645161292,8250003,amapa,AP,0.1427048140881912,,,,,,,,,,,,,,,,,,
2016,5,8251001,12.434333333333335,8251001,calcoene,AP,0.570463205758597,,,,,,,,,,,,,,,,,,
2016,5,8251003,11.264516129032257,8251003,calcoene,AP,0.570463205758597,,,,,,,,,,,,,,,,,,
2016,5,8251004,12.161290322580646,8251004,oiapoque,AP,0.5019086660749619,AP,0.6316831683168317,1011.2965346534652,1011.6336633663366,1011.035396039604,1096.804207920792,27.33242574257425,25.513118811881185,28.049009900990097,26.51039603960396,26.20519801980198,24.788366336633665,90.91089108910892,89.39108910891089,89.97277227722772,126.66089108910892,3.509405940594059,1.0492574257425742
2016,5,8351002,12.503225806451612,8351002,oiapoque,AP,0.5019086660749619,AP,0.6316831683168317,1011.2965346534652,1011.6336633663366,1011.035396039604,1096.804207920792,27.33242574257425,25.513118811881185,28.049009900990097,26.51039603960396,26.20519801980198,24.788366336633665,90.91089108910892,89.39108910891089,89.97277227722772,126.66089108910892,3.509405940594059,1.0492574257425742
2016,6,51002,3.05,51002,mazagao,AP,1.3027292045827972,,,,,,,,,,,,,,,,,,
2016,6,51004,13.54,51004,mazagao,AP,1.3027292045827972,,,,,,,,,,,,,,,,,,
2016,6,52003,5.533333333333333,52003,mazagao,AP,1.3027292045827972,,,,,,,,,,,,,,,,,,
2016,6,771001,1.2733333333333334,771001,tarauaca,AC,13.428060284320903,,,,,,,,,,,,,,,,,,
2016,6,772003,2.2096666666666667,772003,tarauaca,AC,13.428060284320903,,,,,,,,,,,,,,,,,,
2016,6,772004,4.3,772004,cruzeiro do sul,AC,9.263035265528986,AC,0.1432506887052341,990.7652892561983,991.1603305785123,990.5487603305784,1284.4487603305786,26.503030303030304,20.764462809917354,27.04325068870524,25.666666666666668,21.35068870523416,20.1,76.73553719008264,68.38842975206612,72.07162534435261,236.0,4.366666666666666,1.5928374655647384
2016,6,773000,5.153333333333333,773000,cruzeiro do sul,AC,9.263035265528986,AC,0.1432506887052341,990.7652892561983,991.1603305785123,990.5487603305784,1284.4487603305786,26.503030303030304,20.764462809917354,27.04325068870524,25.666666666666668,21.35068870523416,20.1,76.73553719008264,68.38842975206612,72.07162534435261,236.0,4.366666666666666,1.5928374655647384
2016,6,869000,0.59,869000,manoel urbano,AC,26.916937939733398,,,,,,,,,,,,,,,,,,
2016,6,870001,1.1766666666666665,870001,tarauaca,AC,13.428060284320903,,,,,,,,,,,,,,,,,,
2016,6,870002,2.1599999999999997,870002,feijo,AC,38.63043786059945,AC,0.1008403361344537,994.6058823529412,994.9773109243698,994.2983193277312,1105.4714285714283,26.49243697478992,22.52689075630252,27.168907563025208,25.64453781512605,23.09915966386555,21.79495798319328,84.47058823529412,76.3529411764706,80.36134453781513,207.8403361344538,3.974789915966386,1.6445378151260504
2016,6,872001,0.9433333333333334,872001,porto walter,AC,4.298905631377816,,,,,,,,,,,,,,,,,,
2016,6,967005,1.37,967005,senador guiomard,AC,9.106455678121788,,,,,,,,,,,,,,,,,,
2016,6,968003,0.0,968003,sena madureira,AC,56.02417789160553,,,,,,,,,,,,,,,,,,
2016,6,968004,0.8551724137931035,968004,bujari,AC,17.28700459220399,,,,,,,,,,,,,,,,,,
2016,6,968005,0.14,968005,sena madureira,AC,56.02417789160553,,,,,,,,,,,,,,,,,,
2016,6,972000,0.8033333333333333,972000,marechal thaumaturgo,AC,2.5779650938347785,,,,,,,,,,,,,,,,,,
2016,6,1067002,0.0,1067002,placido de castro,AC,7.856998905608673,,,,,,,,,,,,,,,,,,
2016,6,1067003,0.6033333333333334,1067003,capixaba,AC,16.64593326609688,,,,,,,,,,,,,,,,,,
2016,6,1068000,0.56,1068000,xapuri,AC,32.683806447717444,,,,,,,,,,,,,,,,,,
2016,6,1069000,0.0,1069000,assis brasil,AC,2.893949749259665,,,,,,,,,,,,,,,,,,
2016,6,1168001,0.08333333333333333,1168001,brasileia,AC,17.714445001641003,,,,,,,,,,,,,,,,,,
2016,6,8050000,9.34,8050000,macapa,AP,1.6745957716467044,AP,0.0294736842105263,1012.2,1012.5575438596492,1011.9561403508771,1524.8277192982457,28.59263157894737,22.76701754385965,29.24280701754386,27.77929824561404,23.452280701754383,22.083508771929825,76.20350877192982,68.46666666666667,71.91929824561403,197.3017543859649,5.396491228070175,2.116140350877193
2016,6,8050001,7.04,8050001,macapa,AP,1.6745957716467044,AP,0.0294736842105263,1012.2,1012.5575438596492,1011.9561403508771,1524.8277192982457,28.59263157894737,22.76701754385965,29.24280701754386,27.77929824561404,23.452280701754383,22.083508771929825,76.20350877192982,68.46666666666667,71.91929824561403,197.3017543859649,5.396491228070175,2.116140350877193
2016,6,8051010,6.833333333333333,8051010,macapa,AP,1.6745957716467044,AP,0.0294736842105263,1012.2,1012.5575438596492,1011.9561403508771,1524.8277192982457,28.59263157894737,22.76701754385965,29.24280701754386,27.77929824561404,23.452280701754383,22.083508771929825,76.20350877192982,68.46666666666667,71.91929824561403,197.3017543859649,5.396491228070175,2.116140350877193
2016,6,8051012,4.6066666666666665,8051012,porto grande,AP,0.800617887773934,,,,,,,,,,,,,,,,,,
2016,6,8052000,5.066666666666666,8052000,serra do navio,AP,0.0869851568611074,,,,,,,,,,,,,,,,,,
2016,6,8150000,8.683333333333334,8150000,tartarugalzinho,AP,1.1044842711534733,,,,,,,,,,,,,,,,,,
2016,6,8150001,8.463333333333333,8150001,tartarugalzinho,AP,1.1044842711534733,,,,,,,,,,,,,,,,,,
2016,6,8151000,5.543333333333334,8151000,tartarugalzinho,AP,1.1044842711534733,,,,,,,,,,,,,,,,,,
2016,6,8250002,8.75,8250002,calcoene,AP,0.570463205758597,,,,,,,,,,,,,,,,,,
2016,6,8250003,7.156666666666666,8250003,amapa,AP,0.1427048140881912,,,,,,,,,,,,,,,,,,
2016,6,8251001,11.828,8251001,calcoene,AP,0.570463205758597,,,,,,,,,,,,,,,,,,
2016,6,8251003,6.696666666666667,8251003,calcoene,AP,0.570463205758597,,,,,,,,,,,,,,,,,,
2016,6,8251004,9.18,8251004,oiapoque,AP,0.5019086660749619,AP,0.6890025575447569,1012.4475703324808,1012.7608695652174,1012.1902813299232,1159.277493606138,26.929156010230177,24.86445012787724,27.700511508951404,25.994373401534524,25.618925831202045,24.04757033248082,89.90537084398977,88.1611253196931,88.80562659846548,149.88746803069054,3.60843989769821,1.1066496163682864
2016,6,8351002,12.343333333333334,8351002,oiapoque,AP,0.5019086660749619,AP,0.6890025575447569,1012.4475703324808,1012.7608695652174,1012.1902813299232,1159.277493606138,26.929156010230177,24.86445012787724,27.700511508951404,25.994373401534524,25.618925831202045,24.04757033248082,89.90537084398977,88.1611253196931,88.80562659846548,149.88746803069054,3.60843989769821,1.1066496163682864
2016,7,51002,4.4,51002,mazagao,AP,1.3027292045827972,,,,,,,,,,,,,,,,,,
2016,7,51004,9.696774193548388,51004,mazagao,AP,1.3027292045827972,,,,,,,,,,,,,,,,,,
2016,7,52003,2.193548387096774,52003,mazagao,AP,1.3027292045827972,,,,,,,,,,,,,,,,,,
2016,7,771001,0.5225806451612903,771001,tarauaca,AC,13.428060284320903,,,,,,,,,,,,,,,,,,
2016,7,772003,0.0,772003,tarauaca,AC,13.428060284320903,,,,,,,,,,,,,,,,,,
2016,7,772004,1.903225806451613,772004,cruzeiro do sul,AC,9.263035265528986,AC,0.0817204301075268,989.3637096774194,989.787365591398,989.1416666666668,1418.996505376344,28.176075268817204,20.586827956989247,28.76532258064516,27.08252688172044,21.423655913978497,19.74543010752688,71.66397849462365,61.663978494623656,65.59139784946237,236.0,3.7489247311827953,1.229032258064516
2016,7,773000,2.8870967741935485,773000,cruzeiro do sul,AC,9.263035265528986,AC,0.0817204301075268,989.3637096774194,989.787365591398,989.1416666666668,1418.996505376344,28.176075268817204,20.586827956989247,28.76532258064516,27.08252688172044,21.423655913978497,19.74543010752688,71.66397849462365,61.663978494623656,65.59139784946237,236.0,3.7489247311827953,1.229032258064516
2016,7,869000,0.07419354838709677,869000,manoel urbano,AC,26.916937939733398,,,,,,,,,,,,,,,,,,
2016,7,870001,0.6838709677419355,870001,tarauaca,AC,13.428060284320903,,,,,,,,,,,,,,,,,,
2016,7,870002,0.7161290322580645,870002,feijo,AC,38.63043786059945,,,,,,,,,,,,,,,,,,
2016,7,872001,0.8387096774193549,872001,porto walter,AC,4.298905631377816,,,,,,,,,,,,,,,,,,
2016,7,967005,0.13870967741935483,967005,senador guiomard,AC,9.106455678121788,,,,,,,,,,,,,,,,,,
2016,7,968003,0.0,968003,sena madureira,AC,56.02417789160553,,,,,,,,,,,,,,,,,,
2016,7,968004,0.0,968004,bujari,AC,17.28700459220399,,,,,,,,,,,,,,,,,,
2016,7,968005,0.00967741935483871,968005,sena madureira,AC,56.02417789160553,,,,,,,,,,,,,,,,,,
2016,7,972000,1.3548387096774193,972000,marechal thaumaturgo,AC,2.5779650938347785,,,,,,,,,,,,,,,,,,
2016,7,1067002,0.0,1067002,placido de castro,AC,7.856998905608673,,,,,,,,,,,,,,,,,,
2016,7,1067003,0.025806451612903226,1067003,capixaba,AC,16.64593326609688,,,,,,,,,,,,,,,,,,
2016,7,1068000,0.0,1068000,xapuri,AC,32.683806447717444,,,,,,,,,,,,,,,,,,
2016,7,1069000,0.01935483870967742,1069000,assis brasil,AC,2.893949749259665,,,,,,,,,,,,,,,,,,
2016,7,1168001,0.3612903225806452,1168001,brasileia,AC,17.714445001641003,,,,,,,,,,,,,,,,,,
2016,7,8050000,3.9387096774193546,8050000,macapa,AP,1.6745957716467044,AP,0.0039867109634551,1011.0521594684386,1011.3960132890364,1010.8179401993356,1593.3269102990034,28.84817275747508,22.901328903654484,29.42624584717608,28.05382059800665,23.604318936877075,22.206644518272423,75.64784053156146,68.20265780730897,71.4485049833887,196.96013289036543,5.630232558139535,2.2156146179401994
2016,7,8050001,5.948387096774193,8050001,macapa,AP,1.6745957716467044,AP,0.0039867109634551,1011.0521594684386,1011.3960132890364,1010.8179401993356,1593.3269102990034,28.84817275747508,22.901328903654484,29.42624584717608,28.05382059800665,23.604318936877075,22.206644518272423,75.64784053156146,68.20265780730897,71.4485049833887,196.96013289036543,5.630232558139535,2.2156146179401994
2016,7,8051010,7.661290322580645,8051010,macapa,AP,1.6745957716467044,AP,0.0039867109634551,1011.0521594684386,1011.3960132890364,1010.8179401993356,1593.3269102990034,28.84817275747508,22.901328903654484,29.42624584717608,28.05382059800665,23.604318936877075,22.206644518272423,75.64784053156146,68.20265780730897,71.4485049833887,196.96013289036543,5.630232558139535,2.2156146179401994
2016,7,8051012,5.541935483870968,8051012,porto grande,AP,0.800617887773934,,,,,,,,,,,,,,,,,,
2016,7,8052000,5.519354838709678,8052000,serra do navio,AP,0.0869851568611074,,,,,,,,,,,,,,,,,,
2016,7,8150000,3.0451612903225804,8150000,tartarugalzinho,AP,1.1044842711534733,,,,,,,,,,,,,,,,,,
2016,7,8150001,2.5258064516129033,8150001,tartarugalzinho,AP,1.1044842711534733,,,,,,,,,,,,,,,,,,
2016,7,8151000,2.390322580645161,8151000,tartarugalzinho,AP,1.1044842711534733,,,,,,,,,,,,,,,,,,
2016,7,8250002,4.996774193548387,8250002,calcoene,AP,0.570463205758597,,,,,,,,,,,,,,,,,,
2016,7,8250003,3.129032258064516,8250003,amapa,AP,0.1427048140881912,,,,,,,,,,,,,,,,,,
2016,7,8251001,3.551612903225806,8251001,calcoene,AP,0.570463205758597,,,,,,,,,,,,,,,,,,
2016,7,8251003,5.867741935483871,8251003,calcoene,AP,0.570463205758597,,,,,,,,,,,,,,,,,,
2016,7,8251004,4.980645161290322,8251004,oiapoque,AP,0.5019086660749619,AP,0.3419354838709678,1011.6138957816378,1011.937717121588,1011.3925558312656,1314.5302729528537,27.438213399503724,24.89032258064516,28.31166253101737,26.42208436724566,25.74739454094293,24.03176178660049,87.72208436724566,85.70223325062035,86.38957816377172,166.16377171215882,3.5354838709677416,1.098759305210918
2016,7,8351002,4.583870967741936,8351002,oiapoque,AP,0.5019086660749619,AP,0.3419354838709678,1011.6138957816378,1011.937717121588,1011.3925558312656,1314.5302729528537,27.438213399503724,24.89032258064516,28.31166253101737,26.42208436724566,25.74739454094293,24.03176178660049,87.72208436724566,85.70223325062035,86.38957816377172,166.16377171215882,3.5354838709677416,1.098759305210918
2016,8,51002,1.2677419354838708,51002,mazagao,AP,1.3027292045827972,,,,,,,,,,,,,,,,,,
2016,8,51004,1.1387096774193548,51004,mazagao,AP,1.3027292045827972,,,,,,,,,,,,,,,,,,
2016,8,52003,1.2096774193548387,52003,mazagao,AP,1.3027292045827972,,,,,,,,,,,,,,,,,,
2016,8,771001,2.7193548387096778,771001,tarauaca,AC,13.428060284320903,,,,,,,,,,,,,,,,,,
2016,8,772003,0.40258064516129033,772003,tarauaca,AC,13.428060284320903,,,,,,,,,,,,,,,,,,
2016,8,772004,0.8064516129032258,772004,cruzeiro do sul,AC,9.263035265528986,AC,0.1703703703703704,988.6544973544974,989.1346560846562,988.3989417989418,1451.8775132275132,28.47936507936508,20.00449735449736,29.14550264550265,27.38994708994709,20.752116402116403,19.21031746031746,68.29100529100529,58.84391534391534,62.62433862433863,236.0,4.338624338624339,1.4142857142857144
2016,8,773000,3.7161290322580647,773000,cruzeiro do sul,AC,9.263035265528986,AC,0.1703703703703704,988.6544973544974,989.1346560846562,988.3989417989418,1451.8775132275132,28.47936507936508,20.00449735449736,29.14550264550265,27.38994708994709,20.752116402116403,19.21031746031746,68.29100529100529,58.84391534391534,62.62433862433863,236.0,4.338624338624339,1.4142857142857144
2016,8,869000,1.8580645161290323,869000,manoel urbano,AC,26.916937939733398,,,,,,,,,,,,,,,,,,
2016,8,870001,0.6387096774193549,870001,tarauaca,AC,13.428060284320903,,,,,,,,,,,,,,,,,,
2016,8,870002,0.8419354838709678,870002,feijo,AC,38.63043786059945,,,,,,,,,,,,,,,,,,
2016,8,872001,0.9387096774193547,872001,porto walter,AC,4.298905631377816,,,,,,,,,,,,,,,,,,
2016,8,967005,1.5129032258064516,967005,senador guiomard,AC,9.106455678121788,,,,,,,,,,,,,,,,,,
2016,8,968003,1.935483870967742,968003,sena madureira,AC,56.02417789160553,,,,,,,,,,,,,,,,,,
2016,8,968004,2.929032258064516,968004,bujari,AC,17.28700459220399,,,,,,,,,,,,,,,,,,
2016,8,968005,2.0387096774193547,968005,sena madureira,AC,56.02417789160553,,,,,,,,,,,,,,,,,,
2016,8,972000,1.1225806451612903,972000,marechal thaumaturgo,AC,2.5779650938347785,,,,,,,,,,,,,,,,,,
2016,8,1067002,1.7903225806451613,1067002,placido de castro,AC,7.856998905608673,,,,,,,,,,,,,,,,,,
2016,8,1067003,6.377419354838709,1067003,capixaba,AC,16.64593326609688,,,,,,,,,,,,,,,,,,
2016,8,1068000,0.132258064516129,1068000,xapuri,AC,32.683806447717444,,,,,,,,,,,,,,,,,,
2016,8,1069000,3.032258064516129,1069000,assis brasil,AC,2.893949749259665,,,,,,,,,,,,,,,,,,
2016,8,1168001,0.0,1168001,brasileia,AC,17.714445001641003,,,,,,,,,,,,,,,,,,
2016,8,8050000,0.8419354838709678,8050000,macapa,AP,1.6745957716467044,AP,0.0871921182266009,1010.7433497536946,1011.0756157635468,1010.4990147783252,1804.654679802956,29.80763546798029,22.36970443349754,30.39384236453202,28.961576354679803,23.02709359605912,21.70147783251232,69.7807881773399,62.59113300492611,65.53694581280789,202.3423645320197,6.45615763546798,2.803448275862069
2016,8,8050001,0.18387096774193548,8050001,macapa,AP,1.6745957716467044,AP,0.0871921182266009,1010.7433497536946,1011.0756157635468,1010.4990147783252,1804.654679802956,29.80763546798029,22.36970443349754,30.39384236453202,28.961576354679803,23.02709359605912,21.70147783251232,69.7807881773399,62.59113300492611,65.53694581280789,202.3423645320197,6.45615763546798,2.803448275862069
2016,8,8051010,0.7161290322580646,8051010,macapa,AP,1.6745957716467044,AP,0.0871921182266009,1010.7433497536946,1011.0756157635468,1010.4990147783252,1804.654679802956,29.80763546798029,22.36970443349754,30.39384236453202,28.961576354679803,23.02709359605912,21.70147783251232,69.7807881773399,62.59113300492611,65.53694581280789,202.3423645320197,6.45615763546798,2.803448275862069
2016,8,8051012,4.758064516129032,8051012,porto grande,AP,0.800617887773934,,,,,,,,,,,,,,,,,,
2016,8,8052000,3.2129032258064516,8052000,serra do navio,AP,0.0869851568611074,,,,,,,,,,,,,,,,,,
2016,8,8150000,0.5774193548387097,8150000,tartarugalzinho,AP,1.1044842711534733,,,,,,,,,,,,,,,,,,
2016,8,8150001,0.9225806451612903,8150001,tartarugalzinho,AP,1.1044842711534733,,,,,,,,,,,,,,,,,,
2016,8,8151000,1.4225806451612903,8151000,tartarugalzinho,AP,1.1044842711534733,,,,,,,,,,,,,,,,,,
2016,8,8250002,2.367741935483871,8250002,calcoene,AP,0.570463205758597,,,,,,,,,,,,,,,,,,
2016,8,8250003,0.8580645161290323,8250003,amapa,AP,0.1427048140881912,,,,,,,,,,,,,,,,,,
2016,8,8251001,0.567741935483871,8251001,calcoene,AP,0.570463205758597,,,,,,,,,,,,,,,,,,
2016,8,8251003,3.361290322580645,8251003,calcoene,AP,0.570463205758597,,,,,,,,,,,,,,,,,,
2016,8,8251004,0.46774193548387094,8251004,oiapoque,AP,0.5019086660749619,AP,0.1037220843672456,1011.2997518610422,1011.625558312655,1011.0615384615384,1569.3347394540945,28.796774193548387,24.750372208436723,29.7029776674938,27.72009925558313,25.676674937965263,23.92952853598015,81.8560794044665,78.85359801488833,79.68982630272953,133.16873449131515,3.782630272952854,1.1890818858560794
2016,8,8351002,1.8225806451612903,8351002,oiapoque,AP,0.5019086660749619,AP,0.1037220843672456,1011.2997518610422,1011.625558312655,1011.0615384615384,1569.3347394540945,28.796774193548387,24.750372208436723,29.7029776674938,27.72009925558313,25.676674937965263,23.92952853598015,81.8560794044665,78.85359801488833,79.68982630272953,133.16873449131515,3.782630272952854,1.1890818858560794
2016,9,51002,0.31,51002,mazagao,AP,1.3027292045827972,,,,,,,,,,,,,,,,,,
2016,9,51004,0.16666666666666666,51004,mazagao,AP,1.3027292045827972,,,,,,,,,,,,,,,,,,
2016,9,52003,0.45,52003,mazagao,AP,1.3027292045827972,,,,,,,,,,,,,,,,,,
2016,9,771001,1.8566666666666667,771001,tarauaca,AC,13.428060284320903,,,,,,,,,,,,,,,,,,
2016,9,772003,0.45,772003,tarauaca,AC,13.428060284320903,,,,,,,,,,,,,,,,,,
2016,9,772004,1.346666666666667,772004,cruzeiro do sul,AC,9.263035265528986,AC,0.1594871794871795,988.9284615384616,989.4097435897436,988.62,1358.8638461538462,27.646153846153847,20.69897435897436,28.149230769230773,26.784615384615385,21.37794871794872,20.02794871794872,73.02820512820513,64.84615384615384,68.15128205128205,236.0,3.8992307692307695,1.3369230769230769
2016,9,773000,0.89,773000,cruzeiro do sul,AC,9.263035265528986,AC,0.1594871794871795,988.9284615384616,989.4097435897436,988.62,1358.8638461538462,27.646153846153847,20.69897435897436,28.149230769230773,26.784615384615385,21.37794871794872,20.02794871794872,73.02820512820513,64.84615384615384,68.15128205128205,236.0,3.8992307692307695,1.3369230769230769
2016,9,869000,1.28,869000,manoel urbano,AC,26.916937939733398,,,,,,,,,,,,,,,,,,
2016,9,870001,1.16,870001,tarauaca,AC,13.428060284320903,,,,,,,,,,,,,,,,,,
2016,9,870002,3.216666666666667,870002,feijo,AC,38.63043786059945,AC,0.2838709677419355,993.0956989247312,993.6301075268818,992.7387096774194,1450.9666666666667,28.20215053763441,21.661290322580644,29.055913978494623,27.136559139784943,22.40537634408602,20.95376344086021,74.91397849462365,66.04301075268818,69.88172043010752,194.0967741935484,4.435483870967742,1.724731182795699
2016,9,872001,1.0,872001,porto walter,AC,4.298905631377816,,,,,,,,,,,,,,,,,,
2016,9,967005,4.293333333333334,967005,senador guiomard,AC,9.106455678121788,,,,,,,,,,,,,,,,,,
2016,9,968003,1.2666666666666666,968003,sena madureira,AC,56.02417789160553,,,,,,,,,,,,,,,,,,
2016,9,968004,3.566666666666667,968004,bujari,AC,17.28700459220399,,,,,,,,,,,,,,,,,,
2016,9,968005,1.8666666666666667,968005,sena madureira,AC,56.02417789160553,,,,,,,,,,,,,,,,,,
2016,9,972000,0.08333333333333333,972000,marechal thaumaturgo,AC,2.5779650938347785,,,,,,,,,,,,,,,,,,
2016,9,1067002,2.2666666666666666,1067002,placido de castro,AC,7.856998905608673,,,,,,,,,,,,,,,,,,
2016,9,1067003,8.443333333333333,1067003,capixaba,AC,16.64593326609688,,,,,,,,,,,,,,,,,,
2016,9,1068000,5.83,1068000,xapuri,AC,32.683806447717444,,,,,,,,,,,,,,,,,,
2016,9,1069000,0.9666666666666667,1069000,assis brasil,AC,2.893949749259665,,,,,,,,,,,,,,,,,,
2016,9,1168001,1.8099999999999998,1168001,brasileia,AC,17.714445001641003,,,,,,,,,,,,,,,,,,
2016,9,8050000,0.16,8050000,macapa,AP,1.6745957716467044,AP,0.0892857142857142,1010.4494897959185,1010.806887755102,1010.1841836734694,1851.036479591837,29.946938775510205,22.301020408163264,30.48928571428572,29.12678571428572,22.936989795918365,21.65969387755102,68.75765306122449,61.89795918367347,64.57397959183673,199.8647959183673,6.998724489795919,3.100765306122449
2016,9,8050001,0.14,8050001,macapa,AP,1.6745957716467044,AP,0.0892857142857142,1010.4494897959185,1010.806887755102,1010.1841836734694,1851.036479591837,29.946938775510205,22.301020408163264,30.48928571428572,29.12678571428572,22.936989795918365,21.65969387755102,68.75765306122449,61.89795918367347,64.57397959183673,199.8647959183673,6.998724489795919,3.100765306122449
2016,9,8051010,0.19666666666666668,8051010,macapa,AP,1.6745957716467044,AP,0.0892857142857142,1010.4494897959185,1010.806887755102,1010.1841836734694,1851.036479591837,29.946938775510205,22.301020408163264,30.48928571428572,29.12678571428572,22.936989795918365,21.65969387755102,68.75765306122449,61.89795918367347,64.57397959183673,199.8647959183673,6.998724489795919,3.100765306122449
2016,9,8051012,4.033333333333333,8051012,porto grande,AP,0.800617887773934,,,,,,,,,,,,,,,,,,
2016,9,8052000,2.506666666666667,8052000,serra do navio,AP,0.0869851568611074,,,,,,,,,,,,,,,,,,
2016,9,8150000,1.8133333333333335,8150000,tartarugalzinho,AP,1.1044842711534733,,,,,,,,,,,,,,,,,,
2016,9,8150001,1.1566666666666667,8150001,tartarugalzinho,AP,1.1044842711534733,,,,,,,,,,,,,,,,,,
2016,9,8151000,0.2333333333333333,8151000,tartarugalzinho,AP,1.1044842711534733,,,,,,,,,,,,,,,,,,
2016,9,8250002,1.6166666666666667,8250002,calcoene,AP,0.570463205758597,,,,,,,,,,,,,,,,,,
2016,9,8250003,0.5299999999999999,8250003,amapa,AP,0.1427048140881912,,,,,,,,,,,,,,,,,,
2016,9,8251001,0.0,8251001,calcoene,AP,0.570463205758597,,,,,,,,,,,,,,,,,,
2016,9,8251003,4.456666666666666,8251003,calcoene,AP,0.570463205758597,,,,,,,,,,,,,,,,,,
2016,9,8251004,1.9133333333333333,8251004,oiapoque,AP,0.5019086660749619,AP,0.042051282051282,1010.932564102564,1011.2805128205129,1010.6828205128204,1638.7233333333334,29.706666666666667,24.42820512820513,30.641538461538463,28.452564102564104,25.401282051282053,23.504358974358976,77.43333333333334,73.61025641025641,74.6974358974359,125.26666666666668,4.173333333333333,1.352051282051282
2016,9,8351002,0.66,8351002,oiapoque,AP,0.5019086660749619,AP,0.042051282051282,1010.932564102564,1011.2805128205129,1010.6828205128204,1638.7233333333334,29.706666666666667,24.42820512820513,30.641538461538463,28.452564102564104,25.401282051282053,23.504358974358976,77.43333333333334,73.61025641025641,74.6974358974359,125.26666666666668,4.173333333333333,1.352051282051282
2016,10,51002,0.10322580645161289,51002,mazagao,AP,1.3027292045827972,,,,,,,,,,,,,,,,,,
2016,10,51004,1.1258064516129032,51004,mazagao,AP,1.3027292045827972,,,,,,,,,,,,,,,,,,
2016,10,52003,0.06451612903225806,52003,mazagao,AP,1.3027292045827972,,,,,,,,,,,,,,,,,,
2016,10,771001,9.422580645161291,771001,tarauaca,AC,13.428060284320903,,,,,,,,,,,,,,,,,,
2016,10,772003,0.29733333333333334,772003,tarauaca,AC,13.428060284320903,,,,,,,,,,,,,,,,,,
2016,10,772004,5.648387096774194,772004,cruzeiro do sul,AC,9.263035265528986,AC,0.3945273631840796,986.0599502487562,986.5482587064675,985.7196517412935,1396.3097014925372,27.77885572139304,21.911940298507464,28.363681592039804,26.97860696517413,22.66044776119403,21.18233830845771,77.10199004975124,68.40049751243781,72.22885572139303,236.0,4.283582089552239,1.4261194029850746
2016,10,773000,8.861290322580645,773000,cruzeiro do sul,AC,9.263035265528986,AC,0.3945273631840796,986.0599502487562,986.5482587064675,985.7196517412935,1396.3097014925372,27.77885572139304,21.911940298507464,28.363681592039804,26.97860696517413,22.66044776119403,21.18233830845771,77.10199004975124,68.40049751243781,72.22885572139303,236.0,4.283582089552239,1.4261194029850746
2016,10,869000,6.8999999999999995,869000,manoel urbano,AC,26.916937939733398,,,,,,,,,,,,,,,,,,
2016,10,870001,3.2096774193548385,870001,tarauaca,AC,13.428060284320903,,,,,,,,,,,,,,,,,,
2016,10,870002,6.364516129032259,870002,feijo,AC,38.63043786059945,AC,0.2648379052369077,991.4481296758104,991.94463840399,991.1197007481296,1417.0972568578554,28.169077306733165,22.13167082294264,28.93665835411472,27.20947630922693,22.83291770573566,21.36857855361596,76.44887780548629,67.93516209476309,71.86533665835411,203.15461346633413,4.301246882793017,1.8501246882793017
2016,10,872001,7.761290322580645,872001,porto walter,AC,4.298905631377816,,,,,,,,,,,,,,,,,,
2016,10,967005,2.4838709677419355,967005,senador guiomard,AC,9.106455678121788,,,,,,,,,,,,,,,,,,
2016,10,968003,1.6129032258064515,968003,sena madureira,AC,56.02417789160553,,,,,,,,,,,,,,,,,,
2016,10,968004,5.135483870967741,968004,bujari,AC,17.28700459220399,,,,,,,,,,,,,,,,,,
2016,10,968005,5.132258064516129,968005,sena madureira,AC,56.02417789160553,,,,,,,,,,,,,,,,,,
2016,10,972000,2.196774193548387,972000,marechal thaumaturgo,AC,2.5779650938347785,,,,,,,,,,,,,,,,,,
2016,10,1067002,6.168064516129032,1067002,placido de castro,AC,7.856998905608673,,,,,,,,,,,,,,,,,,
2016,10,1067003,1.8451612903225807,1067003,capixaba,AC,16.64593326609688,,,,,,,,,,,,,,,,,,
2016,10,1068000,4.032258064516129,1068000,xapuri,AC,32.683806447717444,,,,,,,,,,,,,,,,,,
2016,10,1069000,5.112903225806452,1069000,assis brasil,AC,2.893949749259665,,,,,,,,,,,,,,,,,,
2016,10,1168001,2.6193548387096777,1168001,brasileia,AC,17.714445001641003,,,,,,,,,,,,,,,,,,
2016,10,8050000,0.012903225806451611,8050000,macapa,AP,1.6745957716467044,AP,0.0,1008.593373493976,1008.9487951807228,1008.3138554216868,1861.6427710843373,30.272891566265063,21.82409638554217,30.8644578313253,29.424096385542168,22.359638554216865,21.26024096385542,65.07228915662651,59.006024096385545,61.43373493975904,201.12048192771084,7.430120481927712,3.372289156626506
2016,10,8050001,0.0,8050001,macapa,AP,1.6745957716467044,AP,0.0,1008.593373493976,1008.9487951807228,1008.3138554216868,1861.6427710843373,30.272891566265063,21.82409638554217,30.8644578313253,29.424096385542168,22.359638554216865,21.26024096385542,65.07228915662651,59.006024096385545,61.43373493975904,201.12048192771084,7.430120481927712,3.372289156626506
2016,10,8051010,0.6516129032258065,8051010,macapa,AP,1.6745957716467044,AP,0.0,1008.593373493976,1008.9487951807228,1008.3138554216868,1861.6427710843373,30.272891566265063,21.82409638554217,30.8644578313253,29.424096385542168,22.359638554216865,21.26024096385542,65.07228915662651,59.006024096385545,61.43373493975904,201.12048192771084,7.430120481927712,3.372289156626506
2016,10,8051012,0.6935483870967742,8051012,porto grande,AP,0.800617887773934,,,,,,,,,,,,,,,,,,
2016,10,8052000,1.0451612903225806,8052000,serra do navio,AP,0.0869851568611074,,,,,,,,,,,,,,,,,,
2016,10,8150000,0.3096774193548387,8150000,tartarugalzinho,AP,1.1044842711534733,,,,,,,,,,,,,,,,,,
2016,10,8150001,0.35806451612903223,8150001,tartarugalzinho,AP,1.1044842711534733,,,,,,,,,,,,,,,,,,
2016,10,8151000,0.1935483870967742,8151000,tartarugalzinho,AP,1.1044842711534733,,,,,,,,,,,,,,,,,,
2016,10,8250002,0.0,8250002,calcoene,AP,0.570463205758597,,,,,,,,,,,,,,,,,,
2016,10,8250003,0.0,8250003,amapa,AP,0.1427048140881912,,,,,,,,,,,,,,,,,,
2016,10,8251001,0.0,8251001,calcoene,AP,0.570463205758597,,,,,,,,,,,,,,,,,,
2016,10,8251003,2.8129032258064517,8251003,calcoene,AP,0.570463205758597,,,,,,,,,,,,,,,,,,
2016,10,8251004,0.06129032258064516,8251004,oiapoque,AP,0.5019086660749619,AP,0.0040100250626566,1009.1117794486216,1009.4521303258146,1008.822305764411,1560.6483709273182,30.095989974937343,23.1280701754386,31.069423558897245,28.8280701754386,24.09899749373433,22.25263157894737,71.97994987468671,66.45614035087719,68.2280701754386,105.83959899749374,4.631578947368421,1.4754385964912282
2016,10,8351002,0.10967741935483871,8351002,oiapoque,AP,0.5019086660749619,AP,0.0040100250626566,1009.1117794486216,1009.4521303258146,1008.822305764411,1560.6483709273182,30.095989974937343,23.1280701754386,31.069423558897245,28.8280701754386,24.09899749373433,22.25263157894737,71.97994987468671,66.45614035087719,68.2280701754386,105.83959899749374,4.631578947368421,1.4754385964912282
2016,11,51002,0.6300000000000001,51002,mazagao,AP,1.3027292045827972,,,,,,,,,,,,,,,,,,
2016,11,51004,0.0,51004,mazagao,AP,1.3027292045827972,,,,,,,,,,,,,,,,,,
2016,11,52003,0.7166666666666667,52003,mazagao,AP,1.3027292045827972,,,,,,,,,,,,,,,,,,
2016,11,771001,4.55,771001,tarauaca,AC,13.428060284320903,,,,,,,,,,,,,,,,,,
2016,11,772003,10.320666666666666,772003,tarauaca,AC,13.428060284320903,,,,,,,,,,,,,,,,,,
2016,11,772004,5.12,772004,cruzeiro do sul,AC,9.263035265528986,AC,0.4639593908629442,984.9802030456854,985.4413705583756,984.6799492385788,1333.9550761421322,27.95634517766497,22.51675126903553,28.52741116751269,27.118274111675127,23.218274111675125,21.807360406091373,78.71065989847716,70.01269035532995,73.80964467005076,236.0,4.507106598984771,1.481979695431472
2016,11,773000,4.9366666666666665,773000,cruzeiro do sul,AC,9.263035265528986,AC,0.4639593908629442,984.9802030456854,985.4413705583756,984.6799492385788,1333.9550761421322,27.95634517766497,22.51675126903553,28.52741116751269,27.118274111675127,23.218274111675125,21.807360406091373,78.71065989847716,70.01269035532995,73.80964467005076,236.0,4.507106598984771,1.481979695431472
2016,11,869000,4.156666666666667,869000,manoel urbano,AC,26.916937939733398,,,,,,,,,,,,,,,,,,
2016,11,870001,2.11,870001,tarauaca,AC,13.428060284320903,,,,,,,,,,,,,,,,,,
2016,11,870002,3.493333333333333,870002,feijo,AC,38.63043786059945,AC,0.2086513994910941,990.4569974554706,990.9226463104324,990.1424936386768,1407.148854961832,27.763613231552164,22.5763358778626,28.519592875318068,26.78676844783715,23.24631043256997,21.860814249363862,79.27735368956743,70.96946564885496,74.7531806615776,192.1806615776081,4.788804071246819,2.0330788804071247
2016,11,872000,1.0,872000,marechal thaumaturgo,AC,2.5779650938347785,,,,,,,,,,,,,,,,,,
2016,11,872001,6.284666666666667,872001,porto walter,AC,4.298905631377816,,,,,,,,,,,,,,,,,,
2016,11,967005,7.33,967005,senador guiomard,AC,9.106455678121788,,,,,,,,,,,,,,,,,,
2016,11,968003,1.45,968003,sena madureira,AC,56.02417789160553,,,,,,,,,,,,,,,,,,
2016,11,968004,3.6666666666666665,968004,bujari,AC,17.28700459220399,,,,,,,,,,,,,,,,,,
2016,11,968005,4.840000000000001,968005,sena madureira,AC,56.02417789160553,,,,,,,,,,,,,,,,,,
2016,11,972000,2.7066666666666666,972000,marechal thaumaturgo,AC,2.5779650938347785,,,,,,,,,,,,,,,,,,
2016,11,1067002,4.296666666666667,1067002,placido de castro,AC,7.856998905608673,,,,,,,,,,,,,,,,,,
2016,11,1067003,12.639999999999999,1067003,capixaba,AC,16.64593326609688,,,,,,,,,,,,,,,,,,
2016,11,1068000,5.433333333333334,1068000,xapuri,AC,32.683806447717444,,,,,,,,,,,,,,,,,,
2016,11,1069000,1.3263333333333334,1069000,assis brasil,AC,2.893949749259665,,,,,,,,,,,,,,,,,,
2016,11,1168001,2.9166666666666665,1168001,brasileia,AC,17.714445001641003,,,,,,,,,,,,,,,,,,
2016,11,8050000,0.18666666666666668,8050000,macapa,AP,1.6745957716467044,,,,,,,,,,,,,,,,,,
2016,11,8050001,0.8133333333333332,8050001,macapa,AP,1.6745957716467044,,,,,,,,,,,,,,,,,,
2016,11,8051010,0.7,8051010,macapa,AP,1.6745957716467044,,,,,,,,,,,,,,,,,,
2016,11,8051012,0.14666666666666667,8051012,porto grande,AP,0.800617887773934,,,,,,,,,,,,,,,,,,
2016,11,8052000,0.19333333333333333,8052000,serra do navio,AP,0.0869851568611074,,,,,,,,,,,,,,,,,,
2016,11,8150000,0.19666666666666668,8150000,tartarugalzinho,AP,1.1044842711534733,,,,,,,,,,,,,,,,,,
2016,11,8150001,0.24000000000000002,8150001,tartarugalzinho,AP,1.1044842711534733,,,,,,,,,,,,,,,,,,
2016,11,8151000,0.9666666666666667,8151000,tartarugalzinho,AP,1.1044842711534733,,,,,,,,,,,,,,,,,,
2016,11,8250002,0.0,8250002,calcoene,AP,0.570463205758597,,,,,,,,,,,,,,,,,,
2016,11,8250003,1.0833333333333333,8250003,amapa,AP,0.1427048140881912,,,,,,,,,,,,,,,,,,
2016,11,8251001,0.0,8251001,calcoene,AP,0.570463205758597,,,,,,,,,,,,,,,,,,
2016,11,8251003,1.0,8251003,calcoene,AP,0.570463205758597,,,,,,,,,,,,,,,,,,
2016,11,8251004,0.30666666666666664,8251004,oiapoque,AP,0.5019086660749619,AP,0.0817708333333333,1008.3807291666668,1008.7140625,1008.1067708333334,1425.6661458333335,29.933072916666664,22.248697916666668,30.91927083333333,28.66927083333333,22.96484375,21.51692708333333,70.86197916666667,61.84635416666666,65.52864583333333,98.57552083333331,4.9109375,1.5263020833333334
2016,11,8351002,0.7733333333333333,8351002,oiapoque,AP,0.5019086660749619,AP,0.0817708333333333,1008.3807291666668,1008.7140625,1008.1067708333334,1425.6661458333335,29.933072916666664,22.248697916666668,30.91927083333333,28.66927083333333,22.96484375,21.51692708333333,70.86197916666667,61.84635416666666,65.52864583333333,98.57552083333331,4.9109375,1.5263020833333334
2016,12,51002,3.0032258064516126,51002,mazagao,AP,1.3027292045827972,,,,,,,,,,,,,,,,,,
2016,12,51004,7.393548387096774,51004,mazagao,AP,1.3027292045827972,,,,,,,,,,,,,,,,,,
2016,12,52003,3.6129032258064515,52003,mazagao,AP,1.3027292045827972,,,,,,,,,,,,,,,,,,
2016,12,771001,5.048387096774194,771001,tarauaca,AC,13.428060284320903,,,,,,,,,,,,,,,,,,
2016,12,772003,5.629354838709677,772003,tarauaca,AC,13.428060284320903,,,,,,,,,,,,,,,,,,
2016,12,772004,4.396774193548387,772004,cruzeiro do sul,AC,9.263035265528986,AC,0.3715686274509804,985.8218137254902,986.2992647058824,985.5166666666668,1255.8323529411764,27.01274509803922,22.336764705882352,27.604166666666668,26.25808823529412,22.960049019607844,21.69607843137255,81.33333333333333,72.99754901960785,76.83578431372548,236.0,4.578921568627451,1.4426470588235294
2016,12,773000,9.212903225806452,773000,cruzeiro do sul,AC,9.263035265528986,AC,0.3715686274509804,985.8218137254902,986.2992647058824,985.5166666666668,1255.8323529411764,27.01274509803922,22.336764705882352,27.604166666666668,26.25808823529412,22.960049019607844,21.69607843137255,81.33333333333333,72.99754901960785,76.83578431372548,236.0,4.578921568627451,1.4426470588235294
2016,12,869000,10.077419354838709,869000,manoel urbano,AC,26.916937939733398,,,,,,,,,,,,,,,,,,
2016,12,870001,4.706451612903226,870001,tarauaca,AC,13.428060284320903,,,,,,,,,,,,,,,,,,
2016,12,870002,9.82258064516129,870002,feijo,AC,38.63043786059945,AC,0.6029556650246306,991.425369458128,991.9145320197044,991.1214285714284,1246.0477832512315,26.822906403940888,22.71108374384237,27.510837438423643,25.985467980295567,23.287438423645323,22.09088669950739,83.11330049261083,75.63793103448276,79.17733990147784,228.8275862068965,4.324384236453202,1.7832512315270936
2016,12,872000,13.69032258064516,872000,marechal thaumaturgo,AC,2.5779650938347785,,,,,,,,,,,,,,,,,,
2016,12,872001,8.616129032258065,872001,porto walter,AC,4.298905631377816,,,,,,,,,,,,,,,,,,
2016,12,967005,6.509677419354839,967005,senador guiomard,AC,9.106455678121788,,,,,,,,,,,,,,,,,,
2016,12,968003,0.6129032258064516,968003,sena madureira,AC,56.02417789160553,,,,,,,,,,,,,,,,,,
2016,12,968004,6.754838709677419,968004,bujari,AC,17.28700459220399,,,,,,,,,,,,,,,,,,
2016,12,968005,11.05483870967742,968005,sena madureira,AC,56.02417789160553,,,,,,,,,,,,,,,,,,
2016,12,972000,8.241935483870968,972000,marechal thaumaturgo,AC,2.5779650938347785,,,,,,,,,,,,,,,,,,
2016,12,1067002,5.586206896551724,1067002,placido de castro,AC,7.856998905608673,,,,,,,,,,,,,,,,,,
2016,12,1067003,23.05322580645161,1067003,capixaba,AC,16.64593326609688,,,,,,,,,,,,,,,,,,
2016,12,1069000,1.8480645161290323,1069000,assis brasil,AC,2.893949749259665,,,,,,,,,,,,,,,,,,
2016,12,1168001,4.829032258064516,1168001,brasileia,AC,17.714445001641003,,,,,,,,,,,,,,,,,,
2016,12,8050000,11.435483870967742,8050000,macapa,AP,1.6745957716467044,AP,0.252020202020202,1008.5113636363636,1008.8623737373738,1008.2411616161615,1447.7007575757575,28.779797979797976,22.655555555555555,29.35858585858585,27.969444444444445,23.233838383838386,22.08939393939394,74.73232323232324,68.22727272727273,70.89646464646465,192.24242424242425,6.711363636363636,2.8924242424242426
2016,12,8050001,11.709677419354838,8050001,macapa,AP,1.6745957716467044,AP,0.252020202020202,1008.5113636363636,1008.8623737373738,1008.2411616161615,1447.7007575757575,28.779797979797976,22.655555555555555,29.35858585858585,27.969444444444445,23.233838383838386,22.08939393939394,74.73232323232324,68.22727272727273,70.89646464646465,192.24242424242425,6.711363636363636,2.8924242424242426
2016,12,8051010,6.9,8051010,macapa,AP,1.6745957716467044,AP,0.252020202020202,1008.5113636363636,1008.8623737373738,1008.2411616161615,1447.7007575757575,28.779797979797976,22.655555555555555,29.35858585858585,27.969444444444445,23.233838383838386,22.08939393939394,74.73232323232324,68.22727272727273,70.89646464646465,192.24242424242425,6.711363636363636,2.8924242424242426
2016,12,8051012,9.358064516129033,8051012,porto grande,AP,0.800617887773934,,,,,,,,,,,,,,,,,,
2016,12,8052000,9.77741935483871,8052000,serra do navio,AP,0.0869851568611074,,,,,,,,,,,,,,,,,,
2016,12,8150000,8.325806451612904,8150000,tartarugalzinho,AP,1.1044842711534733,,,,,,,,,,,,,,,,,,
2016,12,8150001,7.525806451612904,8150001,tartarugalzinho,AP,1.1044842711534733,,,,,,,,,,,,,,,,,,
2016,12,8151000,1.164516129032258,8151000,tartarugalzinho,AP,1.1044842711534733,,,,,,,,,,,,,,,,,,
2016,12,8250002,18.103225806451615,8250002,calcoene,AP,0.570463205758597,,,,,,,,,,,,,,,,,,
2016,12,8250003,12.5,8250003,amapa,AP,0.1427048140881912,,,,,,,,,,,,,,,,,,
2016,12,8251001,12.95483870967742,8251001,calcoene,AP,0.570463205758597,,,,,,,,,,,,,,,,,,
2016,12,8251003,14.429032258064517,8251003,calcoene,AP,0.570463205758597,,,,,,,,,,,,,,,,,,
2016,12,8251004,11.525806451612903,8251004,oiapoque,AP,0.5019086660749619,AP,0.7965000000000001,1009.31225,1009.64375,1009.00225,1057.82725,27.049,23.5875,27.966,26.08725,24.313,22.89525,87.1175,78.3125,82.6975,111.0525,4.19475,1.2455
2016,12,8351002,12.203225806451613,8351002,oiapoque,AP,0.5019086660749619,AP,0.7965000000000001,1009.31225,1009.64375,1009.00225,1057.82725,27.049,23.5875,27.966,26.08725,24.313,22.89525,87.1175,78.3125,82.6975,111.0525,4.19475,1.2455
2017,1,51002,5.993548387096775,51002,mazagao,AP,1.4867436988053868,,,,,,,,,,,,,,,,,,
2017,1,51004,7.529032258064516,51004,mazagao,AP,1.4867436988053868,,,,,,,,,,,,,,,,,,
2017,1,52003,4.629032258064516,52003,mazagao,AP,1.4867436988053868,,,,,,,,,,,,,,,,,,
2017,1,771001,15.316129032258065,771001,tarauaca,AC,14.858864997799667,,,,,,,,,,,,,,,,,,
2017,1,772003,7.6822580645161285,772003,tarauaca,AC,14.858864997799667,,,,,,,,,,,,,,,,,,
2017,1,772004,10.048387096774194,772004,cruzeiro do sul,AC,9.4481945582538,AC,0.5614117647058824,986.6988235294118,987.1244705882352,986.372,985.9637647058825,25.798823529411763,22.438117647058824,26.308235294117647,25.22282352941177,23.037411764705883,21.85505882352941,86.46823529411765,78.89411764705882,82.56235294117647,236.0,3.884705882352941,1.2263529411764706
2017,1,773000,19.48709677419355,773000,cruzeiro do sul,AC,9.4481945582538,AC,0.5614117647058824,986.6988235294118,987.1244705882352,986.372,985.9637647058825,25.798823529411763,22.438117647058824,26.308235294117647,25.22282352941177,23.037411764705883,21.85505882352941,86.46823529411765,78.89411764705882,82.56235294117647,236.0,3.884705882352941,1.2263529411764706
2017,1,869000,10.019354838709678,869000,manoel urbano,AC,17.58290419523331,,,,,,,,,,,,,,,,,,
2017,1,870001,5.858064516129032,870001,tarauaca,AC,14.858864997799667,,,,,,,,,,,,,,,,,,
2017,1,870002,13.709677419354838,870002,feijo,AC,26.371369678431705,AC,0.9648148148148148,992.0773148148148,992.5435185185185,991.7601851851852,1132.424537037037,26.05138888888889,22.60972222222222,26.798148148148147,25.2212962962963,23.16111111111111,22.01064814814815,86.00462962962963,78.31018518518519,82.10648148148148,194.63425925925927,4.267592592592592,1.737037037037037
2017,1,872000,6.780645161290322,872000,marechal thaumaturgo,AC,2.586283775382404,,,,,,,,,,,,,,,,,,
2017,1,872001,12.01290322580645,872001,porto walter,AC,3.086547319736231,,,,,,,,,,,,,,,,,,
2017,1,967005,11.48709677419355,967005,senador guiomard,AC,4.677865771572603,,,,,,,,,,,,,,,,,,
2017,1,968003,1.3870967741935485,968003,sena madureira,AC,34.525303295594505,,,,,,,,,,,,,,,,,,
2017,1,968004,9.62516129032258,968004,bujari,AC,7.629898078427353,,,,,,,,,,,,,,,,,,
2017,1,968005,14.206451612903225,968005,sena madureira,AC,34.525303295594505,,,,,,,,,,,,,,,,,,
2017,1,972000,10.158064516129034,972000,marechal thaumaturgo,AC,2.586283775382404,,,,,,,,,,,,,,,,,,
2017,1,1067002,6.464814814814815,1067002,placido de castro,AC,5.001292344986957,,,,,,,,,,,,,,,,,,
2017,1,1067003,20.387096774193548,1067003,capixaba,AC,11.572004169704652,,,,,,,,,,,,,,,,,,
2017,1,1069000,2.425806451612903,1069000,assis brasil,AC,6.391257472073655,,,,,,,,,,,,,,,,,,
2017,1,1168001,3.106451612903226,1168001,brasileia,AC,23.12660225474095,,,,,,,,,,,,,,,,,,
2017,1,8050000,4.835483870967742,8050000,macapa,AP,0.6472337989329755,AP,0.2486352357320099,1009.4086848635236,1009.7645161290322,1009.1009925558312,1172.3193548387096,27.181885856079404,23.012655086848635,27.725806451612904,26.50967741935484,23.568238213399503,22.479404466501244,82.3151364764268,76.136476426799,78.90074441687345,164.68982630272953,5.495533498759305,2.077171215880893
2017,1,8050001,15.229032258064517,8050001,macapa,AP,0.6472337989329755,AP,0.2486352357320099,1009.4086848635236,1009.7645161290322,1009.1009925558312,1172.3193548387096,27.181885856079404,23.012655086848635,27.725806451612904,26.50967741935484,23.568238213399503,22.479404466501244,82.3151364764268,76.136476426799,78.90074441687345,164.68982630272953,5.495533498759305,2.077171215880893
2017,1,8051010,15.087096774193547,8051010,macapa,AP,0.6472337989329755,AP,0.2486352357320099,1009.4086848635236,1009.7645161290322,1009.1009925558312,1172.3193548387096,27.181885856079404,23.012655086848635,27.725806451612904,26.50967741935484,23.568238213399503,22.479404466501244,82.3151364764268,76.136476426799,78.90074441687345,164.68982630272953,5.495533498759305,2.077171215880893
2017,1,8051012,6.641935483870968,8051012,porto grande,AP,3.017601687076851,,,,,,,,,,,,,,,,,,
2017,1,8052000,11.625806451612902,8052000,serra do navio,AP,0.0690549578700696,,,,,,,,,,,,,,,,,,
2017,1,8150000,8.370967741935484,8150000,tartarugalzinho,AP,2.408475222748452,,,,,,,,,,,,,,,,,,
2017,1,8150001,14.374193548387098,8150001,tartarugalzinho,AP,2.408475222748452,,,,,,,,,,,,,,,,,,
2017,1,8151000,16.15483870967742,8151000,tartarugalzinho,AP,2.408475222748452,,,,,,,,,,,,,,,,,,
2017,1,8250002,22.406451612903222,8250002,calcoene,AP,3.020905023805434,,,,,,,,,,,,,,,,,,
2017,1,8250003,20.12258064516129,8250003,amapa,AP,0.1599974001508371,,,,,,,,,,,,,,,,,,
2017,1,8251001,18.516129032258064,8251001,calcoene,AP,3.020905023805434,,,,,,,,,,,,,,,,,,
2017,1,8251003,27.067741935483873,8251003,calcoene,AP,3.020905023805434,,,,,,,,,,,,,,,,,,
2017,1,8251004,22.48709677419355,8251004,oiapoque,AP,1.560232722676853,AP,0.7915211970074812,1010.3795511221946,1010.7064837905236,1010.073566084788,924.2137157107232,25.873067331670825,23.38653366583541,26.55436408977556,25.115211970074814,23.97581047381546,22.790024937655858,90.27680798004988,83.63840399002494,86.9925187032419,116.5561097256858,3.8698254364089775,1.1847880299251872
2017,1,8351002,18.27741935483871,8351002,oiapoque,AP,1.560232722676853,AP,0.7915211970074812,1010.3795511221946,1010.7064837905236,1010.073566084788,924.2137157107232,25.873067331670825,23.38653366583541,26.55436408977556,25.115211970074814,23.97581047381546,22.790024937655858,90.27680798004988,83.63840399002494,86.9925187032419,116.5561097256858,3.8698254364089775,1.1847880299251872
2017,2,51002,5.125,51002,mazagao,AP,1.4867436988053868,,,,,,,,,,,,,,,,,,
2017,2,51004,10.817857142857145,51004,mazagao,AP,1.4867436988053868,,,,,,,,,,,,,,,,,,
2017,2,52003,9.035714285714286,52003,mazagao,AP,1.4867436988053868,,,,,,,,,,,,,,,,,,
2017,2,771001,8.417857142857143,771001,tarauaca,AC,14.858864997799667,,,,,,,,,,,,,,,,,,
2017,2,772003,8.174999999999999,772003,tarauaca,AC,14.858864997799667,,,,,,,,,,,,,,,,,,
2017,2,772004,3.792857142857143,772004,cruzeiro do sul,AC,9.4481945582538,AC,0.3939560439560439,986.2087912087912,986.6736263736263,985.9013736263736,1180.5722527472526,26.72087912087912,22.597252747252742,27.30164835164835,25.999450549450547,23.243956043956043,21.947252747252747,83.67857142857143,75.12362637362638,79.12637362637362,236.0,4.560989010989011,1.4634615384615386
2017,2,773000,6.078571428571428,773000,cruzeiro do sul,AC,9.4481945582538,AC,0.3939560439560439,986.2087912087912,986.6736263736263,985.9013736263736,1180.5722527472526,26.72087912087912,22.597252747252742,27.30164835164835,25.999450549450547,23.243956043956043,21.947252747252747,83.67857142857143,75.12362637362638,79.12637362637362,236.0,4.560989010989011,1.4634615384615386
2017,2,869000,13.075999999999999,869000,manoel urbano,AC,17.58290419523331,,,,,,,,,,,,,,,,,,
2017,2,870001,2.417857142857143,870001,tarauaca,AC,14.858864997799667,,,,,,,,,,,,,,,,,,
2017,2,870002,6.253571428571428,870002,feijo,AC,26.371369678431705,,,,,,,,,,,,,,,,,,
2017,2,872000,2.8642857142857143,872000,marechal thaumaturgo,AC,2.586283775382404,AC,0.0153846153846153,982.4076923076924,983.4692307692308,982.376923076923,1752.9384615384615,29.63076923076923,-2.7384615384615385,30.615384615384617,28.523076923076925,-1.7923076923076924,-4.630769230769231,12.692307692307692,11.23076923076923,12.307692307692308,133.0,6.415384615384615,2.623076923076923
2017,2,872001,10.0,872001,porto walter,AC,3.086547319736231,AC,0.0,987.04,987.81,987.02,2369.56,30.02,23.04,30.48,28.21,23.89,21.43,73.7,61.6,66.9,278.8,5.970000000000001,2.85
2017,2,967005,5.6378571428571425,967005,senador guiomard,AC,4.677865771572603,,,,,,,,,,,,,,,,,,
2017,2,968003,1.875,968003,sena madureira,AC,34.525303295594505,,,,,,,,,,,,,,,,,,
2017,2,968004,14.307142857142855,968004,bujari,AC,7.629898078427353,,,,,,,,,,,,,,,,,,
2017,2,968005,13.267857142857142,968005,sena madureira,AC,34.525303295594505,,,,,,,,,,,,,,,,,,
2017,2,972000,9.217857142857143,972000,marechal thaumaturgo,AC,2.586283775382404,AC,0.0153846153846153,982.4076923076924,983.4692307692308,982.376923076923,1752.9384615384615,29.63076923076923,-2.7384615384615385,30.615384615384617,28.523076923076925,-1.7923076923076924,-4.630769230769231,12.692307692307692,11.23076923076923,12.307692307692308,133.0,6.415384615384615,2.623076923076923
2017,2,1067002,6.264285714285714,1067002,placido de castro,AC,5.001292344986957,,,,,,,,,,,,,,,,,,
2017,2,1067003,8.071428571428571,1067003,capixaba,AC,11.572004169704652,,,,,,,,,,,,,,,,,,
2017,2,1069000,1.625,1069000,assis brasil,AC,6.391257472073655,,,,,,,,,,,,,,,,,,
2017,2,1168001,5.925,1168001,brasileia,AC,23.12660225474095,,,,,,,,,,,,,,,,,,
2017,2,8050000,20.960714285714285,8050000,macapa,AP,0.6472337989329755,AP,0.7560846560846561,1009.4687830687832,1009.8275132275132,1009.173544973545,1038.6489417989417,26.417989417989418,23.064550264550263,26.914021164021165,25.81851851851852,23.527248677248675,22.605291005291004,85.48677248677248,80.18253968253968,82.58994708994709,172.92592592592592,5.253174603174603,1.9661375661375664
2017,2,8050001,17.725,8050001,macapa,AP,0.6472337989329755,AP,0.7560846560846561,1009.4687830687832,1009.8275132275132,1009.173544973545,1038.6489417989417,26.417989417989418,23.064550264550263,26.914021164021165,25.81851851851852,23.527248677248675,22.605291005291004,85.48677248677248,80.18253968253968,82.58994708994709,172.92592592592592,5.253174603174603,1.9661375661375664
2017,2,8051010,12.025,8051010,macapa,AP,0.6472337989329755,AP,0.7560846560846561,1009.4687830687832,1009.8275132275132,1009.173544973545,1038.6489417989417,26.417989417989418,23.064550264550263,26.914021164021165,25.81851851851852,23.527248677248675,22.605291005291004,85.48677248677248,80.18253968253968,82.58994708994709,172.92592592592592,5.253174603174603,1.9661375661375664
2017,2,8051012,10.217857142857143,8051012,porto grande,AP,3.017601687076851,,,,,,,,,,,,,,,,,,
2017,2,8052000,11.717857142857143,8052000,serra do navio,AP,0.0690549578700696,,,,,,,,,,,,,,,,,,
2017,2,8150000,11.6,8150000,tartarugalzinho,AP,2.408475222748452,,,,,,,,,,,,,,,,,,
2017,2,8150001,17.967857142857145,8150001,tartarugalzinho,AP,2.408475222748452,,,,,,,,,,,,,,,,,,
2017,2,8151000,8.046428571428573,8151000,tartarugalzinho,AP,2.408475222748452,,,,,,,,,,,,,,,,,,
2017,2,8250002,18.410714285714285,8250002,calcoene,AP,3.020905023805434,,,,,,,,,,,,,,,,,,
2017,2,8250003,19.410714285714285,8250003,amapa,AP,0.1599974001508371,,,,,,,,,,,,,,,,,,
2017,2,8251001,17.4,8251001,calcoene,AP,3.020905023805434,,,,,,,,,,,,,,,,,,
2017,2,8251003,18.90357142857143,8251003,calcoene,AP,3.020905023805434,,,,,,,,,,,,,,,,,,
2017,2,8251004,20.125,8251004,oiapoque,AP,1.560232722676853,AP,0.7759562841530054,1010.3860655737705,1010.7073770491804,1010.0909836065572,1007.7546448087433,25.94344262295082,23.12950819672131,26.72896174863388,25.124863387978145,23.79863387978142,22.52021857923497,89.1584699453552,81.5,85.31420765027322,100.90983606557376,4.297540983606558,1.348087431693989
2017,2,8351002,17.771428571428572,8351002,oiapoque,AP,1.560232722676853,AP,0.7759562841530054,1010.3860655737705,1010.7073770491804,1010.0909836065572,1007.7546448087433,25.94344262295082,23.12950819672131,26.72896174863388,25.124863387978145,23.79863387978142,22.52021857923497,89.1584699453552,81.5,85.31420765027322,100.90983606557376,4.297540983606558,1.348087431693989
2017,3,51002,7.917241379310345,51002,mazagao,AP,1.4867436988053868,,,,,,,,,,,,,,,,,,
2017,3,51004,9.948387096774193,51004,mazagao,AP,1.4867436988053868,,,,,,,,,,,,,,,,,,
2017,3,52003,7.032258064516129,52003,mazagao,AP,1.4867436988053868,,,,,,,,,,,,,,,,,,
2017,3,771001,8.990322580645161,771001,tarauaca,AC,14.858864997799667,,,,,,,,,,,,,,,,,,
2017,3,772003,7.3500000000000005,772003,tarauaca,AC,14.858864997799667,,,,,,,,,,,,,,,,,,
2017,3,772004,3.980645161290323,772004,cruzeiro do sul,AC,9.4481945582538,AC,0.5287179487179487,986.5446153846154,987.056153846154,986.2246153846152,1305.8725641025642,27.18230769230769,22.56923076923077,27.72153846153846,26.45384615384616,23.22615384615385,21.845897435897434,81.66666666666667,72.97179487179487,77.05128205128206,236.0,4.25,1.3879487179487178
2017,3,773000,10.639999999999999,773000,cruzeiro do sul,AC,9.4481945582538,AC,0.5287179487179487,986.5446153846154,987.056153846154,986.2246153846152,1305.8725641025642,27.18230769230769,22.56923076923077,27.72153846153846,26.45384615384616,23.22615384615385,21.845897435897434,81.66666666666667,72.97179487179487,77.05128205128206,236.0,4.25,1.3879487179487178
2017,3,869000,10.774193548387096,869000,manoel urbano,AC,17.58290419523331,,,,,,,,,,,,,,,,,,
2017,3,870001,4.080645161290323,870001,tarauaca,AC,14.858864997799667,,,,,,,,,,,,,,,,,,
2017,3,870002,1.164516129032258,870002,feijo,AC,26.371369678431705,,,,,,,,,,,,,,,,,,
2017,3,870003,10.341666666666667,870003,feijo,AC,26.371369678431705,,,,,,,,,,,,,,,,,,
2017,3,872000,4.293225806451613,872000,marechal thaumaturgo,AC,2.586283775382404,AC,0.0,982.0,983.275,982.0,664.55,29.6,-0.175,30.575,28.45,0.375,-2.2,14.75,13.25,14.5,235.0,4.725,2.25
2017,3,872001,12.564516129032258,872001,porto walter,AC,3.086547319736231,AC,0.0,984.8555555555556,985.7666666666668,984.8333333333334,2314.855555555556,29.522222222222226,23.41111111111111,30.81111111111112,28.288888888888888,24.444444444444443,22.0,74.66666666666667,63.55555555555556,70.0,271.3333333333333,6.233333333333333,2.6
2017,3,967005,14.580645161290322,967005,senador guiomard,AC,4.677865771572603,,,,,,,,,,,,,,,,,,
2017,3,968003,4.109677419354839,968003,sena madureira,AC,34.525303295594505,,,,,,,,,,,,,,,,,,
2017,3,968004,14.922580645161291,968004,bujari,AC,7.629898078427353,,,,,,,,,,,,,,,,,,
2017,3,968005,8.993548387096775,968005,sena madureira,AC,34.525303295594505,,,,,,,,,,,,,,,,,,
2017,3,972000,6.493548387096775,972000,marechal thaumaturgo,AC,2.586283775382404,AC,0.0,982.0,983.275,982.0,664.55,29.6,-0.175,30.575,28.45,0.375,-2.2,14.75,13.25,14.5,235.0,4.725,2.25
2017,3,1067002,5.361290322580645,1067002,placido de castro,AC,5.001292344986957,,,,,,,,,,,,,,,,,,
2017,3,1067003,14.245161290322581,1067003,capixaba,AC,11.572004169704652,,,,,,,,,,,,,,,,,,
2017,3,1068000,8.52258064516129,1068000,xapuri,AC,20.949002474237293,,,,,,,,,,,,,,,,,,
2017,3,1069000,11.364516129032259,1069000,assis brasil,AC,6.391257472073655,,,,,,,,,,,,,,,,,,
2017,3,1168001,10.69032258064516,1168001,brasileia,AC,23.12660225474095,,,,,,,,,,,,,,,,,,
2017,3,8050000,17.664516129032258,8050000,macapa,AP,0.6472337989329755,AP,0.6870646766169154,1009.6569651741293,1010.0375621890548,1009.3402985074626,1085.9338308457711,26.641293532338302,23.20348258706468,27.141293532338302,26.04850746268657,23.713432835820893,22.72089552238806,85.30597014925372,79.55970149253731,82.15671641791045,174.68407960199005,5.040298507462687,1.883084577114428
2017,3,8050001,22.12258064516129,8050001,macapa,AP,0.6472337989329755,AP,0.6870646766169154,1009.6569651741293,1010.0375621890548,1009.3402985074626,1085.9338308457711,26.641293532338302,23.20348258706468,27.141293532338302,26.04850746268657,23.713432835820893,22.72089552238806,85.30597014925372,79.55970149253731,82.15671641791045,174.68407960199005,5.040298507462687,1.883084577114428
2017,3,8051010,14.990322580645161,8051010,macapa,AP,0.6472337989329755,AP,0.6870646766169154,1009.6569651741293,1010.0375621890548,1009.3402985074626,1085.9338308457711,26.641293532338302,23.20348258706468,27.141293532338302,26.04850746268657,23.713432835820893,22.72089552238806,85.30597014925372,79.55970149253731,82.15671641791045,174.68407960199005,5.040298507462687,1.883084577114428
2017,3,8051012,9.85483870967742,8051012,porto grande,AP,3.017601687076851,,,,,,,,,,,,,,,,,,
2017,3,8052000,12.33548387096774,8052000,serra do navio,AP,0.0690549578700696,,,,,,,,,,,,,,,,,,
2017,3,8150000,18.5,8150000,tartarugalzinho,AP,2.408475222748452,,,,,,,,,,,,,,,,,,
2017,3,8150001,33.877419354838715,8150001,tartarugalzinho,AP,2.408475222748452,,,,,,,,,,,,,,,,,,
2017,3,8151000,14.161290322580646,8151000,tartarugalzinho,AP,2.408475222748452,,,,,,,,,,,,,,,,,,
2017,3,8250002,38.380645161290325,8250002,calcoene,AP,3.020905023805434,,,,,,,,,,,,,,,,,,
2017,3,8250003,39.61612903225806,8250003,amapa,AP,0.1599974001508371,,,,,,,,,,,,,,,,,,
2017,3,8251001,30.99032258064516,8251001,calcoene,AP,3.020905023805434,,,,,,,,,,,,,,,,,,
2017,3,8251003,27.648387096774194,8251003,calcoene,AP,3.020905023805434,,,,,,,,,,,,,,,,,,
2017,3,8251004,34.31612903225806,8251004,oiapoque,AP,1.560232722676853,AP,1.2743276283618583,1010.4161369193156,1010.740586797066,1010.1083129584352,909.241075794621,25.87286063569682,23.527628361858188,26.61491442542788,25.10317848410758,24.13887530562347,22.935941320293395,90.9242053789731,84.52078239608802,87.79462102689486,118.05134474327627,4.0070904645476775,1.262347188264059
2017,3,8351002,23.570967741935487,8351002,oiapoque,AP,1.560232722676853,AP,1.2743276283618583,1010.4161369193156,1010.740586797066,1010.1083129584352,909.241075794621,25.87286063569682,23.527628361858188,26.61491442542788,25.10317848410758,24.13887530562347,22.935941320293395,90.9242053789731,84.52078239608802,87.79462102689486,118.05134474327627,4.0070904645476775,1.262347188264059
2017,4,51002,7.14,51002,mazagao,AP,1.4867436988053868,,,,,,,,,,,,,,,,,,
2017,4,51004,9.396666666666667,51004,mazagao,AP,1.4867436988053868,,,,,,,,,,,,,,,,,,
2017,4,52003,5.866666666666666,52003,mazagao,AP,1.4867436988053868,,,,,,,,,,,,,,,,,,
2017,4,771001,5.040000000000001,771001,tarauaca,AC,14.858864997799667,,,,,,,,,,,,,,,,,,
2017,4,772003,4.08,772003,tarauaca,AC,14.858864997799667,,,,,,,,,,,,,,,,,,
2017,4,772004,9.143333333333334,772004,cruzeiro do sul,AC,9.4481945582538,AC,0.4368421052631579,987.0593984962404,987.5748120300752,986.7541353383458,1199.127067669173,26.904135338345863,22.57518796992481,27.40375939849624,26.215789473684207,23.19210526315789,21.90827067669173,82.75563909774436,74.56015037593986,78.3796992481203,236.0,4.352631578947368,1.4
2017,4,773000,7.856666666666667,773000,cruzeiro do sul,AC,9.4481945582538,AC,0.4368421052631579,987.0593984962404,987.5748120300752,986.7541353383458,1199.127067669173,26.904135338345863,22.57518796992481,27.40375939849624,26.215789473684207,23.19210526315789,21.90827067669173,82.75563909774436,74.56015037593986,78.3796992481203,236.0,4.352631578947368,1.4
2017,4,869000,5.233333333333333,869000,manoel urbano,AC,17.58290419523331,,,,,,,,,,,,,,,,,,
2017,4,870001,2.36,870001,tarauaca,AC,14.858864997799667,,,,,,,,,,,,,,,,,,
2017,4,870002,0.5933333333333334,870002,feijo,AC,26.371369678431705,,,,,,,,,,,,,,,,,,
2017,4,870003,12.5,870003,feijo,AC,26.371369678431705,,,,,,,,,,,,,,,,,,
2017,4,872000,4.79,872000,marechal thaumaturgo,AC,2.586283775382404,,,,,,,,,,,,,,,,,,
2017,4,872001,6.173333333333333,872001,porto walter,AC,3.086547319736231,,,,,,,,,,,,,,,,,,
2017,4,967005,8.37,967005,senador guiomard,AC,4.677865771572603,,,,,,,,,,,,,,,,,,
2017,4,968003,1.99,968003,sena madureira,AC,34.525303295594505,,,,,,,,,,,,,,,,,,
2017,4,968004,2.646666666666667,968004,bujari,AC,7.629898078427353,,,,,,,,,,,,,,,,,,
2017,4,968005,5.863333333333333,968005,sena madureira,AC,34.525303295594505,,,,,,,,,,,,,,,,,,
2017,4,972000,7.253333333333333,972000,marechal thaumaturgo,AC,2.586283775382404,,,,,,,,,,,,,,,,,,
2017,4,1067002,4.510000000000001,1067002,placido de castro,AC,5.001292344986957,,,,,,,,,,,,,,,,,,
2017,4,1067003,6.496666666666667,1067003,capixaba,AC,11.572004169704652,,,,,,,,,,,,,,,,,,
2017,4,1068000,1.9766666666666666,1068000,xapuri,AC,20.949002474237293,,,,,,,,,,,,,,,,,,
2017,4,1168001,1.5133333333333332,1168001,brasileia,AC,23.12660225474095,,,,,,,,,,,,,,,,,,
2017,4,8050000,8.976666666666667,8050000,macapa,AP,0.6472337989329755,AP,0.3634517766497461,1009.4659898477156,1009.857614213198,1009.153807106599,1260.0535532994925,27.584263959390864,23.39060913705584,28.10685279187817,26.92614213197969,23.97081218274112,22.84771573604061,82.38578680203045,75.8527918781726,78.74619289340102,180.5482233502538,5.266243654822335,2.03502538071066
2017,4,8050001,16.453333333333333,8050001,macapa,AP,0.6472337989329755,AP,0.3634517766497461,1009.4659898477156,1009.857614213198,1009.153807106599,1260.0535532994925,27.584263959390864,23.39060913705584,28.10685279187817,26.92614213197969,23.97081218274112,22.84771573604061,82.38578680203045,75.8527918781726,78.74619289340102,180.5482233502538,5.266243654822335,2.03502538071066
2017,4,8051010,11.54,8051010,macapa,AP,0.6472337989329755,AP,0.3634517766497461,1009.4659898477156,1009.857614213198,1009.153807106599,1260.0535532994925,27.584263959390864,23.39060913705584,28.10685279187817,26.92614213197969,23.97081218274112,22.84771573604061,82.38578680203045,75.8527918781726,78.74619289340102,180.5482233502538,5.266243654822335,2.03502538071066
2017,4,8051012,7.02,8051012,porto grande,AP,3.017601687076851,,,,,,,,,,,,,,,,,,
2017,4,8052000,15.026666666666667,8052000,serra do navio,AP,0.0690549578700696,,,,,,,,,,,,,,,,,,
2017,4,8150000,13.443333333333333,8150000,tartarugalzinho,AP,2.408475222748452,,,,,,,,,,,,,,,,,,
2017,4,8150001,20.013333333333332,8150001,tartarugalzinho,AP,2.408475222748452,,,,,,,,,,,,,,,,,,
2017,4,8151000,8.74,8151000,tartarugalzinho,AP,2.408475222748452,,,,,,,,,,,,,,,,,,
2017,4,8250002,17.69,8250002,calcoene,AP,3.020905023805434,,,,,,,,,,,,,,,,,,
2017,4,8250003,28.926666666666666,8250003,amapa,AP,0.1599974001508371,,,,,,,,,,,,,,,,,,
2017,4,8251001,17.876666666666665,8251001,calcoene,AP,3.020905023805434,,,,,,,,,,,,,,,,,,
2017,4,8251003,14.44,8251003,calcoene,AP,3.020905023805434,,,,,,,,,,,,,,,,,,
2017,4,8251004,25.7,8251004,oiapoque,AP,1.560232722676853,AP,0.9639344262295082,1010.2554644808744,1010.5994535519128,1009.984426229508,1083.200819672131,26.924043715846995,23.81065573770492,27.6948087431694,26.024043715847,24.51448087431693,23.15983606557377,88.22404371584699,80.48087431693989,84.14207650273224,104.72677595628416,4.045628415300547,1.3133879781420763
2017,4,8351002,18.953333333333333,8351002,oiapoque,AP,1.560232722676853,AP,0.9639344262295082,1010.2554644808744,1010.5994535519128,1009.984426229508,1083.200819672131,26.924043715846995,23.81065573770492,27.6948087431694,26.024043715847,24.51448087431693,23.15983606557377,88.22404371584699,80.48087431693989,84.14207650273224,104.72677595628416,4.045628415300547,1.3133879781420763
2017,5,51004,9.567741935483872,51004,mazagao,AP,1.4867436988053868,,,,,,,,,,,,,,,,,,
2017,5,52003,8.94516129032258,52003,mazagao,AP,1.4867436988053868,,,,,,,,,,,,,,,,,,
2017,5,771001,3.8935483870967738,771001,tarauaca,AC,14.858864997799667,,,,,,,,,,,,,,,,,,
2017,5,772003,4.483870967741935,772003,tarauaca,AC,14.858864997799667,,,,,,,,,,,,,,,,,,
2017,5,772004,4.95483870967742,772004,cruzeiro do sul,AC,9.4481945582538,AC,0.0,990.55,990.75,990.3,2116.95,27.450000000000003,22.0,27.700000000000003,26.0,23.1,21.35,81.0,69.5,72.0,236.0,4.5,1.05
2017,5,773000,8.938709677419356,773000,cruzeiro do sul,AC,9.4481945582538,AC,0.0,990.55,990.75,990.3,2116.95,27.450000000000003,22.0,27.700000000000003,26.0,23.1,21.35,81.0,69.5,72.0,236.0,4.5,1.05
2017,5,869000,6.393548387096775,869000,manoel urbano,AC,17.58290419523331,,,,,,,,,,,,,,,,,,
2017,5,870001,1.6161290322580646,870001,tarauaca,AC,14.858864997799667,,,,,,,,,,,,,,,,,,
2017,5,870002,3.303225806451613,870002,feijo,AC,26.371369678431705,,,,,,,,,,,,,,,,,,
2017,5,870003,2.890322580645161,870003,feijo,AC,26.371369678431705,,,,,,,,,,,,,,,,,,
2017,5,872000,2.1396774193548387,872000,marechal thaumaturgo,AC,2.586283775382404,,,,,,,,,,,,,,,,,,
2017,5,872001,4.641935483870968,872001,porto walter,AC,3.086547319736231,,,,,,,,,,,,,,,,,,
2017,5,967005,4.510000000000001,967005,senador guiomard,AC,4.677865771572603,,,,,,,,,,,,,,,,,,
2017,5,968003,2.6225806451612903,968003,sena madureira,AC,34.525303295594505,,,,,,,,,,,,,,,,,,
2017,5,968004,3.3612903225806448,968004,bujari,AC,7.629898078427353,,,,,,,,,,,,,,,,,,
2017,5,968005,3.8,968005,sena madureira,AC,34.525303295594505,,,,,,,,,,,,,,,,,,
2017,5,972000,3.238709677419355,972000,marechal thaumaturgo,AC,2.586283775382404,,,,,,,,,,,,,,,,,,
2017,5,1067002,5.009677419354839,1067002,placido de castro,AC,5.001292344986957,,,,,,,,,,,,,,,,,,
2017,5,1067003,1.6774193548387097,1067003,capixaba,AC,11.572004169704652,,,,,,,,,,,,,,,,,,
2017,5,1068000,0.39354838709677425,1068000,xapuri,AC,20.949002474237293,,,,,,,,,,,,,,,,,,
2017,5,1168001,0.8290322580645161,1168001,brasileia,AC,23.12660225474095,,,,,,,,,,,,,,,,,,
2017,5,8050000,3.161290322580645,8050000,macapa,AP,0.6472337989329755,AP,0.2326732673267326,1009.859900990099,1010.2178217821782,1009.5727722772276,1436.694801980198,28.423514851485148,23.622524752475247,28.974752475247524,27.674752475247526,24.19529702970297,22.958910891089108,79.87128712871286,72.98762376237623,76.11633663366337,184.46782178217825,5.465841584158415,2.1876237623762376
2017,5,8050001,1.493548387096774,8050001,macapa,AP,0.6472337989329755,AP,0.2326732673267326,1009.859900990099,1010.2178217821782,1009.5727722772276,1436.694801980198,28.423514851485148,23.622524752475247,28.974752475247524,27.674752475247526,24.19529702970297,22.958910891089108,79.87128712871286,72.98762376237623,76.11633663366337,184.46782178217825,5.465841584158415,2.1876237623762376
2017,5,8051010,8.087096774193547,8051010,macapa,AP,0.6472337989329755,AP,0.2326732673267326,1009.859900990099,1010.2178217821782,1009.5727722772276,1436.694801980198,28.423514851485148,23.622524752475247,28.974752475247524,27.674752475247526,24.19529702970297,22.958910891089108,79.87128712871286,72.98762376237623,76.11633663366337,184.46782178217825,5.465841584158415,2.1876237623762376
2017,5,8051012,6.474193548387096,8051012,porto grande,AP,3.017601687076851,,,,,,,,,,,,,,,,,,
2017,5,8052000,8.012903225806452,8052000,serra do navio,AP,0.0690549578700696,,,,,,,,,,,,,,,,,,
2017,5,8150000,8.490322580645161,8150000,tartarugalzinho,AP,2.408475222748452,,,,,,,,,,,,,,,,,,
2017,5,8150001,11.961290322580645,8150001,tartarugalzinho,AP,2.408475222748452,,,,,,,,,,,,,,,,,,
2017,5,8151000,5.867741935483871,8151000,tartarugalzinho,AP,2.408475222748452,,,,,,,,,,,,,,,,,,
2017,5,8250002,11.40967741935484,8250002,calcoene,AP,3.020905023805434,,,,,,,,,,,,,,,,,,
2017,5,8250003,10.535483870967742,8250003,amapa,AP,0.1599974001508371,,,,,,,,,,,,,,,,,,
2017,5,8251001,16.3,8251001,calcoene,AP,3.020905023805434,,,,,,,,,,,,,,,,,,
2017,5,8251003,12.43225806451613,8251003,calcoene,AP,3.020905023805434,,,,,,,,,,,,,,,,,,
2017,5,8251004,18.758064516129032,8251004,oiapoque,AP,1.560232722676853,,,,,,,,,,,,,,,,,,
2017,5,8351002,17.651612903225807,8351002,oiapoque,AP,1.560232722676853,,,,,,,,,,,,,,,,,,
2017,6,51002,5.213333333333334,51002,mazagao,AP,1.4867436988053868,,,,,,,,,,,,,,,,,,
2017,6,51004,8.213333333333333,51004,mazagao,AP,1.4867436988053868,,,,,,,,,,,,,,,,,,
2017,6,52003,5.283333333333333,52003,mazagao,AP,1.4867436988053868,,,,,,,,,,,,,,,,,,
2017,6,771001,2.2566666666666664,771001,tarauaca,AC,14.858864997799667,,,,,,,,,,,,,,,,,,
2017,6,772003,1.4600000000000002,772003,tarauaca,AC,14.858864997799667,,,,,,,,,,,,,,,,,,
2017,6,772004,2.3666666666666667,772004,cruzeiro do sul,AC,9.4481945582538,AC,0.0,992.3,992.6,992.3,1469.5,24.5,19.9,24.5,23.4,20.5,19.6,82.0,75.0,76.0,236.0,6.7,2.9
2017,6,773000,3.4633333333333334,773000,cruzeiro do sul,AC,9.4481945582538,AC,0.0,992.3,992.6,992.3,1469.5,24.5,19.9,24.5,23.4,20.5,19.6,82.0,75.0,76.0,236.0,6.7,2.9
2017,6,869000,0.45666666666666667,869000,manoel urbano,AC,17.58290419523331,,,,,,,,,,,,,,,,,,
2017,6,870001,1.3299999999999998,870001,tarauaca,AC,14.858864997799667,,,,,,,,,,,,,,,,,,
2017,6,870002,3.76,870002,feijo,AC,26.371369678431705,,,,,,,,,,,,,,,,,,
2017,6,870003,0.36000000000000004,870003,feijo,AC,26.371369678431705,,,,,,,,,,,,,,,,,,
2017,6,872000,1.6666666666666667,872000,marechal thaumaturgo,AC,2.586283775382404,,,,,,,,,,,,,,,,,,
2017,6,872001,2.4566666666666666,872001,porto walter,AC,3.086547319736231,,,,,,,,,,,,,,,,,,
2017,6,967005,1.4333333333333333,967005,senador guiomard,AC,4.677865771572603,,,,,,,,,,,,,,,,,,
2017,6,968003,1.6333333333333333,968003,sena madureira,AC,34.525303295594505,,,,,,,,,,,,,,,,,,
2017,6,968004,3.993333333333333,968004,bujari,AC,7.629898078427353,,,,,,,,,,,,,,,,,,
2017,6,968005,0.34,968005,sena madureira,AC,34.525303295594505,,,,,,,,,,,,,,,,,,
2017,6,969001,0.3619047619047619,969001,sena madureira,AC,34.525303295594505,,,,,,,,,,,,,,,,,,
2017,6,972000,1.5999999999999999,972000,marechal thaumaturgo,AC,2.586283775382404,,,,,,,,,,,,,,,,,,
2017,6,1067002,2.453333333333333,1067002,placido de castro,AC,5.001292344986957,,,,,,,,,,,,,,,,,,
2017,6,1067003,0.14333333333333334,1067003,capixaba,AC,11.572004169704652,,,,,,,,,,,,,,,,,,
2017,6,1069000,0.81,1069000,assis brasil,AC,6.391257472073655,,,,,,,,,,,,,,,,,,
2017,6,1168001,0.010000000000000002,1168001,brasileia,AC,23.12660225474095,,,,,,,,,,,,,,,,,,
2017,6,8050000,1.5333333333333334,8050000,macapa,AP,0.6472337989329755,AP,0.1822349570200573,1010.1727793696276,1010.5077363896849,1009.9174785100288,1381.4848137535816,28.46275071633238,23.30372492836676,28.99799426934097,27.73467048710601,23.94183381088825,22.73696275071633,78.41547277936962,71.92550143266476,74.57879656160459,198.8968481375358,5.468194842406877,2.205730659025788
2017,6,8050001,1.3433333333333335,8050001,macapa,AP,0.6472337989329755,AP,0.1822349570200573,1010.1727793696276,1010.5077363896849,1009.9174785100288,1381.4848137535816,28.46275071633238,23.30372492836676,28.99799426934097,27.73467048710601,23.94183381088825,22.73696275071633,78.41547277936962,71.92550143266476,74.57879656160459,198.8968481375358,5.468194842406877,2.205730659025788
2017,6,8051010,7.793333333333334,8051010,macapa,AP,0.6472337989329755,AP,0.1822349570200573,1010.1727793696276,1010.5077363896849,1009.9174785100288,1381.4848137535816,28.46275071633238,23.30372492836676,28.99799426934097,27.73467048710601,23.94183381088825,22.73696275071633,78.41547277936962,71.92550143266476,74.57879656160459,198.8968481375358,5.468194842406877,2.205730659025788
2017,6,8051012,7.216666666666667,8051012,porto grande,AP,3.017601687076851,,,,,,,,,,,,,,,,,,
2017,6,8052000,9.503333333333334,8052000,serra do navio,AP,0.0690549578700696,,,,,,,,,,,,,,,,,,
2017,6,8150000,7.546666666666667,8150000,tartarugalzinho,AP,2.408475222748452,,,,,,,,,,,,,,,,,,
2017,6,8150001,30.92,8150001,tartarugalzinho,AP,2.408475222748452,,,,,,,,,,,,,,,,,,
2017,6,8151000,1.3166666666666667,8151000,tartarugalzinho,AP,2.408475222748452,,,,,,,,,,,,,,,,,,
2017,6,8250002,18.013333333333332,8250002,calcoene,AP,3.020905023805434,,,,,,,,,,,,,,,,,,
2017,6,8250003,13.803333333333335,8250003,amapa,AP,0.1599974001508371,,,,,,,,,,,,,,,,,,
2017,6,8251001,12.046666666666665,8251001,calcoene,AP,3.020905023805434,,,,,,,,,,,,,,,,,,
2017,6,8251003,10.479999999999999,8251003,calcoene,AP,3.020905023805434,,,,,,,,,,,,,,,,,,
2017,6,8251004,10.833333333333334,8251004,oiapoque,AP,1.560232722676853,,,,,,,,,,,,,,,,,,
2017,6,8351002,11.686666666666667,8351002,oiapoque,AP,1.560232722676853,,,,,,,,,,,,,,,,,,
2017,7,51002,6.36551724137931,51002,mazagao,AP,1.4867436988053868,,,,,,,,,,,,,,,,,,
2017,7,51004,4.416129032258064,51004,mazagao,AP,1.4867436988053868,,,,,,,,,,,,,,,,,,
2017,7,52003,1.7096774193548387,52003,mazagao,AP,1.4867436988053868,,,,,,,,,,,,,,,,,,
2017,7,771001,0.6322580645161291,771001,tarauaca,AC,14.858864997799667,,,,,,,,,,,,,,,,,,
2017,7,772003,0.8838709677419355,772003,tarauaca,AC,14.858864997799667,,,,,,,,,,,,,,,,,,
2017,7,772004,1.7096774193548387,772004,cruzeiro do sul,AC,9.4481945582538,,,,,,,,,,,,,,,,,,
2017,7,773000,0.7774193548387097,773000,cruzeiro do sul,AC,9.4481945582538,,,,,,,,,,,,,,,,,,
2017,7,869000,0.7838709677419355,869000,manoel urbano,AC,17.58290419523331,,,,,,,,,,,,,,,,,,
2017,7,870001,0.13870967741935483,870001,tarauaca,AC,14.858864997799667,,,,,,,,,,,,,,,,,,
2017,7,870002,2.1258064516129034,870002,feijo,AC,26.371369678431705,,,,,,,,,,,,,,,,,,
2017,7,870003,0.9774193548387097,870003,feijo,AC,26.371369678431705,,,,,,,,,,,,,,,,,,
2017,7,872000,0.3387096774193548,872000,marechal thaumaturgo,AC,2.586283775382404,,,,,,,,,,,,,,,,,,
2017,7,872001,0.9064516129032258,872001,porto walter,AC,3.086547319736231,,,,,,,,,,,,,,,,,,
2017,7,967005,0.41935483870967744,967005,senador guiomard,AC,4.677865771572603,,,,,,,,,,,,,,,,,,
2017,7,968003,0.16129032258064516,968003,sena madureira,AC,34.525303295594505,,,,,,,,,,,,,,,,,,
2017,7,968004,0.21935483870967742,968004,bujari,AC,7.629898078427353,,,,,,,,,,,,,,,,,,
2017,7,968005,0.6645161290322581,968005,sena madureira,AC,34.525303295594505,,,,,,,,,,,,,,,,,,
2017,7,969001,0.0,969001,sena madureira,AC,34.525303295594505,,,,,,,,,,,,,,,,,,
2017,7,972000,0.7258064516129032,972000,marechal thaumaturgo,AC,2.586283775382404,,,,,,,,,,,,,,,,,,
2017,7,1067002,3.1451612903225805,1067002,placido de castro,AC,5.001292344986957,,,,,,,,,,,,,,,,,,
2017,7,1067003,0.0,1067003,capixaba,AC,11.572004169704652,,,,,,,,,,,,,,,,,,
2017,7,1069000,0.6290322580645161,1069000,assis brasil,AC,6.391257472073655,,,,,,,,,,,,,,,,,,
2017,7,1168001,0.04516129032258064,1168001,brasileia,AC,23.12660225474095,,,,,,,,,,,,,,,,,,
2017,7,8050000,1.0903225806451613,8050000,macapa,AP,0.6472337989329755,,,,,,,,,,,,,,,,,,
2017,7,8050001,9.129032258064516,8050001,macapa,AP,0.6472337989329755,,,,,,,,,,,,,,,,,,
2017,7,8051010,10.412903225806453,8051010,macapa,AP,0.6472337989329755,,,,,,,,,,,,,,,,,,
2017,7,8051012,3.1322580645161286,8051012,porto grande,AP,3.017601687076851,,,,,,,,,,,,,,,,,,
2017,7,8052000,4.909677419354838,8052000,serra do navio,AP,0.0690549578700696,,,,,,,,,,,,,,,,,,
2017,7,8150000,4.280645161290322,8150000,tartarugalzinho,AP,2.408475222748452,,,,,,,,,,,,,,,,,,
2017,7,8150001,5.012903225806451,8150001,tartarugalzinho,AP,2.408475222748452,,,,,,,,,,,,,,,,,,
2017,7,8151000,2.4129032258064513,8151000,tartarugalzinho,AP,2.408475222748452,,,,,,,,,,,,,,,,,,
2017,7,8250002,6.787096774193548,8250002,calcoene,AP,3.020905023805434,,,,,,,,,,,,,,,,,,
2017,7,8250003,8.83548387096774,8250003,amapa,AP,0.1599974001508371,,,,,,,,,,,,,,,,,,
2017,7,8251001,12.648387096774194,8251001,calcoene,AP,3.020905023805434,,,,,,,,,,,,,,,,,,
2017,7,8251003,6.209677419354839,8251003,calcoene,AP,3.020905023805434,,,,,,,,,,,,,,,,,,
2017,7,8251004,8.625806451612902,8251004,oiapoque,AP,1.560232722676853,,,,,,,,,,,,,,,,,,
2017,7,8351002,9.429032258064517,8351002,oiapoque,AP,1.560232722676853,,,,,,,,,,,,,,,,,,
2017,8,51002,0.8193548387096774,51002,mazagao,AP,1.4867436988053868,,,,,,,,,,,,,,,,,,
2017,8,51004,1.0709677419354837,51004,mazagao,AP,1.4867436988053868,,,,,,,,,,,,,,,,,,
2017,8,52003,0.5548387096774193,52003,mazagao,AP,1.4867436988053868,,,,,,,,,,,,,,,,,,
2017,8,771001,2.2419354838709675,771001,tarauaca,AC,14.858864997799667,,,,,,,,,,,,,,,,,,
2017,8,772003,1.7548387096774196,772003,tarauaca,AC,14.858864997799667,,,,,,,,,,,,,,,,,,
2017,8,772004,4.374193548387097,772004,cruzeiro do sul,AC,9.4481945582538,,,,,,,,,,,,,,,,,,
2017,8,773000,1.9290322580645163,773000,cruzeiro do sul,AC,9.4481945582538,,,,,,,,,,,,,,,,,,
2017,8,869000,1.1387096774193548,869000,manoel urbano,AC,17.58290419523331,,,,,,,,,,,,,,,,,,
2017,8,870001,0.2870967741935484,870001,tarauaca,AC,14.858864997799667,,,,,,,,,,,,,,,,,,
2017,8,870002,1.5677419354838709,870002,feijo,AC,26.371369678431705,AC,1.55,993.05,993.8625,992.8125,1354.35,28.6625,22.0,30.425,27.675,22.65,20.925,74.125,61.0,69.75,195.0,5.55,2.3
2017,8,870003,0.667741935483871,870003,feijo,AC,26.371369678431705,AC,1.55,993.05,993.8625,992.8125,1354.35,28.6625,22.0,30.425,27.675,22.65,20.925,74.125,61.0,69.75,195.0,5.55,2.3
2017,8,872000,0.9516129032258065,872000,marechal thaumaturgo,AC,2.586283775382404,,,,,,,,,,,,,,,,,,
2017,8,872001,3.574193548387097,872001,porto walter,AC,3.086547319736231,,,,,,,,,,,,,,,,,,
2017,8,967005,0.5419354838709677,967005,senador guiomard,AC,4.677865771572603,,,,,,,,,,,,,,,,,,
2017,8,968003,0.967741935483871,968003,sena madureira,AC,34.525303295594505,,,,,,,,,,,,,,,,,,
2017,8,968004,0.7096774193548387,968004,bujari,AC,7.629898078427353,,,,,,,,,,,,,,,,,,
2017,8,968005,5.396774193548388,968005,sena madureira,AC,34.525303295594505,,,,,,,,,,,,,,,,,,
2017,8,969001,0.6935483870967742,969001,sena madureira,AC,34.525303295594505,,,,,,,,,,,,,,,,,,
2017,8,972000,2.4419354838709677,972000,marechal thaumaturgo,AC,2.586283775382404,,,,,,,,,,,,,,,,,,
2017,8,1067002,1.7161290322580647,1067002,placido de castro,AC,5.001292344986957,,,,,,,,,,,,,,,,,,
2017,8,1067003,0.13548387096774192,1067003,capixaba,AC,11.572004169704652,,,,,,,,,,,,,,,,,,
2017,8,1068000,0.41935483870967744,1068000,xapuri,AC,20.949002474237293,,,,,,,,,,,,,,,,,,
2017,8,1069000,0.9641935483870968,1069000,assis brasil,AC,6.391257472073655,,,,,,,,,,,,,,,,,,
2017,8,8050000,0.6000000000000001,8050000,macapa,AP,0.6472337989329755,AP,0.0517857142857142,1009.9160714285716,1010.2473214285714,1009.6491071428572,1914.0258928571427,30.31428571428572,22.68035714285714,30.924107142857142,29.49017857142857,23.3625,22.00178571428572,68.90178571428571,61.71428571428572,64.66071428571429,205.7053571428572,7.023214285714286,2.991964285714286
2017,8,8050001,0.0,8050001,macapa,AP,0.6472337989329755,AP,0.0517857142857142,1009.9160714285716,1010.2473214285714,1009.6491071428572,1914.0258928571427,30.31428571428572,22.68035714285714,30.924107142857142,29.49017857142857,23.3625,22.00178571428572,68.90178571428571,61.71428571428572,64.66071428571429,205.7053571428572,7.023214285714286,2.991964285714286
2017,8,8051010,0.3870967741935484,8051010,macapa,AP,0.6472337989329755,AP,0.0517857142857142,1009.9160714285716,1010.2473214285714,1009.6491071428572,1914.0258928571427,30.31428571428572,22.68035714285714,30.924107142857142,29.49017857142857,23.3625,22.00178571428572,68.90178571428571,61.71428571428572,64.66071428571429,205.7053571428572,7.023214285714286,2.991964285714286
2017,8,8051012,2.2225806451612904,8051012,porto grande,AP,3.017601687076851,,,,,,,,,,,,,,,,,,
2017,8,8052000,3.629032258064516,8052000,serra do navio,AP,0.0690549578700696,,,,,,,,,,,,,,,,,,
2017,8,8150000,1.0709677419354837,8150000,tartarugalzinho,AP,2.408475222748452,,,,,,,,,,,,,,,,,,
2017,8,8150001,0.0,8150001,tartarugalzinho,AP,2.408475222748452,,,,,,,,,,,,,,,,,,
2017,8,8151000,0.08387096774193549,8151000,tartarugalzinho,AP,2.408475222748452,,,,,,,,,,,,,,,,,,
2017,8,8250002,1.229032258064516,8250002,calcoene,AP,3.020905023805434,,,,,,,,,,,,,,,,,,
2017,8,8250003,0.23548387096774193,8250003,amapa,AP,0.1599974001508371,,,,,,,,,,,,,,,,,,
2017,8,8251001,0.5838709677419355,8251001,calcoene,AP,3.020905023805434,,,,,,,,,,,,,,,,,,
2017,8,8251003,1.9612903225806453,8251003,calcoene,AP,3.020905023805434,,,,,,,,,,,,,,,,,,
2017,8,8251004,0.7354838709677419,8251004,oiapoque,AP,1.560232722676853,,,,,,,,,,,,,,,,,,
2017,8,8351002,0.15483870967741936,8351002,oiapoque,AP,1.560232722676853,,,,,,,,,,,,,,,,,,
2017,9,51002,2.2633333333333336,51002,mazagao,AP,1.4867436988053868,,,,,,,,,,,,,,,,,,
2017,9,51004,0.24666666666666667,51004,mazagao,AP,1.4867436988053868,,,,,,,,,,,,,,,,,,
2017,9,52003,0.5,52003,mazagao,AP,1.4867436988053868,,,,,,,,,,,,,,,,,,
2017,9,771001,6.486666666666666,771001,tarauaca,AC,14.858864997799667,,,,,,,,,,,,,,,,,,
2017,9,772003,3.3866666666666663,772003,tarauaca,AC,14.858864997799667,,,,,,,,,,,,,,,,,,
2017,9,772004,6.489999999999999,772004,cruzeiro do sul,AC,9.4481945582538,AC,0.2829396325459317,987.9425196850392,988.4230971128608,987.6194225721785,1344.7330708661416,27.861417322834647,21.88556430446194,28.597637795275592,26.903412073490816,22.62230971128609,21.15380577427821,76.69553805774278,68.0498687664042,71.87139107611549,236.0,3.6784776902887137,1.131758530183727
2017,9,773000,5.903333333333333,773000,cruzeiro do sul,AC,9.4481945582538,AC,0.2829396325459317,987.9425196850392,988.4230971128608,987.6194225721785,1344.7330708661416,27.861417322834647,21.88556430446194,28.597637795275592,26.903412073490816,22.62230971128609,21.15380577427821,76.69553805774278,68.0498687664042,71.87139107611549,236.0,3.6784776902887137,1.131758530183727
2017,9,869000,3.683333333333333,869000,manoel urbano,AC,17.58290419523331,,,,,,,,,,,,,,,,,,
2017,9,870001,1.6900000000000002,870001,tarauaca,AC,14.858864997799667,,,,,,,,,,,,,,,,,,
2017,9,870002,5.1866666666666665,870002,feijo,AC,26.371369678431705,AC,0.458312020460358,993.343989769821,993.8358056265984,993.035294117647,1402.6979539641943,28.01150895140665,21.81355498721228,28.76700767263427,26.994117647058825,22.5074168797954,20.97621483375959,75.95907928388746,67.44501278772378,71.41176470588235,197.3785166240409,3.713554987212276,1.5404092071611253
2017,9,870003,7.293333333333334,870003,feijo,AC,26.371369678431705,AC,0.458312020460358,993.343989769821,993.8358056265984,993.035294117647,1402.6979539641943,28.01150895140665,21.81355498721228,28.76700767263427,26.994117647058825,22.5074168797954,20.97621483375959,75.95907928388746,67.44501278772378,71.41176470588235,197.3785166240409,3.713554987212276,1.5404092071611253
2017,9,872000,2.2133333333333334,872000,marechal thaumaturgo,AC,2.586283775382404,AC,0.144055944055944,985.3066433566432,985.852097902098,985.0587412587412,1249.805944055944,28.04125874125874,21.5486013986014,28.81153846153846,26.984265734265733,22.30874125874126,20.623776223776225,74.71678321678321,65.3881118881119,69.63636363636364,165.95104895104896,3.997202797202797,1.5472027972027973
2017,9,872001,3.1733333333333333,872001,porto walter,AC,3.086547319736231,AC,0.2651428571428571,988.2002857142857,988.6868571428572,987.8862857142856,1351.4205714285715,27.754285714285714,21.658857142857144,28.51142857142857,26.835714285714285,22.367714285714285,20.922,75.84857142857143,67.72857142857143,71.42285714285714,181.18571428571428,3.8711428571428574,1.4457142857142855
2017,9,967005,0.7899999999999999,967005,senador guiomard,AC,4.677865771572603,,,,,,,,,,,,,,,,,,
2017,9,968003,1.0,968003,sena madureira,AC,34.525303295594505,,,,,,,,,,,,,,,,,,
2017,9,968004,2.8466666666666667,968004,bujari,AC,7.629898078427353,,,,,,,,,,,,,,,,,,
2017,9,968005,2.3666666666666667,968005,sena madureira,AC,34.525303295594505,,,,,,,,,,,,,,,,,,
2017,9,969001,5.88,969001,sena madureira,AC,34.525303295594505,,,,,,,,,,,,,,,,,,
2017,9,972000,1.1066666666666667,972000,marechal thaumaturgo,AC,2.586283775382404,AC,0.144055944055944,985.3066433566432,985.852097902098,985.0587412587412,1249.805944055944,28.04125874125874,21.5486013986014,28.81153846153846,26.984265734265733,22.30874125874126,20.623776223776225,74.71678321678321,65.3881118881119,69.63636363636364,165.95104895104896,3.997202797202797,1.5472027972027973
2017,9,1067002,1.0066666666666666,1067002,placido de castro,AC,5.001292344986957,,,,,,,,,,,,,,,,,,
2017,9,1067003,1.43,1067003,capixaba,AC,11.572004169704652,,,,,,,,,,,,,,,,,,
2017,9,1068000,1.46,1068000,xapuri,AC,20.949002474237293,,,,,,,,,,,,,,,,,,
2017,9,1069000,0.5593333333333333,1069000,assis brasil,AC,6.391257472073655,,,,,,,,,,,,,,,,,,
2017,9,1168001,1.236,1168001,brasileia,AC,23.12660225474095,,,,,,,,,,,,,,,,,,
2017,9,8050000,0.75,8050000,macapa,AP,0.6472337989329755,AP,0.0882051282051282,1009.984358974359,1010.3302564102564,1009.7020512820512,1841.2794871794872,30.04820512820513,22.764102564102565,30.700512820512824,29.171025641025643,23.3774358974359,22.150512820512823,70.07435897435897,63.08461538461538,65.94358974358974,204.19230769230768,7.378974358974359,3.267692307692308
2017,9,8050001,0.0,8050001,macapa,AP,0.6472337989329755,AP,0.0882051282051282,1009.984358974359,1010.3302564102564,1009.7020512820512,1841.2794871794872,30.04820512820513,22.764102564102565,30.700512820512824,29.171025641025643,23.3774358974359,22.150512820512823,70.07435897435897,63.08461538461538,65.94358974358974,204.19230769230768,7.378974358974359,3.267692307692308
2017,9,8051010,0.9033333333333334,8051010,macapa,AP,0.6472337989329755,AP,0.0882051282051282,1009.984358974359,1010.3302564102564,1009.7020512820512,1841.2794871794872,30.04820512820513,22.764102564102565,30.700512820512824,29.171025641025643,23.3774358974359,22.150512820512823,70.07435897435897,63.08461538461538,65.94358974358974,204.19230769230768,7.378974358974359,3.267692307692308
2017,9,8051012,4.483333333333333,8051012,porto grande,AP,3.017601687076851,,,,,,,,,,,,,,,,,,
2017,9,8052000,4.4366666666666665,8052000,serra do navio,AP,0.0690549578700696,,,,,,,,,,,,,,,,,,
2017,9,8150000,1.896666666666667,8150000,tartarugalzinho,AP,2.408475222748452,,,,,,,,,,,,,,,,,,
2017,9,8150001,3.35,8150001,tartarugalzinho,AP,2.408475222748452,,,,,,,,,,,,,,,,,,
2017,9,8151000,0.23,8151000,tartarugalzinho,AP,2.408475222748452,,,,,,,,,,,,,,,,,,
2017,9,8250002,0.6466666666666666,8250002,calcoene,AP,3.020905023805434,,,,,,,,,,,,,,,,,,
2017,9,8250003,0.6333333333333333,8250003,amapa,AP,0.1599974001508371,,,,,,,,,,,,,,,,,,
2017,9,8251001,0.5533333333333333,8251001,calcoene,AP,3.020905023805434,,,,,,,,,,,,,,,,,,
2017,9,8251003,2.1933333333333334,8251003,calcoene,AP,3.020905023805434,,,,,,,,,,,,,,,,,,
2017,9,8251004,1.39,8251004,oiapoque,AP,1.560232722676853,AP,0.1122302158273381,1009.9812949640288,1010.326618705036,1009.7352517985612,1533.6388489208632,29.402158273381296,23.15251798561151,30.357553956834533,28.27841726618705,23.923741007194245,22.36978417266187,75.93525179856115,66.24460431654676,70.64028776978417,103.35971223021583,4.72158273381295,1.4424460431654675
2017,9,8351002,2.7733333333333334,8351002,oiapoque,AP,1.560232722676853,AP,0.1122302158273381,1009.9812949640288,1010.326618705036,1009.7352517985612,1533.6388489208632,29.402158273381296,23.15251798561151,30.357553956834533,28.27841726618705,23.923741007194245,22.36978417266187,75.93525179856115,66.24460431654676,70.64028776978417,103.35971223021583,4.72158273381295,1.4424460431654675
2017,10,51002,2.0161290322580645,51002,mazagao,AP,1.4867436988053868,,,,,,,,,,,,,,,,,,
2017,10,51004,0.7709677419354838,51004,mazagao,AP,1.4867436988053868,,,,,,,,,,,,,,,,,,
2017,10,52003,0.24193548387096775,52003,mazagao,AP,1.4867436988053868,,,,,,,,,,,,,,,,,,
2017,10,771001,4.770967741935484,771001,tarauaca,AC,14.858864997799667,,,,,,,,,,,,,,,,,,
2017,10,772003,4.95483870967742,772003,tarauaca,AC,14.858864997799667,,,,,,,,,,,,,,,,,,
2017,10,772004,7.035483870967742,772004,cruzeiro do sul,AC,9.4481945582538,AC,0.4702970297029702,986.3450495049506,986.8113861386138,986.0428217821782,1407.3371287128712,27.82549504950495,21.97821782178218,28.566336633663365,26.86782178217822,22.717821782178216,21.275495049504947,77.11633663366337,68.57178217821782,72.32920792079207,236.0,4.450990099009901,1.4225247524752476
2017,10,773000,2.5806451612903225,773000,cruzeiro do sul,AC,9.4481945582538,AC,0.4702970297029702,986.3450495049506,986.8113861386138,986.0428217821782,1407.3371287128712,27.82549504950495,21.97821782178218,28.566336633663365,26.86782178217822,22.717821782178216,21.275495049504947,77.11633663366337,68.57178217821782,72.32920792079207,236.0,4.450990099009901,1.4225247524752476
2017,10,869000,2.3322580645161293,869000,manoel urbano,AC,17.58290419523331,,,,,,,,,,,,,,,,,,
2017,10,870001,2.1516129032258067,870001,tarauaca,AC,14.858864997799667,,,,,,,,,,,,,,,,,,
2017,10,870002,3.1451612903225805,870002,feijo,AC,26.371369678431705,AC,0.2579207920792079,991.6982673267328,992.1831683168316,991.3972772277228,1536.2381188118811,28.19108910891089,22.21930693069307,29.00544554455446,27.15,22.93688118811881,21.45222772277228,76.61881188118812,68.08663366336634,71.96534653465346,219.6460396039604,4.403712871287128,1.797029702970297
2017,10,870003,4.645161290322581,870003,feijo,AC,26.371369678431705,AC,0.2579207920792079,991.6982673267328,992.1831683168316,991.3972772277228,1536.2381188118811,28.19108910891089,22.21930693069307,29.00544554455446,27.15,22.93688118811881,21.45222772277228,76.61881188118812,68.08663366336634,71.96534653465346,219.6460396039604,4.403712871287128,1.797029702970297
2017,10,872000,3.9419354838709673,872000,marechal thaumaturgo,AC,2.586283775382404,AC,0.08,983.605205479452,984.1161643835616,983.3545205479452,1284.797808219178,28.48630136986301,21.818082191780825,29.27260273972603,27.374246575342468,22.64739726027397,21.003835616438355,74.30958904109589,65.04383561643836,68.93698630136986,151.36986301369862,4.8432876712328765,1.9794520547945205
2017,10,872001,2.761290322580645,872001,porto walter,AC,3.086547319736231,AC,0.1894736842105263,986.502894736842,986.9565789473684,986.1934210526316,1443.712894736842,28.206052631578945,22.02236842105264,29.01763157894737,27.19315789473684,22.78157894736842,21.221315789473685,75.7,67.19736842105263,71.07368421052631,237.19473684210527,4.666842105263158,1.8602631578947368
2017,10,967005,6.048387096774194,967005,senador guiomard,AC,4.677865771572603,,,,,,,,,,,,,,,,,,
2017,10,968003,0.2903225806451613,968003,sena madureira,AC,34.525303295594505,,,,,,,,,,,,,,,,,,
2017,10,968004,4.6,968004,bujari,AC,7.629898078427353,,,,,,,,,,,,,,,,,,
2017,10,968005,3.838709677419355,968005,sena madureira,AC,34.525303295594505,,,,,,,,,,,,,,,,,,
2017,10,969001,4.925806451612904,969001,sena madureira,AC,34.525303295594505,,,,,,,,,,,,,,,,,,
2017,10,972000,1.4466666666666665,972000,marechal thaumaturgo,AC,2.586283775382404,AC,0.08,983.605205479452,984.1161643835616,983.3545205479452,1284.797808219178,28.48630136986301,21.818082191780825,29.27260273972603,27.374246575342468,22.64739726027397,21.003835616438355,74.30958904109589,65.04383561643836,68.93698630136986,151.36986301369862,4.8432876712328765,1.9794520547945205
2017,10,1067002,6.238709677419355,1067002,placido de castro,AC,5.001292344986957,,,,,,,,,,,,,,,,,,
2017,10,1067003,5.729032258064516,1067003,capixaba,AC,11.572004169704652,,,,,,,,,,,,,,,,,,
2017,10,1068000,4.016129032258065,1068000,xapuri,AC,20.949002474237293,,,,,,,,,,,,,,,,,,
2017,10,1069000,1.290967741935484,1069000,assis brasil,AC,6.391257472073655,,,,,,,,,,,,,,,,,,
2017,10,1168001,0.9419354838709677,1168001,brasileia,AC,23.12660225474095,,,,,,,,,,,,,,,,,,
2017,10,8050000,0.16129032258064516,8050000,macapa,AP,0.6472337989329755,AP,0.001,1008.77975,1009.114,1008.5065,1903.95375,30.427,22.30525,31.03625,29.58225,22.928,21.68725,66.805,60.09,62.7675,202.085,8.04375,3.6455
2017,10,8051010,1.3419354838709678,8051010,macapa,AP,0.6472337989329755,AP,0.001,1008.77975,1009.114,1008.5065,1903.95375,30.427,22.30525,31.03625,29.58225,22.928,21.68725,66.805,60.09,62.7675,202.085,8.04375,3.6455
2017,10,8051012,2.9387096774193546,8051012,porto grande,AP,3.017601687076851,,,,,,,,,,,,,,,,,,
2017,10,8052000,2.296774193548387,8052000,serra do navio,AP,0.0690549578700696,,,,,,,,,,,,,,,,,,
2017,10,8150000,0.7806451612903226,8150000,tartarugalzinho,AP,2.408475222748452,,,,,,,,,,,,,,,,,,
2017,10,8150001,0.4032258064516129,8150001,tartarugalzinho,AP,2.408475222748452,,,,,,,,,,,,,,,,,,
2017,10,8151000,0.5096774193548387,8151000,tartarugalzinho,AP,2.408475222748452,,,,,,,,,,,,,,,,,,
2017,10,8250002,0.24838709677419354,8250002,calcoene,AP,3.020905023805434,,,,,,,,,,,,,,,,,,
2017,10,8250003,0.40645161290322585,8250003,amapa,AP,0.1599974001508371,,,,,,,,,,,,,,,,,,
2017,10,8251001,0.06451612903225806,8251001,calcoene,AP,3.020905023805434,,,,,,,,,,,,,,,,,,
2017,10,8251003,1.1193548387096772,8251003,calcoene,AP,3.020905023805434,,,,,,,,,,,,,,,,,,
2017,10,8251004,0.3870967741935484,8251004,oiapoque,AP,1.560232722676853,AP,0.0407035175879397,1009.3402010050252,1009.677135678392,1009.0562814070352,1486.3575376884423,29.48844221105528,22.90753768844221,30.47261306532664,28.26582914572864,23.64849246231156,22.089195979899497,75.20854271356784,65.24371859296483,69.67587939698493,105.75628140703516,4.581658291457287,1.4407035175879397
2017,10,8351002,0.5096774193548387,8351002,oiapoque,AP,1.560232722676853,AP,0.0407035175879397,1009.3402010050252,1009.677135678392,1009.0562814070352,1486.3575376884423,29.48844221105528,22.90753768844221,30.47261306532664,28.26582914572864,23.64849246231156,22.089195979899497,75.20854271356784,65.24371859296483,69.67587939698493,105.75628140703516,4.581658291457287,1.4407035175879397
2017,11,51002,0.27999999999999997,51002,mazagao,AP,1.4867436988053868,,,,,,,,,,,,,,,,,,
2017,11,51004,0.7866666666666667,51004,mazagao,AP,1.4867436988053868,,,,,,,,,,,,,,,,,,
2017,11,52003,0.06666666666666667,52003,mazagao,AP,1.4867436988053868,,,,,,,,,,,,,,,,,,
2017,11,771001,9.319999999999999,771001,tarauaca,AC,14.858864997799667,,,,,,,,,,,,,,,,,,
2017,11,772003,9.143333333333334,772003,tarauaca,AC,14.858864997799667,,,,,,,,,,,,,,,,,,
2017,11,772004,7.036666666666666,772004,cruzeiro do sul,AC,9.4481945582538,AC,0.1850515463917525,984.7417525773196,985.2283505154638,984.4409793814432,1317.442525773196,27.679639175257734,22.73144329896907,28.47860824742268,26.734278350515464,23.44639175257732,22.00360824742268,80.5721649484536,71.68556701030928,75.85309278350516,236.0,4.101288659793815,1.2654639175257731
2017,11,773000,9.729999999999999,773000,cruzeiro do sul,AC,9.4481945582538,AC,0.1850515463917525,984.7417525773196,985.2283505154638,984.4409793814432,1317.442525773196,27.679639175257734,22.73144329896907,28.47860824742268,26.734278350515464,23.44639175257732,22.00360824742268,80.5721649484536,71.68556701030928,75.85309278350516,236.0,4.101288659793815,1.2654639175257731
2017,11,869000,10.853333333333333,869000,manoel urbano,AC,17.58290419523331,,,,,,,,,,,,,,,,,,
2017,11,870001,3.8333333333333335,870001,tarauaca,AC,14.858864997799667,,,,,,,,,,,,,,,,,,
2017,11,870002,8.29,870002,feijo,AC,26.371369678431705,AC,0.436734693877551,990.2385204081633,990.7410714285714,989.9229591836736,1364.6390306122448,27.458163265306123,22.929081632653062,28.216071428571432,26.583163265306123,23.56836734693877,22.302295918367346,81.88775510204081,73.68622448979592,77.53571428571429,216.8928571428572,4.327040816326531,1.85
2017,11,870003,5.253333333333333,870003,feijo,AC,26.371369678431705,AC,0.436734693877551,990.2385204081633,990.7410714285714,989.9229591836736,1364.6390306122448,27.458163265306123,22.929081632653062,28.216071428571432,26.583163265306123,23.56836734693877,22.302295918367346,81.88775510204081,73.68622448979592,77.53571428571429,216.8928571428572,4.327040816326531,1.85
2017,11,872000,8.806666666666667,872000,marechal thaumaturgo,AC,2.586283775382404,AC,0.4997167138810198,982.0614730878189,982.6033994334276,981.8067988668556,1234.615014164306,27.826628895184133,22.8056657223796,28.76345609065156,26.75835694050992,23.6371104815864,21.99830028328612,80.63739376770538,70.77053824362606,75.43626062322946,140.28045325779036,4.807648725212465,1.9640226628895183
2017,11,872001,9.21,872001,porto walter,AC,3.086547319736231,AC,0.3887755102040816,985.0474489795918,985.5397959183672,984.7380102040815,1349.1502551020408,27.59234693877552,22.874489795918365,28.39183673469388,26.64897959183673,23.6625,22.107908163265304,81.44132653061224,72.65051020408163,76.80102040816327,226.5994897959184,4.300255102040817,1.7119897959183674
2017,11,967005,10.3,967005,senador guiomard,AC,4.677865771572603,,,,,,,,,,,,,,,,,,
2017,11,968003,0.9333333333333333,968003,sena madureira,AC,34.525303295594505,,,,,,,,,,,,,,,,,,
2017,11,968004,3.6,968004,bujari,AC,7.629898078427353,,,,,,,,,,,,,,,,,,
2017,11,968005,6.293333333333334,968005,sena madureira,AC,34.525303295594505,,,,,,,,,,,,,,,,,,
2017,11,969001,8.9625,969001,sena madureira,AC,34.525303295594505,,,,,,,,,,,,,,,,,,
2017,11,972000,16.016666666666666,972000,marechal thaumaturgo,AC,2.586283775382404,AC,0.4997167138810198,982.0614730878189,982.6033994334276,981.8067988668556,1234.615014164306,27.826628895184133,22.8056657223796,28.76345609065156,26.75835694050992,23.6371104815864,21.99830028328612,80.63739376770538,70.77053824362606,75.43626062322946,140.28045325779036,4.807648725212465,1.9640226628895183
2017,11,1067002,5.77,1067002,placido de castro,AC,5.001292344986957,,,,,,,,,,,,,,,,,,
2017,11,1067003,7.686666666666667,1067003,capixaba,AC,11.572004169704652,,,,,,,,,,,,,,,,,,
2017,11,1068000,1.6566666666666665,1068000,xapuri,AC,20.949002474237293,,,,,,,,,,,,,,,,,,
2017,11,1069000,3.756666666666667,1069000,assis brasil,AC,6.391257472073655,,,,,,,,,,,,,,,,,,
2017,11,1168001,1.5566666666666669,1168001,brasileia,AC,23.12660225474095,,,,,,,,,,,,,,,,,,
2017,11,8050000,0.24333333333333335,8050000,macapa,AP,0.6472337989329755,AP,0.0,1007.895618556701,1008.2301546391752,1007.6407216494844,1836.919587628866,30.39664948453608,22.170360824742268,30.98556701030928,29.53144329896908,22.762113402061857,21.523711340206187,66.44329896907216,59.71907216494845,62.402061855670105,203.6701030927835,7.599484536082474,3.4605670103092785
2017,11,8051010,1.4833333333333334,8051010,macapa,AP,0.6472337989329755,AP,0.0,1007.895618556701,1008.2301546391752,1007.6407216494844,1836.919587628866,30.39664948453608,22.170360824742268,30.98556701030928,29.53144329896908,22.762113402061857,21.523711340206187,66.44329896907216,59.71907216494845,62.402061855670105,203.6701030927835,7.599484536082474,3.4605670103092785
2017,11,8051012,1.3966666666666667,8051012,porto grande,AP,3.017601687076851,,,,,,,,,,,,,,,,,,
2017,11,8052000,2.8266666666666667,8052000,serra do navio,AP,0.0690549578700696,,,,,,,,,,,,,,,,,,
2017,11,8150000,0.28,8150000,tartarugalzinho,AP,2.408475222748452,,,,,,,,,,,,,,,,,,
2017,11,8150001,0.0,8150001,tartarugalzinho,AP,2.408475222748452,,,,,,,,,,,,,,,,,,
2017,11,8151000,0.3333333333333333,8151000,tartarugalzinho,AP,2.408475222748452,,,,,,,,,,,,,,,,,,
2017,11,8250002,1.5933333333333333,8250002,calcoene,AP,3.020905023805434,,,,,,,,,,,,,,,,,,
2017,11,8250003,0.41333333333333333,8250003,amapa,AP,0.1599974001508371,,,,,,,,,,,,,,,,,,
2017,11,8251001,1.0115384615384615,8251001,calcoene,AP,3.020905023805434,,,,,,,,,,,,,,,,,,
2017,11,8251003,1.2433333333333332,8251003,calcoene,AP,3.020905023805434,,,,,,,,,,,,,,,,,,
2017,11,8251004,1.3900000000000001,8251004,oiapoque,AP,1.560232722676853,AP,0.2244131455399061,1008.3530516431924,1008.7408450704224,1008.1399061032864,1638.282159624413,29.41830985915493,23.47511737089202,30.32347417840376,28.10704225352113,24.40469483568075,22.593896713615024,78.69953051643192,67.33802816901408,71.93896713615024,100.66666666666669,4.481220657276995,1.4070422535211269
2017,11,8351002,5.260000000000001,8351002,oiapoque,AP,1.560232722676853,AP,0.2244131455399061,1008.3530516431924,1008.7408450704224,1008.1399061032864,1638.282159624413,29.41830985915493,23.47511737089202,30.32347417840376,28.10704225352113,24.40469483568075,22.593896713615024,78.69953051643192,67.33802816901408,71.93896713615024,100.66666666666669,4.481220657276995,1.4070422535211269
2017,12,51002,1.2419354838709677,51002,mazagao,AP,1.4867436988053868,,,,,,,,,,,,,,,,,,
2017,12,51004,3.9161290322580644,51004,mazagao,AP,1.4867436988053868,,,,,,,,,,,,,,,,,,
2017,12,52003,1.096774193548387,52003,mazagao,AP,1.4867436988053868,,,,,,,,,,,,,,,,,,
2017,12,771001,11.616129032258065,771001,tarauaca,AC,14.858864997799667,,,,,,,,,,,,,,,,,,
2017,12,772003,4.909677419354838,772003,tarauaca,AC,14.858864997799667,,,,,,,,,,,,,,,,,,
2017,12,772004,5.506451612903225,772004,cruzeiro do sul,AC,9.4481945582538,AC,0.3826732673267327,985.4341584158416,985.869801980198,985.138613861386,1225.3537128712871,27.204950495049506,22.5420792079208,27.997277227722773,26.279950495049505,23.24133663366337,21.871039603960394,81.47029702970298,73.11138613861387,77.03217821782178,236.0,4.614356435643565,1.4378712871287127
2017,12,773000,7.52258064516129,773000,cruzeiro do sul,AC,9.4481945582538,AC,0.3826732673267327,985.4341584158416,985.869801980198,985.138613861386,1225.3537128712871,27.204950495049506,22.5420792079208,27.997277227722773,26.279950495049505,23.24133663366337,21.871039603960394,81.47029702970298,73.11138613861387,77.03217821782178,236.0,4.614356435643565,1.4378712871287127
2017,12,869000,10.432258064516128,869000,manoel urbano,AC,17.58290419523331,,,,,,,,,,,,,,,,,,
2017,12,870001,2.896774193548387,870001,tarauaca,AC,14.858864997799667,,,,,,,,,,,,,,,,,,
2017,12,870002,8.883870967741935,870002,feijo,AC,26.371369678431705,AC,0.5054187192118227,990.9100985221676,991.3564039408868,990.6307881773398,1276.502709359606,26.92290640394089,22.905418719211823,27.62216748768473,26.100985221674875,23.51477832512316,22.27142857142857,83.58128078817734,76.03694581280789,79.65024630541872,228.38669950738915,4.44384236453202,1.8864532019704432
2017,12,870003,1.4806451612903226,870003,feijo,AC,26.371369678431705,AC,0.5054187192118227,990.9100985221676,991.3564039408868,990.6307881773398,1276.502709359606,26.92290640394089,22.905418719211823,27.62216748768473,26.100985221674875,23.51477832512316,22.27142857142857,83.58128078817734,76.03694581280789,79.65024630541872,228.38669950738915,4.44384236453202,1.8864532019704432
2017,12,872000,3.446451612903226,872000,marechal thaumaturgo,AC,2.586283775382404,AC,0.2352112676056338,982.669248826291,983.0917840375588,982.39882629108,1728.044600938967,26.530046948356805,22.539671361502347,27.30352112676056,25.68943661971831,23.235915492957748,21.932159624413146,84.09389671361502,76.57276995305165,80.13849765258216,116.7511737089202,4.576056338028169,1.8497652582159625
2017,12,872001,9.019354838709678,872001,porto walter,AC,3.086547319736231,AC,0.2525798525798525,985.6722358722358,986.1149877149876,985.3825552825554,1319.985257985258,27.361425061425063,22.606633906633903,28.12579852579853,26.488943488943487,23.29238329238329,21.95331695331696,80.82063882063882,72.83046683046683,76.52334152334153,247.94103194103195,4.871498771498771,2.058722358722359
2017,12,967005,7.903225806451613,967005,senador guiomard,AC,4.677865771572603,,,,,,,,,,,,,,,,,,
2017,12,968003,2.8161290322580643,968003,sena madureira,AC,34.525303295594505,,,,,,,,,,,,,,,,,,
2017,12,968004,9.03225806451613,968004,bujari,AC,7.629898078427353,,,,,,,,,,,,,,,,,,
2017,12,968005,13.719354838709679,968005,sena madureira,AC,34.525303295594505,,,,,,,,,,,,,,,,,,
2017,12,969001,6.819354838709677,969001,sena madureira,AC,34.525303295594505,,,,,,,,,,,,,,,,,,
2017,12,972000,8.1,972000,marechal thaumaturgo,AC,2.586283775382404,AC,0.2352112676056338,982.669248826291,983.0917840375588,982.39882629108,1728.044600938967,26.530046948356805,22.539671361502347,27.30352112676056,25.68943661971831,23.235915492957748,21.932159624413146,84.09389671361502,76.57276995305165,80.13849765258216,116.7511737089202,4.576056338028169,1.8497652582159625
2017,12,1067002,8.829032258064515,1067002,placido de castro,AC,5.001292344986957,,,,,,,,,,,,,,,,,,
2017,12,1067003,4.84516129032258,1067003,capixaba,AC,11.572004169704652,,,,,,,,,,,,,,,,,,
2017,12,1068000,6.935483870967742,1068000,xapuri,AC,20.949002474237293,,,,,,,,,,,,,,,,,,
2017,12,1069000,8.074193548387097,1069000,assis brasil,AC,6.391257472073655,,,,,,,,,,,,,,,,,,
2017,12,1168001,1.8516129032258064,1168001,brasileia,AC,23.12660225474095,,,,,,,,,,,,,,,,,,
2017,12,8050000,4.570967741935483,8050000,macapa,AP,0.6472337989329755,AP,0.2224938875305623,1008.5242053789732,1008.8581907090464,1008.2488997555012,1438.5146699266504,28.612224938875304,22.712958435207824,29.20440097799511,27.84523227383864,23.26454767726161,22.11907090464548,75.32762836185819,68.78973105134475,71.65036674816626,191.2836185819071,6.719804400977996,2.7750611246943766
2017,12,8050001,8.24516129032258,8050001,macapa,AP,0.6472337989329755,AP,0.2224938875305623,1008.5242053789732,1008.8581907090464,1008.2488997555012,1438.5146699266504,28.612224938875304,22.712958435207824,29.20440097799511,27.84523227383864,23.26454767726161,22.11907090464548,75.32762836185819,68.78973105134475,71.65036674816626,191.2836185819071,6.719804400977996,2.7750611246943766
2017,12,8051010,7.45483870967742,8051010,macapa,AP,0.6472337989329755,AP,0.2224938875305623,1008.5242053789732,1008.8581907090464,1008.2488997555012,1438.5146699266504,28.612224938875304,22.712958435207824,29.20440097799511,27.84523227383864,23.26454767726161,22.11907090464548,75.32762836185819,68.78973105134475,71.65036674816626,191.2836185819071,6.719804400977996,2.7750611246943766
2017,12,8051012,7.051612903225807,8051012,porto grande,AP,3.017601687076851,,,,,,,,,,,,,,,,,,
2017,12,8052000,5.725806451612903,8052000,serra do navio,AP,0.0690549578700696,,,,,,,,,,,,,,,,,,
2017,12,8150000,7.3966666666666665,8150000,tartarugalzinho,AP,2.408475222748452,,,,,,,,,,,,,,,,,,
2017,12,8150001,8.125806451612904,8150001,tartarugalzinho,AP,2.408475222748452,,,,,,,,,,,,,,,,,,
2017,12,8151000,11.158064516129032,8151000,tartarugalzinho,AP,2.408475222748452,,,,,,,,,,,,,,,,,,
2017,12,8250002,16.648387096774194,8250002,calcoene,AP,3.020905023805434,,,,,,,,,,,,,,,,,,
2017,12,8250003,12.293548387096775,8250003,amapa,AP,0.1599974001508371,,,,,,,,,,,,,,,,,,
2017,12,8251001,5.846428571428571,8251001,calcoene,AP,3.020905023805434,,,,,,,,,,,,,,,,,,
2017,12,8251003,7.390322580645161,8251003,calcoene,AP,3.020905023805434,,,,,,,,,,,,,,,,,,
2017,12,8251004,11.425806451612903,8251004,oiapoque,AP,1.560232722676853,,,,,,,,,,,,,,,,,,
2017,12,8351002,12.316129032258065,8351002,oiapoque,AP,1.560232722676853,,,,,,,,,,,,,,,,,,
2018,1,51002,12.586666666666668,51002,mazagao,AP,4.602242792825168,,,,,,,,,,,,,,,,,,
2018,1,51004,8.990322580645161,51004,mazagao,AP,4.602242792825168,,,,,,,,,,,,,,,,,,
2018,1,52003,5.974193548387096,52003,mazagao,AP,4.602242792825168,,,,,,,,,,,,,,,,,,
2018,1,771001,6.461290322580645,771001,tarauaca,AC,40.19063421563886,,,,,,,,,,,,,,,,,,
2018,1,772003,4.870967741935484,772003,tarauaca,AC,40.19063421563886,,,,,,,,,,,,,,,,,,
2018,1,772004,7.41,772004,cruzeiro do sul,AC,18.062036827141625,AC,0.3723653395784543,986.0700234192038,986.522950819672,985.7285714285714,1250.4674473067914,26.70304449648712,22.297423887587826,27.569320843091337,25.72037470725996,23.004449648711944,21.58337236533957,82.64637002341921,73.58782201405153,77.93208430913349,236.0,4.435831381733021,1.3379391100702576
2018,1,773000,7.909677419354838,773000,cruzeiro do sul,AC,18.062036827141625,AC,0.3723653395784543,986.0700234192038,986.522950819672,985.7285714285714,1250.4674473067914,26.70304449648712,22.297423887587826,27.569320843091337,25.72037470725996,23.004449648711944,21.58337236533957,82.64637002341921,73.58782201405153,77.93208430913349,236.0,4.435831381733021,1.3379391100702576
2018,1,773002,6.935714285714285,773002,cruzeiro do sul,AC,18.062036827141625,AC,0.3723653395784543,986.0700234192038,986.522950819672,985.7285714285714,1250.4674473067914,26.70304449648712,22.297423887587826,27.569320843091337,25.72037470725996,23.004449648711944,21.58337236533957,82.64637002341921,73.58782201405153,77.93208430913349,236.0,4.435831381733021,1.3379391100702576
2018,1,869000,7.341935483870968,869000,manoel urbano,AC,46.455581102413774,,,,,,,,,,,,,,,,,,
2018,1,870001,1.8741935483870968,870001,tarauaca,AC,40.19063421563886,,,,,,,,,,,,,,,,,,
2018,1,870002,6.435483870967742,870002,feijo,AC,72.24470304252232,AC,0.4169902912621359,991.6266990291264,992.1092233009708,991.296844660194,1365.8065533980584,26.684466019417474,22.52645631067961,27.387135922330096,25.87961165048544,23.13131067961165,21.91868932038835,82.79368932038835,75.76456310679612,79.0995145631068,217.82766990291265,4.560436893203884,1.9492718446601944
2018,1,870003,3.070967741935484,870003,feijo,AC,72.24470304252232,AC,0.4169902912621359,991.6266990291264,992.1092233009708,991.296844660194,1365.8065533980584,26.684466019417474,22.52645631067961,27.387135922330096,25.87961165048544,23.13131067961165,21.91868932038835,82.79368932038835,75.76456310679612,79.0995145631068,217.82766990291265,4.560436893203884,1.9492718446601944
2018,1,872000,6.620645161290323,872000,marechal thaumaturgo,AC,4.07282050876412,AC,0.3391304347826087,983.8293913043478,984.1951304347824,983.5003478260868,2467.9718260869568,25.06469565217392,22.103652173913044,25.68521739130435,24.47652173913044,22.608521739130435,21.614434782608694,87.65913043478261,81.9895652173913,84.8904347826087,140.26956521739132,3.695130434782608,1.4556521739130437
2018,1,872001,5.835483870967742,872001,porto walter,AC,4.735784409783207,AC,0.2429594272076372,986.3033412887828,986.746062052506,985.9603818615752,1249.2508353221956,26.46658711217184,22.2673031026253,27.20954653937948,25.658233890214795,22.872315035799524,21.66276849642005,82.88782816229117,74.94510739856801,78.76849642004774,239.8663484486873,4.624821002386635,1.881622911694511
2018,1,967005,8.280645161290321,967005,senador guiomard,AC,8.16611657189068,,,,,,,,,,,,,,,,,,
2018,1,968003,1.2258064516129032,968003,sena madureira,AC,48.27682853347364,,,,,,,,,,,,,,,,,,
2018,1,968004,4.906451612903226,968004,bujari,AC,13.71239318846393,,,,,,,,,,,,,,,,,,
2018,1,968005,4.838709677419355,968005,sena madureira,AC,48.27682853347364,,,,,,,,,,,,,,,,,,
2018,1,969001,9.438709677419356,969001,sena madureira,AC,48.27682853347364,,,,,,,,,,,,,,,,,,
2018,1,972000,4.716129032258064,972000,marechal thaumaturgo,AC,4.07282050876412,AC,0.3391304347826087,983.8293913043478,984.1951304347824,983.5003478260868,2467.9718260869568,25.06469565217392,22.103652173913044,25.68521739130435,24.47652173913044,22.608521739130435,21.614434782608694,87.65913043478261,81.9895652173913,84.8904347826087,140.26956521739132,3.695130434782608,1.4556521739130437
2018,1,1067002,9.680645161290323,1067002,placido de castro,AC,11.86195666687409,,,,,,,,,,,,,,,,,,
2018,1,1067003,5.406451612903226,1067003,capixaba,AC,10.267229399554848,,,,,,,,,,,,,,,,,,
2018,1,1068000,10.561290322580644,1068000,xapuri,AC,22.19053435460436,,,,,,,,,,,,,,,,,,
2018,1,1069000,7.554838709677419,1069000,assis brasil,AC,7.925865348224261,,,,,,,,,,,,,,,,,,
2018,1,1168001,2.3,1168001,brasileia,AC,21.08713642546238,,,,,,,,,,,,,,,,,,
2018,1,8050000,7.877419354838709,8050000,macapa,AP,4.015322301644423,AP,0.2078817733990147,1009.08078817734,1009.4418719211824,1008.79039408867,1446.997290640394,27.6896551724138,22.70541871921182,28.211822660098523,26.94950738916256,23.30788177339901,22.09778325123153,79.0320197044335,72.56403940886699,75.33743842364532,184.7660098522168,6.1300492610837445,2.4330049261083744
2018,1,8050001,20.809677419354838,8050001,macapa,AP,4.015322301644423,AP,0.2078817733990147,1009.08078817734,1009.4418719211824,1008.79039408867,1446.997290640394,27.6896551724138,22.70541871921182,28.211822660098523,26.94950738916256,23.30788177339901,22.09778325123153,79.0320197044335,72.56403940886699,75.33743842364532,184.7660098522168,6.1300492610837445,2.4330049261083744
2018,1,8051010,10.161290322580646,8051010,macapa,AP,4.015322301644423,AP,0.2078817733990147,1009.08078817734,1009.4418719211824,1008.79039408867,1446.997290640394,27.6896551724138,22.70541871921182,28.211822660098523,26.94950738916256,23.30788177339901,22.09778325123153,79.0320197044335,72.56403940886699,75.33743842364532,184.7660098522168,6.1300492610837445,2.4330049261083744
2018,1,8051012,7.374193548387097,8051012,porto grande,AP,1.070481740343184,,,,,,,,,,,,,,,,,,
2018,1,8052000,6.490322580645161,8052000,serra do navio,AP,0.178057759518561,,,,,,,,,,,,,,,,,,
2018,1,8150000,12.706666666666667,8150000,tartarugalzinho,AP,1.686829592460508,,,,,,,,,,,,,,,,,,
2018,1,8150001,30.648387096774194,8150001,tartarugalzinho,AP,1.686829592460508,,,,,,,,,,,,,,,,,,
2018,1,8151000,10.496774193548386,8151000,tartarugalzinho,AP,1.686829592460508,,,,,,,,,,,,,,,,,,
2018,1,8250002,16.42258064516129,8250002,calcoene,AP,1.9713959662449976,,,,,,,,,,,,,,,,,,
2018,1,8250003,24.51290322580645,8250003,amapa,AP,0.0,,,,,,,,,,,,,,,,,,
2018,1,8251001,11.006451612903225,8251001,calcoene,AP,1.9713959662449976,,,,,,,,,,,,,,,,,,
2018,1,8251003,11.783870967741937,8251003,calcoene,AP,1.9713959662449976,,,,,,,,,,,,,,,,,,
2018,1,8251004,16.183870967741935,8251004,oiapoque,AP,2.3776931129398813,,,,,,,,,,,,,,,,,,
2018,1,8351002,13.187096774193549,8351002,oiapoque,AP,2.3776931129398813,,,,,,,,,,,,,,,,,,
2018,2,51002,12.618518518518519,51002,mazagao,AP,4.602242792825168,,,,,,,,,,,,,,,,,,
2018,2,51004,9.057142857142857,51004,mazagao,AP,4.602242792825168,,,,,,,,,,,,,,,,,,
2018,2,52003,7.571428571428571,52003,mazagao,AP,4.602242792825168,,,,,,,,,,,,,,,,,,
2018,2,771001,7.335714285714286,771001,tarauaca,AC,40.19063421563886,,,,,,,,,,,,,,,,,,
2018,2,772003,10.364285714285714,772003,tarauaca,AC,40.19063421563886,,,,,,,,,,,,,,,,,,
2018,2,772004,6.675,772004,cruzeiro do sul,AC,18.062036827141625,AC,0.1586776859504132,985.714876033058,986.1504132231404,985.4217630853992,1119.279614325069,27.182093663911846,22.610468319559228,27.87465564738292,26.329752066115702,23.2931129476584,21.95151515151515,81.48760330578513,73.75757575757575,77.31129476584022,236.0,4.228650137741047,1.3305785123966942
2018,2,773000,17.057142857142857,773000,cruzeiro do sul,AC,18.062036827141625,AC,0.1586776859504132,985.714876033058,986.1504132231404,985.4217630853992,1119.279614325069,27.182093663911846,22.610468319559228,27.87465564738292,26.329752066115702,23.2931129476584,21.95151515151515,81.48760330578513,73.75757575757575,77.31129476584022,236.0,4.228650137741047,1.3305785123966942
2018,2,773002,3.964,773002,cruzeiro do sul,AC,18.062036827141625,AC,0.1586776859504132,985.714876033058,986.1504132231404,985.4217630853992,1119.279614325069,27.182093663911846,22.610468319559228,27.87465564738292,26.329752066115702,23.2931129476584,21.95151515151515,81.48760330578513,73.75757575757575,77.31129476584022,236.0,4.228650137741047,1.3305785123966942
2018,2,869000,12.389285714285714,869000,manoel urbano,AC,46.455581102413774,,,,,,,,,,,,,,,,,,
2018,2,870001,2.7464285714285714,870001,tarauaca,AC,40.19063421563886,,,,,,,,,,,,,,,,,,
2018,2,870002,5.010714285714286,870002,feijo,AC,72.24470304252232,AC,0.3574931880108991,991.5269754768392,991.96757493188,991.224523160763,1129.1931880108991,26.682288828337875,22.892915531335152,27.29427792915532,25.968937329700275,23.442779291553133,22.384196185286104,83.92098092643052,77.98637602179836,80.73569482288828,205.28882833787463,4.030245231607629,1.7956403269754768
2018,2,870003,2.0777777777777775,870003,feijo,AC,72.24470304252232,AC,0.3574931880108991,991.5269754768392,991.96757493188,991.224523160763,1129.1931880108991,26.682288828337875,22.892915531335152,27.29427792915532,25.968937329700275,23.442779291553133,22.384196185286104,83.92098092643052,77.98637602179836,80.73569482288828,205.28882833787463,4.030245231607629,1.7956403269754768
2018,2,872000,4.355714285714286,872000,marechal thaumaturgo,AC,4.07282050876412,,,,,,,,,,,,,,,,,,
2018,2,872001,6.803571428571429,872001,porto walter,AC,4.735784409783207,AC,0.3798365122615804,986.065395095368,986.4989100817438,985.758310626703,1187.441144414169,26.960762942779294,22.71307901907357,27.62942779291553,26.17765667574932,23.31198910081744,22.090190735694826,82.50136239782016,75.15258855585832,78.65667574931881,211.58855585831063,4.241144414168938,1.7588555858310626
2018,2,967005,12.696428571428571,967005,senador guiomard,AC,8.16611657189068,,,,,,,,,,,,,,,,,,
2018,2,968003,1.8142857142857143,968003,sena madureira,AC,48.27682853347364,,,,,,,,,,,,,,,,,,
2018,2,968004,12.164285714285715,968004,bujari,AC,13.71239318846393,,,,,,,,,,,,,,,,,,
2018,2,968005,20.310714285714287,968005,sena madureira,AC,48.27682853347364,,,,,,,,,,,,,,,,,,
2018,2,969001,9.75,969001,sena madureira,AC,48.27682853347364,,,,,,,,,,,,,,,,,,
2018,2,972000,7.167857142857143,972000,marechal thaumaturgo,AC,4.07282050876412,,,,,,,,,,,,,,,,,,
2018,2,1067003,5.807142857142857,1067003,capixaba,AC,10.267229399554848,,,,,,,,,,,,,,,,,,
2018,2,1068000,7.007142857142857,1068000,xapuri,AC,22.19053435460436,,,,,,,,,,,,,,,,,,
2018,2,1069000,8.089285714285714,1069000,assis brasil,AC,7.925865348224261,,,,,,,,,,,,,,,,,,
2018,2,1168001,2.8642857142857143,1168001,brasileia,AC,21.08713642546238,,,,,,,,,,,,,,,,,,
2018,2,8050000,6.735714285714286,8050000,macapa,AP,4.015322301644423,AP,0.553763440860215,1009.4389784946236,1009.7811827956988,1009.1440860215054,1109.1725806451614,26.506451612903223,22.705913978494625,27.05672043010753,25.861021505376343,23.216129032258063,22.20537634408602,83.7258064516129,77.93279569892474,80.63172043010752,161.13978494623657,5.338172043010752,1.8876344086021504
2018,2,8050001,25.685714285714287,8050001,macapa,AP,4.015322301644423,AP,0.553763440860215,1009.4389784946236,1009.7811827956988,1009.1440860215054,1109.1725806451614,26.506451612903223,22.705913978494625,27.05672043010753,25.861021505376343,23.216129032258063,22.20537634408602,83.7258064516129,77.93279569892474,80.63172043010752,161.13978494623657,5.338172043010752,1.8876344086021504
2018,2,8051010,17.482142857142858,8051010,macapa,AP,4.015322301644423,AP,0.553763440860215,1009.4389784946236,1009.7811827956988,1009.1440860215054,1109.1725806451614,26.506451612903223,22.705913978494625,27.05672043010753,25.861021505376343,23.216129032258063,22.20537634408602,83.7258064516129,77.93279569892474,80.63172043010752,161.13978494623657,5.338172043010752,1.8876344086021504
2018,2,8051012,8.575,8051012,porto grande,AP,1.070481740343184,,,,,,,,,,,,,,,,,,
2018,2,8052000,7.8,8052000,serra do navio,AP,0.178057759518561,,,,,,,,,,,,,,,,,,
2018,2,8150000,17.75357142857143,8150000,tartarugalzinho,AP,1.686829592460508,,,,,,,,,,,,,,,,,,
2018,2,8150001,39.096428571428575,8150001,tartarugalzinho,AP,1.686829592460508,,,,,,,,,,,,,,,,,,
2018,2,8151000,11.820833333333333,8151000,tartarugalzinho,AP,1.686829592460508,,,,,,,,,,,,,,,,,,
2018,2,8250002,26.317857142857143,8250002,calcoene,AP,1.9713959662449976,,,,,,,,,,,,,,,,,,
2018,2,8250003,18.09285714285714,8250003,amapa,AP,0.0,,,,,,,,,,,,,,,,,,
2018,2,8251001,15.74642857142857,8251001,calcoene,AP,1.9713959662449976,,,,,,,,,,,,,,,,,,
2018,2,8251003,13.964285714285714,8251003,calcoene,AP,1.9713959662449976,,,,,,,,,,,,,,,,,,
2018,2,8251004,21.232142857142858,8251004,oiapoque,AP,2.3776931129398813,,,,,,,,,,,,,,,,,,
2018,2,8351002,19.37857142857143,8351002,oiapoque,AP,2.3776931129398813,,,,,,,,,,,,,,,,,,
2018,3,51002,10.92,51002,mazagao,AP,4.602242792825168,,,,,,,,,,,,,,,,,,
2018,3,51004,19.541935483870965,51004,mazagao,AP,4.602242792825168,,,,,,,,,,,,,,,,,,
2018,3,52003,9.219354838709679,52003,mazagao,AP,4.602242792825168,,,,,,,,,,,,,,,,,,
2018,3,771001,11.399999999999999,771001,tarauaca,AC,40.19063421563886,,,,,,,,,,,,,,,,,,
2018,3,772003,10.73225806451613,772003,tarauaca,AC,40.19063421563886,,,,,,,,,,,,,,,,,,
2018,3,772004,6.629032258064516,772004,cruzeiro do sul,AC,18.062036827141625,AC,0.4791666666666667,986.2494791666668,986.7640625,985.9244791666666,1234.5546875,27.06640625,22.773697916666663,27.87786458333333,26.1171875,23.51484375,22.05625,83.22135416666667,74.43229166666667,78.61458333333333,236.0,4.102604166666667,1.2622395833333333
2018,3,773000,7.916129032258064,773000,cruzeiro do sul,AC,18.062036827141625,AC,0.4791666666666667,986.2494791666668,986.7640625,985.9244791666666,1234.5546875,27.06640625,22.773697916666663,27.87786458333333,26.1171875,23.51484375,22.05625,83.22135416666667,74.43229166666667,78.61458333333333,236.0,4.102604166666667,1.2622395833333333
2018,3,773002,4.896551724137931,773002,cruzeiro do sul,AC,18.062036827141625,AC,0.4791666666666667,986.2494791666668,986.7640625,985.9244791666666,1234.5546875,27.06640625,22.773697916666663,27.87786458333333,26.1171875,23.51484375,22.05625,83.22135416666667,74.43229166666667,78.61458333333333,236.0,4.102604166666667,1.2622395833333333
2018,3,869000,4.364516129032259,869000,manoel urbano,AC,46.455581102413774,,,,,,,,,,,,,,,,,,
2018,3,870001,1.506451612903226,870001,tarauaca,AC,40.19063421563886,,,,,,,,,,,,,,,,,,
2018,3,870002,6.129032258064516,870002,feijo,AC,72.24470304252232,AC,0.3182044887780548,991.7800498753116,992.2753117206984,991.464837905237,1290.7815461346634,26.964588528678306,22.786034912718208,27.665336658354114,26.10997506234414,23.373815461346634,22.1925187032419,82.81047381546135,76.01995012468828,79.09476309226933,209.39152119700748,4.165586034912718,1.7356608478802993
2018,3,870003,7.819354838709677,870003,feijo,AC,72.24470304252232,AC,0.3182044887780548,991.7800498753116,992.2753117206984,991.464837905237,1290.7815461346634,26.964588528678306,22.786034912718208,27.665336658354114,26.10997506234414,23.373815461346634,22.1925187032419,82.81047381546135,76.01995012468828,79.09476309226933,209.39152119700748,4.165586034912718,1.7356608478802993
2018,3,872000,7.078387096774192,872000,marechal thaumaturgo,AC,4.07282050876412,,,,,,,,,,,,,,,,,,
2018,3,872001,7.206451612903226,872001,porto walter,AC,4.735784409783207,AC,0.2796875,986.5802083333332,987.0861979166666,986.2666666666668,1339.5252604166667,27.124479166666664,22.73723958333333,27.904947916666668,26.191666666666663,23.446875,22.03125,82.5703125,74.18489583333333,78.16145833333333,204.21875,4.187760416666666,1.6955729166666669
2018,3,967005,7.574193548387097,967005,senador guiomard,AC,8.16611657189068,,,,,,,,,,,,,,,,,,
2018,3,968003,2.032258064516129,968003,sena madureira,AC,48.27682853347364,,,,,,,,,,,,,,,,,,
2018,3,968004,5.490322580645161,968004,bujari,AC,13.71239318846393,,,,,,,,,,,,,,,,,,
2018,3,968005,3.47741935483871,968005,sena madureira,AC,48.27682853347364,,,,,,,,,,,,,,,,,,
2018,3,969001,4.809677419354839,969001,sena madureira,AC,48.27682853347364,,,,,,,,,,,,,,,,,,
2018,3,972000,8.472903225806451,972000,marechal thaumaturgo,AC,4.07282050876412,,,,,,,,,,,,,,,,,,
2018,3,1067002,4.15483870967742,1067002,placido de castro,AC,11.86195666687409,,,,,,,,,,,,,,,,,,
2018,3,1067003,2.6193548387096777,1067003,capixaba,AC,10.267229399554848,,,,,,,,,,,,,,,,,,
2018,3,1068000,8.061290322580644,1068000,xapuri,AC,22.19053435460436,,,,,,,,,,,,,,,,,,
2018,3,1069000,4.819354838709677,1069000,assis brasil,AC,7.925865348224261,,,,,,,,,,,,,,,,,,
2018,3,1168001,2.070967741935484,1168001,brasileia,AC,21.08713642546238,,,,,,,,,,,,,,,,,,
2018,3,8050000,8.69032258064516,8050000,macapa,AP,4.015322301644423,AP,0.4997542997542997,1009.2019656019656,1009.57199017199,1008.9044226044224,1227.210565110565,27.31842751842752,23.1985257985258,27.87911547911548,26.61916461916461,23.786732186732188,22.68968058968059,82.72481572481573,76.43243243243244,79.17199017199017,179.995085995086,5.936117936117936,2.216216216216216
2018,3,8050001,13.461290322580645,8050001,macapa,AP,4.015322301644423,AP,0.4997542997542997,1009.2019656019656,1009.57199017199,1008.9044226044224,1227.210565110565,27.31842751842752,23.1985257985258,27.87911547911548,26.61916461916461,23.786732186732188,22.68968058968059,82.72481572481573,76.43243243243244,79.17199017199017,179.995085995086,5.936117936117936,2.216216216216216
2018,3,8051010,19.60967741935484,8051010,macapa,AP,4.015322301644423,AP,0.4997542997542997,1009.2019656019656,1009.57199017199,1008.9044226044224,1227.210565110565,27.31842751842752,23.1985257985258,27.87911547911548,26.61916461916461,23.786732186732188,22.68968058968059,82.72481572481573,76.43243243243244,79.17199017199017,179.995085995086,5.936117936117936,2.216216216216216
2018,3,8051012,5.912903225806452,8051012,porto grande,AP,1.070481740343184,,,,,,,,,,,,,,,,,,
2018,3,8052000,12.35483870967742,8052000,serra do navio,AP,0.178057759518561,,,,,,,,,,,,,,,,,,
2018,3,8150000,13.432258064516128,8150000,tartarugalzinho,AP,1.686829592460508,,,,,,,,,,,,,,,,,,
2018,3,8150001,30.66774193548387,8150001,tartarugalzinho,AP,1.686829592460508,,,,,,,,,,,,,,,,,,
2018,3,8151000,,8151000,tartarugalzinho,AP,1.686829592460508,,,,,,,,,,,,,,,,,,
2018,3,8250002,22.24516129032258,8250002,calcoene,AP,1.9713959662449976,,,,,,,,,,,,,,,,,,
2018,3,8250003,16.348275862068967,8250003,amapa,AP,0.0,,,,,,,,,,,,,,,,,,
2018,3,8251001,12.774193548387096,8251001,calcoene,AP,1.9713959662449976,,,,,,,,,,,,,,,,,,
2018,3,8251003,10.929032258064517,8251003,calcoene,AP,1.9713959662449976,,,,,,,,,,,,,,,,,,
2018,3,8351002,10.741935483870968,8351002,oiapoque,AP,2.3776931129398813,,,,,,,,,,,,,,,,,,
2018,4,51002,10.086206896551724,51002,mazagao,AP,4.602242792825168,,,,,,,,,,,,,,,,,,
2018,4,51004,12.636666666666667,51004,mazagao,AP,4.602242792825168,,,,,,,,,,,,,,,,,,
2018,4,52003,13.4,52003,mazagao,AP,4.602242792825168,,,,,,,,,,,,,,,,,,
2018,4,771001,7.14,771001,tarauaca,AC,40.19063421563886,,,,,,,,,,,,,,,,,,
2018,4,772003,10.196666666666665,772003,tarauaca,AC,40.19063421563886,,,,,,,,,,,,,,,,,,
2018,4,772004,6.796666666666667,772004,cruzeiro do sul,AC,18.062036827141625,AC,0.3087533156498673,987.6949602122016,988.1665782493368,987.3901856763924,1133.2018567639257,26.77984084880637,22.60212201591512,27.59257294429708,25.86206896551724,23.34137931034483,21.87692307692308,83.51724137931035,74.73209549071618,78.93899204244032,236.0,4.053315649867374,1.2525198938992042
2018,4,773000,8.076666666666666,773000,cruzeiro do sul,AC,18.062036827141625,AC,0.3087533156498673,987.6949602122016,988.1665782493368,987.3901856763924,1133.2018567639257,26.77984084880637,22.60212201591512,27.59257294429708,25.86206896551724,23.34137931034483,21.87692307692308,83.51724137931035,74.73209549071618,78.93899204244032,236.0,4.053315649867374,1.2525198938992042
2018,4,773002,2.6655172413793102,773002,cruzeiro do sul,AC,18.062036827141625,AC,0.3087533156498673,987.6949602122016,988.1665782493368,987.3901856763924,1133.2018567639257,26.77984084880637,22.60212201591512,27.59257294429708,25.86206896551724,23.34137931034483,21.87692307692308,83.51724137931035,74.73209549071618,78.93899204244032,236.0,4.053315649867374,1.2525198938992042
2018,4,869000,9.66,869000,manoel urbano,AC,46.455581102413774,,,,,,,,,,,,,,,,,,
2018,4,870001,2.9433333333333334,870001,tarauaca,AC,40.19063421563886,,,,,,,,,,,,,,,,,,
2018,4,870002,8.366666666666667,870002,feijo,AC,72.24470304252232,AC,0.2687179487179487,993.1592307692308,993.6292307692308,992.8448717948718,1200.463846153846,26.931282051282054,22.749743589743588,27.63820512820513,26.12333333333333,23.32025641025641,22.175641025641024,82.62564102564103,75.84358974358975,79.06666666666666,198.4538461538461,4.204615384615384,1.784871794871795
2018,4,870003,5.823333333333334,870003,feijo,AC,72.24470304252232,AC,0.2687179487179487,993.1592307692308,993.6292307692308,992.8448717948718,1200.463846153846,26.931282051282054,22.749743589743588,27.63820512820513,26.12333333333333,23.32025641025641,22.175641025641024,82.62564102564103,75.84358974358975,79.06666666666666,198.4538461538461,4.204615384615384,1.784871794871795
2018,4,872000,5.1866666666666665,872000,marechal thaumaturgo,AC,4.07282050876412,,,,,,,,,,,,,,,,,,
2018,4,872001,11.243333333333334,872001,porto walter,AC,4.735784409783207,AC,0.1605405405405405,988.0256756756756,988.5056756756755,987.7308108108108,1302.884864864865,26.947567567567567,22.610000000000003,27.65108108108108,26.09351351351352,23.27405405405405,21.95783783783784,82.44324324324324,74.37837837837837,78.18378378378378,197.35945945945943,4.17972972972973,1.6532432432432431
2018,4,967005,3.5733333333333333,967005,senador guiomard,AC,8.16611657189068,,,,,,,,,,,,,,,,,,
2018,4,968003,1.4066666666666667,968003,sena madureira,AC,48.27682853347364,,,,,,,,,,,,,,,,,,
2018,4,968004,8.823333333333332,968004,bujari,AC,13.71239318846393,,,,,,,,,,,,,,,,,,
2018,4,968005,6.34,968005,sena madureira,AC,48.27682853347364,,,,,,,,,,,,,,,,,,
2018,4,969001,8.196666666666667,969001,sena madureira,AC,48.27682853347364,,,,,,,,,,,,,,,,,,
2018,4,972000,5.156666666666666,972000,marechal thaumaturgo,AC,4.07282050876412,,,,,,,,,,,,,,,,,,
2018,4,1067002,9.003333333333334,1067002,placido de castro,AC,11.86195666687409,,,,,,,,,,,,,,,,,,
2018,4,1067003,4.1066666666666665,1067003,capixaba,AC,10.267229399554848,,,,,,,,,,,,,,,,,,
2018,4,1068000,4.1866666666666665,1068000,xapuri,AC,22.19053435460436,,,,,,,,,,,,,,,,,,
2018,4,1069000,3.31,1069000,assis brasil,AC,7.925865348224261,,,,,,,,,,,,,,,,,,
2018,4,1168001,1.1766666666666665,1168001,brasileia,AC,21.08713642546238,,,,,,,,,,,,,,,,,,
2018,4,8050000,18.483333333333334,8050000,macapa,AP,4.015322301644423,AP,0.5674185463659148,1010.1441102756892,1010.502506265664,1009.8305764411028,1258.5606516290727,26.9140350877193,23.070676691729325,27.49273182957393,26.24035087719298,23.634586466165416,22.49147869674185,83.69674185463658,77.35087719298245,80.35588972431077,172.9047619047619,5.099498746867168,1.8929824561403508
2018,4,8050001,34.35666666666667,8050001,macapa,AP,4.015322301644423,AP,0.5674185463659148,1010.1441102756892,1010.502506265664,1009.8305764411028,1258.5606516290727,26.9140350877193,23.070676691729325,27.49273182957393,26.24035087719298,23.634586466165416,22.49147869674185,83.69674185463658,77.35087719298245,80.35588972431077,172.9047619047619,5.099498746867168,1.8929824561403508
2018,4,8051010,18.336666666666666,8051010,macapa,AP,4.015322301644423,AP,0.5674185463659148,1010.1441102756892,1010.502506265664,1009.8305764411028,1258.5606516290727,26.9140350877193,23.070676691729325,27.49273182957393,26.24035087719298,23.634586466165416,22.49147869674185,83.69674185463658,77.35087719298245,80.35588972431077,172.9047619047619,5.099498746867168,1.8929824561403508
2018,4,8051012,15.389999999999999,8051012,porto grande,AP,1.070481740343184,,,,,,,,,,,,,,,,,,
2018,4,8052000,10.623333333333333,8052000,serra do navio,AP,0.178057759518561,,,,,,,,,,,,,,,,,,
2018,4,8150000,14.103333333333333,8150000,tartarugalzinho,AP,1.686829592460508,,,,,,,,,,,,,,,,,,
2018,4,8150001,30.493333333333332,8150001,tartarugalzinho,AP,1.686829592460508,,,,,,,,,,,,,,,,,,
2018,4,8151000,,8151000,tartarugalzinho,AP,1.686829592460508,,,,,,,,,,,,,,,,,,
2018,4,8250002,35.63666666666666,8250002,calcoene,AP,1.9713959662449976,,,,,,,,,,,,,,,,,,
2018,4,8250003,39.08,8250003,amapa,AP,0.0,,,,,,,,,,,,,,,,,,
2018,4,8251001,28.233333333333334,8251001,calcoene,AP,1.9713959662449976,,,,,,,,,,,,,,,,,,
2018,4,8251003,22.466666666666665,8251003,calcoene,AP,1.9713959662449976,,,,,,,,,,,,,,,,,,
2018,4,8351002,18.290000000000003,8351002,oiapoque,AP,2.3776931129398813,,,,,,,,,,,,,,,,,,
2018,5,51002,3.935483870967742,51002,mazagao,AP,4.602242792825168,,,,,,,,,,,,,,,,,,
2018,5,51004,11.019354838709676,51004,mazagao,AP,4.602242792825168,,,,,,,,,,,,,,,,,,
2018,5,52003,18.73225806451613,52003,mazagao,AP,4.602242792825168,,,,,,,,,,,,,,,,,,
2018,5,771001,6.661290322580645,771001,tarauaca,AC,40.19063421563886,,,,,,,,,,,,,,,,,,
2018,5,772003,5.745161290322581,772003,tarauaca,AC,40.19063421563886,,,,,,,,,,,,,,,,,,
2018,5,772004,7.945161290322581,772004,cruzeiro do sul,AC,18.062036827141625,AC,0.4302083333333333,988.5609375,989.0145833333332,988.2950520833332,1125.684375,26.598177083333336,22.18255208333333,27.402864583333336,25.67473958333333,22.918229166666663,21.48203125,82.54427083333333,73.9296875,77.98177083333333,236.0,3.69296875,1.2138020833333334
2018,5,773000,7.612903225806453,773000,cruzeiro do sul,AC,18.062036827141625,AC,0.4302083333333333,988.5609375,989.0145833333332,988.2950520833332,1125.684375,26.598177083333336,22.18255208333333,27.402864583333336,25.67473958333333,22.918229166666663,21.48203125,82.54427083333333,73.9296875,77.98177083333333,236.0,3.69296875,1.2138020833333334
2018,5,773002,7.641935483870968,773002,cruzeiro do sul,AC,18.062036827141625,AC,0.4302083333333333,988.5609375,989.0145833333332,988.2950520833332,1125.684375,26.598177083333336,22.18255208333333,27.402864583333336,25.67473958333333,22.918229166666663,21.48203125,82.54427083333333,73.9296875,77.98177083333333,236.0,3.69296875,1.2138020833333334
2018,5,869000,2.7806451612903227,869000,manoel urbano,AC,46.455581102413774,,,,,,,,,,,,,,,,,,
2018,5,870001,1.2225806451612902,870001,tarauaca,AC,40.19063421563886,,,,,,,,,,,,,,,,,,
2018,5,870002,3.4096774193548387,870002,feijo,AC,72.24470304252232,AC,0.1245657568238213,994.162282878412,994.5828784119108,993.9012406947892,1124.4250620347393,26.39925558312655,22.04119106699752,27.1029776674938,25.557071960297765,22.590570719602976,21.48138957816377,81.84367245657569,74.96774193548387,78.1637717121588,182.91315136476427,3.7774193548387096,1.6109181141439206
2018,5,870003,3.629032258064516,870003,feijo,AC,72.24470304252232,AC,0.1245657568238213,994.162282878412,994.5828784119108,993.9012406947892,1124.4250620347393,26.39925558312655,22.04119106699752,27.1029776674938,25.557071960297765,22.590570719602976,21.48138957816377,81.84367245657569,74.96774193548387,78.1637717121588,182.91315136476427,3.7774193548387096,1.6109181141439206
2018,5,872000,7.861290322580645,872000,marechal thaumaturgo,AC,4.07282050876412,,,,,,,,,,,,,,,,,,
2018,5,872001,10.006451612903225,872001,porto walter,AC,4.735784409783207,AC,0.6960835509138382,988.9783289817232,989.4287206266318,988.7208877284596,1244.373368146214,26.586422976501307,22.049608355091383,27.29451697127937,25.72088772845953,22.663446475195823,21.39738903394256,81.6710182767624,73.88511749347259,77.50391644908616,185.0626631853786,3.8057441253263695,1.425065274151436
2018,5,967005,5.261290322580645,967005,senador guiomard,AC,8.16611657189068,,,,,,,,,,,,,,,,,,
2018,5,968003,0.5645161290322581,968003,sena madureira,AC,48.27682853347364,,,,,,,,,,,,,,,,,,
2018,5,968004,2.935483870967742,968004,bujari,AC,13.71239318846393,,,,,,,,,,,,,,,,,,
2018,5,968005,2.6258064516129034,968005,sena madureira,AC,48.27682853347364,,,,,,,,,,,,,,,,,,
2018,5,969001,2.083870967741935,969001,sena madureira,AC,48.27682853347364,,,,,,,,,,,,,,,,,,
2018,5,972000,8.006451612903227,972000,marechal thaumaturgo,AC,4.07282050876412,,,,,,,,,,,,,,,,,,
2018,5,1067002,2.193548387096774,1067002,placido de castro,AC,11.86195666687409,,,,,,,,,,,,,,,,,,
2018,5,1067003,2.129032258064516,1067003,capixaba,AC,10.267229399554848,,,,,,,,,,,,,,,,,,
2018,5,1068000,3.3483870967741933,1068000,xapuri,AC,22.19053435460436,,,,,,,,,,,,,,,,,,
2018,5,1069000,1.961290322580645,1069000,assis brasil,AC,7.925865348224261,,,,,,,,,,,,,,,,,,
2018,5,1168001,0.7,1168001,brasileia,AC,21.08713642546238,,,,,,,,,,,,,,,,,,
2018,5,8050000,11.596774193548388,8050000,macapa,AP,4.015322301644423,AP,0.7616707616707616,1010.5415233415234,1010.8972972972972,1010.255773955774,1259.5127764127765,27.286977886977887,23.233660933660936,27.82702702702703,26.627518427518428,23.823587223587225,22.65184275184275,82.80589680589681,76.58230958230958,79.41523341523342,184.85749385749384,5.123341523341523,1.9828009828009827
2018,5,8050001,26.12258064516129,8050001,macapa,AP,4.015322301644423,AP,0.7616707616707616,1010.5415233415234,1010.8972972972972,1010.255773955774,1259.5127764127765,27.286977886977887,23.233660933660936,27.82702702702703,26.627518427518428,23.823587223587225,22.65184275184275,82.80589680589681,76.58230958230958,79.41523341523342,184.85749385749384,5.123341523341523,1.9828009828009827
2018,5,8051010,18.519354838709678,8051010,macapa,AP,4.015322301644423,AP,0.7616707616707616,1010.5415233415234,1010.8972972972972,1010.255773955774,1259.5127764127765,27.286977886977887,23.233660933660936,27.82702702702703,26.627518427518428,23.823587223587225,22.65184275184275,82.80589680589681,76.58230958230958,79.41523341523342,184.85749385749384,5.123341523341523,1.9828009828009827
2018,5,8051012,9.5,8051012,porto grande,AP,1.070481740343184,,,,,,,,,,,,,,,,,,
2018,5,8052000,11.30967741935484,8052000,serra do navio,AP,0.178057759518561,,,,,,,,,,,,,,,,,,
2018,5,8150000,14.351612903225808,8150000,tartarugalzinho,AP,1.686829592460508,,,,,,,,,,,,,,,,,,
2018,5,8150001,25.493548387096773,8150001,tartarugalzinho,AP,1.686829592460508,,,,,,,,,,,,,,,,,,
2018,5,8151000,12.990322580645161,8151000,tartarugalzinho,AP,1.686829592460508,,,,,,,,,,,,,,,,,,
2018,5,8250002,30.216129032258067,8250002,calcoene,AP,1.9713959662449976,,,,,,,,,,,,,,,,,,
2018,5,8250003,25.125806451612902,8250003,amapa,AP,0.0,,,,,,,,,,,,,,,,,,
2018,5,8251001,28.6,8251001,calcoene,AP,1.9713959662449976,,,,,,,,,,,,,,,,,,
2018,5,8251003,20.748387096774195,8251003,calcoene,AP,1.9713959662449976,,,,,,,,,,,,,,,,,,
2018,5,8351002,30.27741935483871,8351002,oiapoque,AP,2.3776931129398813,,,,,,,,,,,,,,,,,,
2018,6,51002,5.776666666666667,51002,mazagao,AP,4.602242792825168,,,,,,,,,,,,,,,,,,
2018,6,51004,6.260000000000001,51004,mazagao,AP,4.602242792825168,,,,,,,,,,,,,,,,,,
2018,6,52003,7.2733333333333325,52003,mazagao,AP,4.602242792825168,,,,,,,,,,,,,,,,,,
2018,6,771001,0.15,771001,tarauaca,AC,40.19063421563886,,,,,,,,,,,,,,,,,,
2018,6,772003,0.9833333333333333,772003,tarauaca,AC,40.19063421563886,,,,,,,,,,,,,,,,,,
2018,6,772004,1.6400000000000001,772004,cruzeiro do sul,AC,18.062036827141625,AC,0.0604519774011299,990.4392655367232,990.8206214689266,990.2262711864406,1142.109604519774,26.19265536723164,20.25141242937853,27.051129943502826,25.137570621468928,21.04011299435028,19.51581920903955,76.52824858757062,67.22881355932203,71.28248587570621,236.0,3.8333333333333335,1.3149717514124293
2018,6,773000,1.0,773000,cruzeiro do sul,AC,18.062036827141625,AC,0.0604519774011299,990.4392655367232,990.8206214689266,990.2262711864406,1142.109604519774,26.19265536723164,20.25141242937853,27.051129943502826,25.137570621468928,21.04011299435028,19.51581920903955,76.52824858757062,67.22881355932203,71.28248587570621,236.0,3.8333333333333335,1.3149717514124293
2018,6,773002,0.47200000000000003,773002,cruzeiro do sul,AC,18.062036827141625,AC,0.0604519774011299,990.4392655367232,990.8206214689266,990.2262711864406,1142.109604519774,26.19265536723164,20.25141242937853,27.051129943502826,25.137570621468928,21.04011299435028,19.51581920903955,76.52824858757062,67.22881355932203,71.28248587570621,236.0,3.8333333333333335,1.3149717514124293
2018,6,869000,0.8333333333333334,869000,manoel urbano,AC,46.455581102413774,,,,,,,,,,,,,,,,,,
2018,6,870001,0.3233333333333333,870001,tarauaca,AC,40.19063421563886,,,,,,,,,,,,,,,,,,
2018,6,870002,1.5566666666666669,870002,feijo,AC,72.24470304252232,AC,0.0261780104712041,996.1293193717278,996.4832460732983,995.8934554973822,1195.325392670157,25.55628272251309,19.703141361256545,26.294502617801047,24.53769633507853,20.263350785340315,19.01151832460733,76.06806282722513,68.86910994764398,72.12303664921465,165.7984293193717,3.87434554973822,1.6892670157068062
2018,6,870003,0.8433333333333334,870003,feijo,AC,72.24470304252232,AC,0.0261780104712041,996.1293193717278,996.4832460732983,995.8934554973822,1195.325392670157,25.55628272251309,19.703141361256545,26.294502617801047,24.53769633507853,20.263350785340315,19.01151832460733,76.06806282722513,68.86910994764398,72.12303664921465,165.7984293193717,3.87434554973822,1.6892670157068062
2018,6,872000,1.0799999999999998,872000,marechal thaumaturgo,AC,4.07282050876412,,,,,,,,,,,,,,,,,,
2018,6,872001,0.91,872001,porto walter,AC,4.735784409783207,AC,0.1195592286501377,990.818181818182,991.194214876033,990.6011019283746,1257.6071625344352,26.17933884297521,20.153168044077137,26.85234159779614,25.201652892561984,20.803305785123968,19.437465564738293,75.71349862258953,67.90082644628099,71.19283746556474,172.6060606060606,3.808264462809918,1.5088154269972454
2018,6,967005,1.95,967005,senador guiomard,AC,8.16611657189068,,,,,,,,,,,,,,,,,,
2018,6,968003,0.0,968003,sena madureira,AC,48.27682853347364,,,,,,,,,,,,,,,,,,
2018,6,968004,0.0,968004,bujari,AC,13.71239318846393,,,,,,,,,,,,,,,,,,
2018,6,968005,1.4533333333333334,968005,sena madureira,AC,48.27682853347364,,,,,,,,,,,,,,,,,,
2018,6,969001,1.5166666666666666,969001,sena madureira,AC,48.27682853347364,,,,,,,,,,,,,,,,,,
2018,6,972000,1.4066666666666667,972000,marechal thaumaturgo,AC,4.07282050876412,,,,,,,,,,,,,,,,,,
2018,6,1067002,0.4766666666666667,1067002,placido de castro,AC,11.86195666687409,,,,,,,,,,,,,,,,,,
2018,6,1067003,0.7066666666666667,1067003,capixaba,AC,10.267229399554848,,,,,,,,,,,,,,,,,,
2018,6,1068000,1.0933333333333335,1068000,xapuri,AC,22.19053435460436,,,,,,,,,,,,,,,,,,
2018,6,1069000,1.8266666666666667,1069000,assis brasil,AC,7.925865348224261,,,,,,,,,,,,,,,,,,
2018,6,1168001,0.3333333333333333,1168001,brasileia,AC,21.08713642546238,,,,,,,,,,,,,,,,,,
2018,6,8050000,8.506666666666666,8050000,macapa,AP,4.015322301644423,AP,0.3858585858585859,1011.2540404040404,1011.5901515151515,1010.9972222222224,1370.115404040404,27.883585858585857,22.982828282828283,28.526262626262625,27.07020202020201,23.660858585858588,22.34646464646465,79.75,72.48484848484848,75.68434343434343,196.1540404040404,5.322474747474747,2.044949494949494
2018,6,8050001,9.729999999999999,8050001,macapa,AP,4.015322301644423,AP,0.3858585858585859,1011.2540404040404,1011.5901515151515,1010.9972222222224,1370.115404040404,27.883585858585857,22.982828282828283,28.526262626262625,27.07020202020201,23.660858585858588,22.34646464646465,79.75,72.48484848484848,75.68434343434343,196.1540404040404,5.322474747474747,2.044949494949494
2018,6,8051010,12.776666666666667,8051010,macapa,AP,4.015322301644423,AP,0.3858585858585859,1011.2540404040404,1011.5901515151515,1010.9972222222224,1370.115404040404,27.883585858585857,22.982828282828283,28.526262626262625,27.07020202020201,23.660858585858588,22.34646464646465,79.75,72.48484848484848,75.68434343434343,196.1540404040404,5.322474747474747,2.044949494949494
2018,6,8051012,6.743333333333334,8051012,porto grande,AP,1.070481740343184,,,,,,,,,,,,,,,,,,
2018,6,8052000,5.823333333333333,8052000,serra do navio,AP,0.178057759518561,,,,,,,,,,,,,,,,,,
2018,6,8150000,8.193333333333333,8150000,tartarugalzinho,AP,1.686829592460508,,,,,,,,,,,,,,,,,,
2018,6,8151000,6.37,8151000,tartarugalzinho,AP,1.686829592460508,,,,,,,,,,,,,,,,,,
2018,6,8250002,13.463333333333333,8250002,calcoene,AP,1.9713959662449976,,,,,,,,,,,,,,,,,,
2018,6,8250003,7.8533333333333335,8250003,amapa,AP,0.0,,,,,,,,,,,,,,,,,,
2018,6,8251003,11.036666666666667,8251003,calcoene,AP,1.9713959662449976,,,,,,,,,,,,,,,,,,
2018,6,8351002,11.303333333333335,8351002,oiapoque,AP,2.3776931129398813,AP,0.3964912280701754,1010.7877192982456,1011.1087719298245,1010.5280701754384,956.8052631578948,25.48421052631579,23.46491228070176,26.380701754385967,24.60175438596492,24.198245614035088,22.78245614035088,93.50877192982456,84.70175438596492,89.19298245614036,179.21052631578948,3.0578947368421057,0.8719298245614036
2018,7,51002,6.925806451612904,51002,mazagao,AP,4.602242792825168,,,,,,,,,,,,,,,,,,
2018,7,51004,10.16451612903226,51004,mazagao,AP,4.602242792825168,,,,,,,,,,,,,,,,,,
2018,7,52003,3.948387096774194,52003,mazagao,AP,4.602242792825168,,,,,,,,,,,,,,,,,,
2018,7,771001,1.3096774193548386,771001,tarauaca,AC,40.19063421563886,,,,,,,,,,,,,,,,,,
2018,7,772003,0.6838709677419356,772003,tarauaca,AC,40.19063421563886,,,,,,,,,,,,,,,,,,
2018,7,772004,2.5548387096774197,772004,cruzeiro do sul,AC,18.062036827141625,AC,0.064756446991404,989.62664756447,990.0584527220632,989.434670487106,1400.8845272206304,28.19799426934097,19.8487106017192,29.145272206303726,26.92406876790831,20.70057306590257,19.025787965616047,68.1461318051576,58.16618911174785,62.19197707736389,236.0,3.8810888252149,1.278510028653295
2018,7,773000,1.1,773000,cruzeiro do sul,AC,18.062036827141625,AC,0.064756446991404,989.62664756447,990.0584527220632,989.434670487106,1400.8845272206304,28.19799426934097,19.8487106017192,29.145272206303726,26.92406876790831,20.70057306590257,19.025787965616047,68.1461318051576,58.16618911174785,62.19197707736389,236.0,3.8810888252149,1.278510028653295
2018,7,773002,2.396774193548387,773002,cruzeiro do sul,AC,18.062036827141625,AC,0.064756446991404,989.62664756447,990.0584527220632,989.434670487106,1400.8845272206304,28.19799426934097,19.8487106017192,29.145272206303726,26.92406876790831,20.70057306590257,19.025787965616047,68.1461318051576,58.16618911174785,62.19197707736389,236.0,3.8810888252149,1.278510028653295
2018,7,869000,3.032258064516129,869000,manoel urbano,AC,46.455581102413774,,,,,,,,,,,,,,,,,,
2018,7,870001,0.8612903225806451,870001,tarauaca,AC,40.19063421563886,,,,,,,,,,,,,,,,,,
2018,7,870002,0.9903225806451613,870002,feijo,AC,72.24470304252232,AC,0.0691489361702127,995.0760638297872,995.481914893617,994.8473404255318,1453.1311170212766,28.003191489361704,19.55053191489361,28.87127659574468,26.65159574468085,20.20345744680851,18.69707446808511,67.47340425531915,59.0,62.58510638297872,182.4494680851064,4.0611702127659575,1.7470744680851062
2018,7,870003,3.4612903225806453,870003,feijo,AC,72.24470304252232,AC,0.0691489361702127,995.0760638297872,995.481914893617,994.8473404255318,1453.1311170212766,28.003191489361704,19.55053191489361,28.87127659574468,26.65159574468085,20.20345744680851,18.69707446808511,67.47340425531915,59.0,62.58510638297872,182.4494680851064,4.0611702127659575,1.7470744680851062
2018,7,872000,0.9419354838709678,872000,marechal thaumaturgo,AC,4.07282050876412,,,,,,,,,,,,,,,,,,
2018,7,872001,0.7612903225806452,872001,porto walter,AC,4.735784409783207,AC,0.0085790884718498,990.0911528150134,990.4986595174264,989.8635388739946,1435.7461126005362,27.74396782841823,20.01286863270777,28.53378016085791,26.58981233243968,20.73243967828418,19.243699731903483,69.73458445040214,61.44504021447721,64.74530831099196,196.8337801608579,3.775067024128686,1.508847184986595
2018,7,967005,0.3096774193548387,967005,senador guiomard,AC,8.16611657189068,,,,,,,,,,,,,,,,,,
2018,7,968003,0.5483870967741935,968003,sena madureira,AC,48.27682853347364,,,,,,,,,,,,,,,,,,
2018,7,968004,0.03870967741935484,968004,bujari,AC,13.71239318846393,,,,,,,,,,,,,,,,,,
2018,7,968005,0.6967741935483871,968005,sena madureira,AC,48.27682853347364,,,,,,,,,,,,,,,,,,
2018,7,969001,0.41935483870967744,969001,sena madureira,AC,48.27682853347364,,,,,,,,,,,,,,,,,,
2018,7,972000,5.106451612903226,972000,marechal thaumaturgo,AC,4.07282050876412,,,,,,,,,,,,,,,,,,
2018,7,1067002,0.09032258064516129,1067002,placido de castro,AC,11.86195666687409,,,,,,,,,,,,,,,,,,
2018,7,1067003,0.664516129032258,1067003,capixaba,AC,10.267229399554848,,,,,,,,,,,,,,,,,,
2018,7,1068000,0.5161290322580645,1068000,xapuri,AC,22.19053435460436,,,,,,,,,,,,,,,,,,
2018,7,1069000,1.1483870967741934,1069000,assis brasil,AC,7.925865348224261,,,,,,,,,,,,,,,,,,
2018,7,1168001,0.15806451612903227,1168001,brasileia,AC,21.08713642546238,,,,,,,,,,,,,,,,,,
2018,7,8050000,4.716129032258065,8050000,macapa,AP,4.015322301644423,AP,0.1338199513381995,1011.1372262773724,1011.4681265206812,1010.8914841849148,1552.4187347931872,28.32287104622872,22.669099756691,28.922384428223847,27.52749391727494,23.390754257907545,22.01119221411192,76.87591240875912,69.42092457420925,72.56934306569343,194.98296836982968,5.911922141119222,2.4036496350364964
2018,7,8050001,4.493548387096775,8050001,macapa,AP,4.015322301644423,AP,0.1338199513381995,1011.1372262773724,1011.4681265206812,1010.8914841849148,1552.4187347931872,28.32287104622872,22.669099756691,28.922384428223847,27.52749391727494,23.390754257907545,22.01119221411192,76.87591240875912,69.42092457420925,72.56934306569343,194.98296836982968,5.911922141119222,2.4036496350364964
2018,7,8051010,7.748387096774194,8051010,macapa,AP,4.015322301644423,AP,0.1338199513381995,1011.1372262773724,1011.4681265206812,1010.8914841849148,1552.4187347931872,28.32287104622872,22.669099756691,28.922384428223847,27.52749391727494,23.390754257907545,22.01119221411192,76.87591240875912,69.42092457420925,72.56934306569343,194.98296836982968,5.911922141119222,2.4036496350364964
2018,7,8051012,7.341935483870968,8051012,porto grande,AP,1.070481740343184,,,,,,,,,,,,,,,,,,
2018,7,8052000,6.503225806451613,8052000,serra do navio,AP,0.178057759518561,,,,,,,,,,,,,,,,,,
2018,7,8150000,2.829032258064516,8150000,tartarugalzinho,AP,1.686829592460508,,,,,,,,,,,,,,,,,,
2018,7,8151000,1.7774193548387098,8151000,tartarugalzinho,AP,1.686829592460508,,,,,,,,,,,,,,,,,,
2018,7,8250002,11.751612903225807,8250002,calcoene,AP,1.9713959662449976,,,,,,,,,,,,,,,,,,
2018,7,8250003,5.699999999999999,8250003,amapa,AP,0.0,,,,,,,,,,,,,,,,,,
2018,7,8251003,6.261290322580645,8251003,calcoene,AP,1.9713959662449976,,,,,,,,,,,,,,,,,,
2018,7,8351002,9.67741935483871,8351002,oiapoque,AP,2.3776931129398813,AP,0.4213399503722084,1011.7367245657568,1012.0528535980148,1011.4987593052108,1233.1818858560794,26.987344913151365,23.79379652605459,27.79751861042184,26.02307692307692,24.513151364764266,23.01588089330025,88.66253101736973,79.20099255583126,83.8362282878412,149.13399503722084,3.568238213399504,1.0719602977667493
2018,8,51002,1.8419354838709676,51002,mazagao,AP,4.602242792825168,,,,,,,,,,,,,,,,,,
2018,8,51004,0.4161290322580645,51004,mazagao,AP,4.602242792825168,,,,,,,,,,,,,,,,,,
2018,8,52003,0.03225806451612903,52003,mazagao,AP,4.602242792825168,,,,,,,,,,,,,,,,,,
2018,8,771001,2.064516129032258,771001,tarauaca,AC,40.19063421563886,,,,,,,,,,,,,,,,,,
2018,8,772003,2.609677419354839,772003,tarauaca,AC,40.19063421563886,,,,,,,,,,,,,,,,,,
2018,8,772004,7.448387096774193,772004,cruzeiro do sul,AC,18.062036827141625,AC,0.1176470588235294,989.9935828877004,990.4475935828876,989.7521390374332,1320.346524064171,27.19679144385027,20.60053475935829,28.11176470588235,26.016577540106955,21.406417112299465,19.79491978609626,74.75133689839572,65.22192513368984,69.30213903743315,236.0,4.149197860962567,1.3441176470588234
2018,8,773000,6.925806451612903,773000,cruzeiro do sul,AC,18.062036827141625,AC,0.1176470588235294,989.9935828877004,990.4475935828876,989.7521390374332,1320.346524064171,27.19679144385027,20.60053475935829,28.11176470588235,26.016577540106955,21.406417112299465,19.79491978609626,74.75133689839572,65.22192513368984,69.30213903743315,236.0,4.149197860962567,1.3441176470588234
2018,8,773002,0.8451612903225806,773002,cruzeiro do sul,AC,18.062036827141625,AC,0.1176470588235294,989.9935828877004,990.4475935828876,989.7521390374332,1320.346524064171,27.19679144385027,20.60053475935829,28.11176470588235,26.016577540106955,21.406417112299465,19.79491978609626,74.75133689839572,65.22192513368984,69.30213903743315,236.0,4.149197860962567,1.3441176470588234
2018,8,869000,4.264516129032257,869000,manoel urbano,AC,46.455581102413774,,,,,,,,,,,,,,,,,,
2018,8,870001,2.2580645161290325,870001,tarauaca,AC,40.19063421563886,,,,,,,,,,,,,,,,,,
2018,8,870002,3.6129032258064515,870002,feijo,AC,72.24470304252232,AC,0.1581863979848866,995.509571788413,995.9357682619648,995.243073047859,1297.4302267002518,26.79647355163728,19.933501259445844,27.624181360201508,25.664987405541563,20.55566750629723,19.1639798488665,73.19647355163728,65.33501259445843,68.77581863979849,193.81863979848868,4.323425692695214,1.82544080604534
2018,8,870003,2.670967741935484,870003,feijo,AC,72.24470304252232,AC,0.1581863979848866,995.509571788413,995.9357682619648,995.243073047859,1297.4302267002518,26.79647355163728,19.933501259445844,27.624181360201508,25.664987405541563,20.55566750629723,19.1639798488665,73.19647355163728,65.33501259445843,68.77581863979849,193.81863979848868,4.323425692695214,1.82544080604534
2018,8,872000,0.7838709677419354,872000,marechal thaumaturgo,AC,4.07282050876412,,,,,,,,,,,,,,,,,,
2018,8,872001,0.7225806451612904,872001,porto walter,AC,4.735784409783207,AC,0.0881720430107526,990.42123655914,990.8736559139784,990.181182795699,1303.8123655913978,27.39166666666667,20.1989247311828,28.116935483870968,26.22956989247312,20.91801075268817,19.47231182795699,72.04032258064517,63.986559139784944,67.03763440860214,196.66397849462365,4.068817204301075,1.5720430107526882
2018,8,967005,4.274193548387097,967005,senador guiomard,AC,8.16611657189068,,,,,,,,,,,,,,,,,,
2018,8,968003,1.1290322580645162,968003,sena madureira,AC,48.27682853347364,,,,,,,,,,,,,,,,,,
2018,8,968004,4.987096774193549,968004,bujari,AC,13.71239318846393,,,,,,,,,,,,,,,,,,
2018,8,968005,2.574193548387097,968005,sena madureira,AC,48.27682853347364,,,,,,,,,,,,,,,,,,
2018,8,969001,5.319354838709677,969001,sena madureira,AC,48.27682853347364,,,,,,,,,,,,,,,,,,
2018,8,972000,2.3806451612903228,972000,marechal thaumaturgo,AC,4.07282050876412,,,,,,,,,,,,,,,,,,
2018,8,1067002,2.0677419354838706,1067002,placido de castro,AC,11.86195666687409,,,,,,,,,,,,,,,,,,
2018,8,1067003,6.164516129032258,1067003,capixaba,AC,10.267229399554848,,,,,,,,,,,,,,,,,,
2018,8,1068000,2.2903225806451615,1068000,xapuri,AC,22.19053435460436,,,,,,,,,,,,,,,,,,
2018,8,1069000,5.535483870967742,1069000,assis brasil,AC,7.925865348224261,,,,,,,,,,,,,,,,,,
2018,8,1168001,2.5387096774193547,1168001,brasileia,AC,21.08713642546238,,,,,,,,,,,,,,,,,,
2018,8,8050000,0.7387096774193548,8050000,macapa,AP,4.015322301644423,AP,0.1266009852216748,1011.6177339901476,1011.965763546798,1011.3837438423644,1798.360591133005,29.299753694581284,22.154433497536942,29.8064039408867,28.47807881773399,22.85837438423645,21.46305418719212,70.89162561576354,63.87192118226601,66.61330049261083,197.5,6.293103448275862,2.691133004926108
2018,8,8050001,0.0,8050001,macapa,AP,4.015322301644423,AP,0.1266009852216748,1011.6177339901476,1011.965763546798,1011.3837438423644,1798.360591133005,29.299753694581284,22.154433497536942,29.8064039408867,28.47807881773399,22.85837438423645,21.46305418719212,70.89162561576354,63.87192118226601,66.61330049261083,197.5,6.293103448275862,2.691133004926108
2018,8,8051010,2.925806451612903,8051010,macapa,AP,4.015322301644423,AP,0.1266009852216748,1011.6177339901476,1011.965763546798,1011.3837438423644,1798.360591133005,29.299753694581284,22.154433497536942,29.8064039408867,28.47807881773399,22.85837438423645,21.46305418719212,70.89162561576354,63.87192118226601,66.61330049261083,197.5,6.293103448275862,2.691133004926108
2018,8,8051012,4.12258064516129,8051012,porto grande,AP,1.070481740343184,,,,,,,,,,,,,,,,,,
2018,8,8052000,1.2000000000000002,8052000,serra do navio,AP,0.178057759518561,,,,,,,,,,,,,,,,,,
2018,8,8150000,1.2310344827586208,8150000,tartarugalzinho,AP,1.686829592460508,,,,,,,,,,,,,,,,,,
2018,8,8151000,0.6645161290322581,8151000,tartarugalzinho,AP,1.686829592460508,,,,,,,,,,,,,,,,,,
2018,8,8250002,0.6580645161290322,8250002,calcoene,AP,1.9713959662449976,,,,,,,,,,,,,,,,,,
2018,8,8250003,0.596774193548387,8250003,amapa,AP,0.0,,,,,,,,,,,,,,,,,,
2018,8,8251003,2.3225806451612905,8251003,calcoene,AP,1.9713959662449976,,,,,,,,,,,,,,,,,,
2018,8,8351002,0.8967741935483872,8351002,oiapoque,AP,2.3776931129398813,AP,0.0465346534653465,1012.1143564356436,1012.435396039604,1011.888613861386,1570.0653465346536,28.59925742574257,22.957178217821784,29.475742574257428,27.425742574257427,23.797029702970296,22.06658415841584,79.18564356435644,68.93316831683168,73.5,134.4257425742574,3.928465346534653,1.191089108910891
2018,9,51002,1.55,51002,mazagao,AP,4.602242792825168,,,,,,,,,,,,,,,,,,
2018,9,51004,1.4266666666666665,51004,mazagao,AP,4.602242792825168,,,,,,,,,,,,,,,,,,
2018,9,52003,0.03333333333333333,52003,mazagao,AP,4.602242792825168,,,,,,,,,,,,,,,,,,
2018,9,771001,3.5633333333333335,771001,tarauaca,AC,40.19063421563886,,,,,,,,,,,,,,,,,,
2018,9,772003,0.58,772003,tarauaca,AC,40.19063421563886,,,,,,,,,,,,,,,,,,
2018,9,772004,1.6333333333333333,772004,cruzeiro do sul,AC,18.062036827141625,AC,0.082051282051282,986.702564102564,987.1917948717949,986.3794871794872,1358.296153846154,28.57589743589744,20.40179487179487,29.538205128205128,27.30948717948718,21.22589743589744,19.58384615384616,70.1923076923077,60.77692307692308,64.67179487179487,236.0,4.204615384615384,1.3084615384615386
2018,9,773000,5.543333333333334,773000,cruzeiro do sul,AC,18.062036827141625,AC,0.082051282051282,986.702564102564,987.1917948717949,986.3794871794872,1358.296153846154,28.57589743589744,20.40179487179487,29.538205128205128,27.30948717948718,21.22589743589744,19.58384615384616,70.1923076923077,60.77692307692308,64.67179487179487,236.0,4.204615384615384,1.3084615384615386
2018,9,773002,0.27666666666666667,773002,cruzeiro do sul,AC,18.062036827141625,AC,0.082051282051282,986.702564102564,987.1917948717949,986.3794871794872,1358.296153846154,28.57589743589744,20.40179487179487,29.538205128205128,27.30948717948718,21.22589743589744,19.58384615384616,70.1923076923077,60.77692307692308,64.67179487179487,236.0,4.204615384615384,1.3084615384615386
2018,9,869000,2.6333333333333333,869000,manoel urbano,AC,46.455581102413774,,,,,,,,,,,,,,,,,,
2018,9,870001,2.1966666666666668,870001,tarauaca,AC,40.19063421563886,,,,,,,,,,,,,,,,,,
2018,9,870002,2.7866666666666666,870002,feijo,AC,72.24470304252232,AC,0.1974358974358974,992.041282051282,992.546923076923,991.7166666666668,1491.525641025641,28.63205128205128,20.781794871794872,29.53205128205128,27.376410256410253,21.55102564102564,19.9625641025641,70.61025641025641,61.95897435897436,65.66923076923077,211.03846153846155,4.555128205128205,1.8325641025641024
2018,9,870003,4.19,870003,feijo,AC,72.24470304252232,AC,0.1974358974358974,992.041282051282,992.546923076923,991.7166666666668,1491.525641025641,28.63205128205128,20.781794871794872,29.53205128205128,27.376410256410253,21.55102564102564,19.9625641025641,70.61025641025641,61.95897435897436,65.66923076923077,211.03846153846155,4.555128205128205,1.8325641025641024
2018,9,872000,1.3866666666666667,872000,marechal thaumaturgo,AC,4.07282050876412,,,,,,,,,,,,,,,,,,
2018,9,872001,0.10666666666666667,872001,porto walter,AC,4.735784409783207,AC,0.2282776349614395,986.994087403599,987.4886889460154,986.6735218508998,1318.1827763496144,28.65064267352185,20.48329048843188,29.52185089974293,27.47300771208226,21.29588688946016,19.68688946015424,69.82776349614396,60.96658097686375,64.6401028277635,198.9974293059126,4.427506426735218,1.7030848329048842
2018,9,967005,2.9166666666666665,967005,senador guiomard,AC,8.16611657189068,,,,,,,,,,,,,,,,,,
2018,9,968003,0.5333333333333333,968003,sena madureira,AC,48.27682853347364,,,,,,,,,,,,,,,,,,
2018,9,968004,2.68,968004,bujari,AC,13.71239318846393,,,,,,,,,,,,,,,,,,
2018,9,968005,1.2866666666666666,968005,sena madureira,AC,48.27682853347364,,,,,,,,,,,,,,,,,,
2018,9,969001,3.2633333333333336,969001,sena madureira,AC,48.27682853347364,,,,,,,,,,,,,,,,,,
2018,9,972000,0.043333333333333335,972000,marechal thaumaturgo,AC,4.07282050876412,,,,,,,,,,,,,,,,,,
2018,9,1067002,3.296666666666667,1067002,placido de castro,AC,11.86195666687409,,,,,,,,,,,,,,,,,,
2018,9,1067003,0.9833333333333333,1067003,capixaba,AC,10.267229399554848,,,,,,,,,,,,,,,,,,
2018,9,1068000,2.5266666666666664,1068000,xapuri,AC,22.19053435460436,,,,,,,,,,,,,,,,,,
2018,9,1069000,2.4699999999999998,1069000,assis brasil,AC,7.925865348224261,,,,,,,,,,,,,,,,,,
2018,9,1168001,4.319999999999999,1168001,brasileia,AC,21.08713642546238,,,,,,,,,,,,,,,,,,
2018,9,8050000,0.81,8050000,macapa,AP,4.015322301644423,AP,0.0127877237851662,1009.2217391304348,1009.5588235294116,1008.957033248082,1890.4127877237847,29.87365728900256,22.37084398976982,30.43375959079284,29.043478260869566,23.03503836317136,21.72455242966752,69.35805626598466,62.450127877237854,65.1457800511509,199.27877237851663,7.104859335038364,3.142199488491048
2018,9,8050001,0.0,8050001,macapa,AP,4.015322301644423,AP,0.0127877237851662,1009.2217391304348,1009.5588235294116,1008.957033248082,1890.4127877237847,29.87365728900256,22.37084398976982,30.43375959079284,29.043478260869566,23.03503836317136,21.72455242966752,69.35805626598466,62.450127877237854,65.1457800511509,199.27877237851663,7.104859335038364,3.142199488491048
2018,9,8051010,2.39,8051010,macapa,AP,4.015322301644423,AP,0.0127877237851662,1009.2217391304348,1009.5588235294116,1008.957033248082,1890.4127877237847,29.87365728900256,22.37084398976982,30.43375959079284,29.043478260869566,23.03503836317136,21.72455242966752,69.35805626598466,62.450127877237854,65.1457800511509,199.27877237851663,7.104859335038364,3.142199488491048
2018,9,8051012,1.0033333333333332,8051012,porto grande,AP,1.070481740343184,,,,,,,,,,,,,,,,,,
2018,9,8052000,2.09,8052000,serra do navio,AP,0.178057759518561,,,,,,,,,,,,,,,,,,
2018,9,8150000,2.216666666666667,8150000,tartarugalzinho,AP,1.686829592460508,,,,,,,,,,,,,,,,,,
2018,9,8150001,3.933333333333333,8150001,tartarugalzinho,AP,1.686829592460508,,,,,,,,,,,,,,,,,,
2018,9,8151000,1.4666666666666666,8151000,tartarugalzinho,AP,1.686829592460508,,,,,,,,,,,,,,,,,,
2018,9,8250002,0.0,8250002,calcoene,AP,1.9713959662449976,,,,,,,,,,,,,,,,,,
2018,9,8250003,1.4200000000000002,8250003,amapa,AP,0.0,,,,,,,,,,,,,,,,,,
2018,9,8251001,0.8900000000000001,8251001,calcoene,AP,1.9713959662449976,,,,,,,,,,,,,,,,,,
2018,9,8251003,0.6266666666666667,8251003,calcoene,AP,1.9713959662449976,,,,,,,,,,,,,,,,,,
2018,9,8251004,0.4666666666666667,8251004,oiapoque,AP,2.3776931129398813,AP,0.0758974358974359,1009.684358974359,1010.0171794871796,1009.412564102564,1579.128205128205,29.31692307692308,22.96076923076924,30.31282051282051,28.0374358974359,23.74205128205128,22.1448717948718,76.4025641025641,66.77435897435898,70.94615384615385,128.65897435897435,4.127692307692308,1.2933333333333332
2018,9,8351002,1.5433333333333332,8351002,oiapoque,AP,2.3776931129398813,AP,0.0758974358974359,1009.684358974359,1010.0171794871796,1009.412564102564,1579.128205128205,29.31692307692308,22.96076923076924,30.31282051282051,28.0374358974359,23.74205128205128,22.1448717948718,76.4025641025641,66.77435897435898,70.94615384615385,128.65897435897435,4.127692307692308,1.2933333333333332
2018,10,51002,0.9870967741935485,51002,mazagao,AP,4.602242792825168,,,,,,,,,,,,,,,,,,
2018,10,51004,1.4419354838709677,51004,mazagao,AP,4.602242792825168,,,,,,,,,,,,,,,,,,
2018,10,52003,0.9193548387096774,52003,mazagao,AP,4.602242792825168,,,,,,,,,,,,,,,,,,
2018,10,771001,5.622580645161291,771001,tarauaca,AC,40.19063421563886,,,,,,,,,,,,,,,,,,
2018,10,772003,7.15483870967742,772003,tarauaca,AC,40.19063421563886,,,,,,,,,,,,,,,,,,
2018,10,772004,10.97741935483871,772004,cruzeiro do sul,AC,18.062036827141625,AC,0.4044554455445545,985.941584158416,986.4378712871288,985.589603960396,1260.655693069307,27.825,22.32450495049505,28.678960396039603,26.8289603960396,23.05,21.626732673267327,78.77475247524752,70.20544554455445,74.13861386138613,236.0,4.075495049504951,1.2554455445544557
2018,10,773000,9.46774193548387,773000,cruzeiro do sul,AC,18.062036827141625,AC,0.4044554455445545,985.941584158416,986.4378712871288,985.589603960396,1260.655693069307,27.825,22.32450495049505,28.678960396039603,26.8289603960396,23.05,21.626732673267327,78.77475247524752,70.20544554455445,74.13861386138613,236.0,4.075495049504951,1.2554455445544557
2018,10,773002,1.1037037037037036,773002,cruzeiro do sul,AC,18.062036827141625,AC,0.4044554455445545,985.941584158416,986.4378712871288,985.589603960396,1260.655693069307,27.825,22.32450495049505,28.678960396039603,26.8289603960396,23.05,21.626732673267327,78.77475247524752,70.20544554455445,74.13861386138613,236.0,4.075495049504951,1.2554455445544557
2018,10,869000,3.3870967741935485,869000,manoel urbano,AC,46.455581102413774,,,,,,,,,,,,,,,,,,
2018,10,870001,2.8225806451612905,870001,tarauaca,AC,40.19063421563886,,,,,,,,,,,,,,,,,,
2018,10,870002,7.141935483870968,870002,feijo,AC,72.24470304252232,AC,0.3830845771144278,991.3206467661691,991.8296019900496,990.968656716418,1351.8997512437809,28.031592039801,22.66990049751244,28.88606965174129,27.047512437810948,23.36144278606965,21.99776119402985,78.68159203980099,70.64676616915423,74.40796019900498,208.5199004975124,4.286069651741293,1.7557213930348257
2018,10,870003,5.083870967741936,870003,feijo,AC,72.24470304252232,AC,0.3830845771144278,991.3206467661691,991.8296019900496,990.968656716418,1351.8997512437809,28.031592039801,22.66990049751244,28.88606965174129,27.047512437810948,23.36144278606965,21.99776119402985,78.68159203980099,70.64676616915423,74.40796019900498,208.5199004975124,4.286069651741293,1.7557213930348257
2018,10,872000,6.616129032258065,872000,marechal thaumaturgo,AC,4.07282050876412,,,,,,,,,,,,,,,,,,
2018,10,872001,12.10967741935484,872001,porto walter,AC,4.735784409783207,AC,0.803960396039604,986.2507425742574,986.7549504950496,985.904207920792,1166.555198019802,27.623514851485147,22.550742574257427,28.4259900990099,26.68267326732673,23.262128712871288,21.87079207920792,80.13613861386139,71.92326732673267,75.75247524752476,212.54950495049505,4.25990099009901,1.6707920792079207
2018,10,967005,5.874193548387097,967005,senador guiomard,AC,8.16611657189068,,,,,,,,,,,,,,,,,,
2018,10,968003,2.5161290322580645,968003,sena madureira,AC,48.27682853347364,,,,,,,,,,,,,,,,,,
2018,10,968004,4.629032258064516,968004,bujari,AC,13.71239318846393,,,,,,,,,,,,,,,,,,
2018,10,968005,2.9733333333333336,968005,sena madureira,AC,48.27682853347364,,,,,,,,,,,,,,,,,,
2018,10,969001,4.648387096774194,969001,sena madureira,AC,48.27682853347364,,,,,,,,,,,,,,,,,,
2018,10,972000,8.490322580645161,972000,marechal thaumaturgo,AC,4.07282050876412,,,,,,,,,,,,,,,,,,
2018,10,1067002,5.712903225806452,1067002,placido de castro,AC,11.86195666687409,,,,,,,,,,,,,,,,,,
2018,10,1067003,4.09,1067003,capixaba,AC,10.267229399554848,,,,,,,,,,,,,,,,,,
2018,10,1068000,6.409677419354838,1068000,xapuri,AC,22.19053435460436,,,,,,,,,,,,,,,,,,
2018,10,1069000,4.793548387096774,1069000,assis brasil,AC,7.925865348224261,,,,,,,,,,,,,,,,,,
2018,10,1168001,5.274193548387097,1168001,brasileia,AC,21.08713642546238,,,,,,,,,,,,,,,,,,
2018,10,8050000,1.8516129032258064,8050000,macapa,AP,4.015322301644423,AP,0.0,1009.045267489712,1009.4765432098764,1008.8255144032922,2124.5946502057614,30.702469135802467,21.927160493827163,31.353086419753087,29.887654320987654,22.62633744855967,21.28024691358025,64.32098765432099,57.49794238683128,60.29218106995885,206.1316872427984,7.527572016460906,3.334567901234568
2018,10,8050001,0.0,8050001,macapa,AP,4.015322301644423,AP,0.0,1009.045267489712,1009.4765432098764,1008.8255144032922,2124.5946502057614,30.702469135802467,21.927160493827163,31.353086419753087,29.887654320987654,22.62633744855967,21.28024691358025,64.32098765432099,57.49794238683128,60.29218106995885,206.1316872427984,7.527572016460906,3.334567901234568
2018,10,8051010,1.5903225806451613,8051010,macapa,AP,4.015322301644423,AP,0.0,1009.045267489712,1009.4765432098764,1008.8255144032922,2124.5946502057614,30.702469135802467,21.927160493827163,31.353086419753087,29.887654320987654,22.62633744855967,21.28024691358025,64.32098765432099,57.49794238683128,60.29218106995885,206.1316872427984,7.527572016460906,3.334567901234568
2018,10,8051012,0.9129032258064516,8051012,porto grande,AP,1.070481740343184,,,,,,,,,,,,,,,,,,
2018,10,8052000,0.8580645161290322,8052000,serra do navio,AP,0.178057759518561,,,,,,,,,,,,,,,,,,
2018,10,8150000,0.3741935483870968,8150000,tartarugalzinho,AP,1.686829592460508,,,,,,,,,,,,,,,,,,
2018,10,8150001,2.638709677419355,8150001,tartarugalzinho,AP,1.686829592460508,,,,,,,,,,,,,,,,,,
2018,10,8151000,0.6483870967741936,8151000,tartarugalzinho,AP,1.686829592460508,,,,,,,,,,,,,,,,,,
2018,10,8250002,0.05161290322580645,8250002,calcoene,AP,1.9713959662449976,,,,,,,,,,,,,,,,,,
2018,10,8250003,0.48709677419354835,8250003,amapa,AP,0.0,,,,,,,,,,,,,,,,,,
2018,10,8251001,0.0,8251001,calcoene,AP,1.9713959662449976,,,,,,,,,,,,,,,,,,
2018,10,8251003,2.1516129032258067,8251003,calcoene,AP,1.9713959662449976,,,,,,,,,,,,,,,,,,
2018,10,8251004,0.03225806451612903,8251004,oiapoque,AP,2.3776931129398813,AP,0.059,1009.3885,1009.73725,1009.09,1587.4105,30.06975,22.61575,31.0765,28.72725,23.43575,21.7915,72.48,62.6675,66.67,117.8025,4.26625,1.3755000000000002
2018,10,8351002,0.2064516129032258,8351002,oiapoque,AP,2.3776931129398813,AP,0.059,1009.3885,1009.73725,1009.09,1587.4105,30.06975,22.61575,31.0765,28.72725,23.43575,21.7915,72.48,62.6675,66.67,117.8025,4.26625,1.3755000000000002
2018,11,51002,0.3933333333333333,51002,mazagao,AP,4.602242792825168,,,,,,,,,,,,,,,,,,
2018,11,51004,5.031034482758621,51004,mazagao,AP,4.602242792825168,,,,,,,,,,,,,,,,,,
2018,11,52003,4.183333333333334,52003,mazagao,AP,4.602242792825168,,,,,,,,,,,,,,,,,,
2018,11,771001,9.323333333333332,771001,tarauaca,AC,40.19063421563886,,,,,,,,,,,,,,,,,,
2018,11,772003,8.629999999999999,772003,tarauaca,AC,40.19063421563886,,,,,,,,,,,,,,,,,,
2018,11,772004,16.956666666666667,772004,cruzeiro do sul,AC,18.062036827141625,AC,0.7964194373401534,985.1007672634272,985.5923273657288,984.783631713555,1112.4769820971867,27.10716112531969,23.20383631713555,27.907928388746804,26.251918158567776,23.85933503836317,22.559335038363173,84.48849104859335,76.67519181585678,80.49360613810742,236.0,4.202557544757034,1.2879795396419438
2018,11,773000,11.203333333333335,773000,cruzeiro do sul,AC,18.062036827141625,AC,0.7964194373401534,985.1007672634272,985.5923273657288,984.783631713555,1112.4769820971867,27.10716112531969,23.20383631713555,27.907928388746804,26.251918158567776,23.85933503836317,22.559335038363173,84.48849104859335,76.67519181585678,80.49360613810742,236.0,4.202557544757034,1.2879795396419438
2018,11,773002,2.9266666666666667,773002,cruzeiro do sul,AC,18.062036827141625,AC,0.7964194373401534,985.1007672634272,985.5923273657288,984.783631713555,1112.4769820971867,27.10716112531969,23.20383631713555,27.907928388746804,26.251918158567776,23.85933503836317,22.559335038363173,84.48849104859335,76.67519181585678,80.49360613810742,236.0,4.202557544757034,1.2879795396419438
2018,11,869000,4.466666666666667,869000,manoel urbano,AC,46.455581102413774,,,,,,,,,,,,,,,,,,
2018,11,870001,3.363333333333333,870001,tarauaca,AC,40.19063421563886,,,,,,,,,,,,,,,,,,
2018,11,870002,2.835714285714286,870002,feijo,AC,72.24470304252232,AC,0.3538461538461538,990.5482051282052,991.0420512820514,990.2315384615384,1200.212564102564,27.37923076923077,23.285641025641024,28.166666666666668,26.50128205128205,23.880256410256408,22.679230769230767,83.04102564102564,75.92564102564103,79.37948717948719,210.92564102564103,4.391794871794872,1.82
2018,11,870003,6.296666666666667,870003,feijo,AC,72.24470304252232,AC,0.3538461538461538,990.5482051282052,991.0420512820514,990.2315384615384,1200.212564102564,27.37923076923077,23.285641025641024,28.166666666666668,26.50128205128205,23.880256410256408,22.679230769230767,83.04102564102564,75.92564102564103,79.37948717948719,210.92564102564103,4.391794871794872,1.82
2018,11,872000,9.5,872000,marechal thaumaturgo,AC,4.07282050876412,,,,,,,,,,,,,,,,,,
2018,11,872001,23.779999999999998,872001,porto walter,AC,4.735784409783207,AC,1.0194373401534529,985.4511508951408,985.9537084398978,985.1324808184144,1000.2818414322252,26.805115089514064,23.30230179028133,27.492583120204603,26.001023017902813,23.92148337595908,22.65933503836317,85.83375959079284,78.8388746803069,82.2762148337596,219.69565217391303,4.19923273657289,1.696419437340153
2018,11,967005,9.520000000000001,967005,senador guiomard,AC,8.16611657189068,,,,,,,,,,,,,,,,,,
2018,11,968003,2.8,968003,sena madureira,AC,48.27682853347364,,,,,,,,,,,,,,,,,,
2018,11,968004,13.033333333333333,968004,bujari,AC,13.71239318846393,,,,,,,,,,,,,,,,,,
2018,11,968005,10.693333333333333,968005,sena madureira,AC,48.27682853347364,,,,,,,,,,,,,,,,,,
2018,11,969001,13.33,969001,sena madureira,AC,48.27682853347364,,,,,,,,,,,,,,,,,,
2018,11,972000,3.8699999999999997,972000,marechal thaumaturgo,AC,4.07282050876412,,,,,,,,,,,,,,,,,,
2018,11,1067002,9.876666666666667,1067002,placido de castro,AC,11.86195666687409,,,,,,,,,,,,,,,,,,
2018,11,1067003,5.776666666666666,1067003,capixaba,AC,10.267229399554848,,,,,,,,,,,,,,,,,,
2018,11,1068000,7.06,1068000,xapuri,AC,22.19053435460436,,,,,,,,,,,,,,,,,,
2018,11,1069000,1.9466666666666668,1069000,assis brasil,AC,7.925865348224261,,,,,,,,,,,,,,,,,,
2018,11,1168001,4.28,1168001,brasileia,AC,21.08713642546238,,,,,,,,,,,,,,,,,,
2018,11,8050000,1.7733333333333334,8050000,macapa,AP,4.015322301644423,,,,,,,,,,,,,,,,,,
2018,11,8050001,3.543333333333334,8050001,macapa,AP,4.015322301644423,,,,,,,,,,,,,,,,,,
2018,11,8051010,3.43,8051010,macapa,AP,4.015322301644423,,,,,,,,,,,,,,,,,,
2018,11,8052000,4.823333333333333,8052000,serra do navio,AP,0.178057759518561,,,,,,,,,,,,,,,,,,
2018,11,8150000,2.1266666666666665,8150000,tartarugalzinho,AP,1.686829592460508,,,,,,,,,,,,,,,,,,
2018,11,8150001,9.253333333333334,8150001,tartarugalzinho,AP,1.686829592460508,,,,,,,,,,,,,,,,,,
2018,11,8151000,0.2733333333333334,8151000,tartarugalzinho,AP,1.686829592460508,,,,,,,,,,,,,,,,,,
2018,11,8250002,10.153333333333334,8250002,calcoene,AP,1.9713959662449976,,,,,,,,,,,,,,,,,,
2018,11,8250003,8.516666666666667,8250003,amapa,AP,0.0,,,,,,,,,,,,,,,,,,
2018,11,8251001,5.943333333333333,8251001,calcoene,AP,1.9713959662449976,,,,,,,,,,,,,,,,,,
2018,11,8251003,8.360000000000001,8251003,calcoene,AP,1.9713959662449976,,,,,,,,,,,,,,,,,,
2018,11,8251004,6.803333333333333,8251004,oiapoque,AP,2.3776931129398813,AP,0.6,1008.9172323759792,1009.255091383812,1008.6268929503916,1173.9973890339425,27.982767624020887,23.92193211488251,28.89738903394256,26.916187989556136,24.676762402088773,23.173107049608355,85.46475195822454,76.30026109660574,80.48563968668407,102.75718015665797,4.45378590078329,1.345169712793734
2018,11,8351002,7.423333333333334,8351002,oiapoque,AP,2.3776931129398813,AP,0.6,1008.9172323759792,1009.255091383812,1008.6268929503916,1173.9973890339425,27.982767624020887,23.92193211488251,28.89738903394256,26.916187989556136,24.676762402088773,23.173107049608355,85.46475195822454,76.30026109660574,80.48563968668407,102.75718015665797,4.45378590078329,1.345169712793734
2018,12,51002,3.7451612903225806,51002,mazagao,AP,4.602242792825168,,,,,,,,,,,,,,,,,,
2018,12,51004,6.432258064516129,51004,mazagao,AP,4.602242792825168,,,,,,,,,,,,,,,,,,
2018,12,52003,5.909677419354838,52003,mazagao,AP,4.602242792825168,,,,,,,,,,,,,,,,,,
2018,12,771001,9.358064516129033,771001,tarauaca,AC,40.19063421563886,,,,,,,,,,,,,,,,,,
2018,12,772003,11.970967741935485,772003,tarauaca,AC,40.19063421563886,,,,,,,,,,,,,,,,,,
2018,12,772004,9.893548387096773,772004,cruzeiro do sul,AC,18.062036827141625,AC,0.3603911980440098,987.4665036674816,987.89804400978,987.1630806845966,1121.9293398533007,26.4520782396088,22.48948655256724,27.25501222493888,25.59486552567237,23.195354523227383,21.86845965770172,84.15158924205379,76.04889975550122,79.92665036674816,236.0,4.374083129584352,1.3753056234718826
2018,12,773000,9.748387096774193,773000,cruzeiro do sul,AC,18.062036827141625,AC,0.3603911980440098,987.4665036674816,987.89804400978,987.1630806845966,1121.9293398533007,26.4520782396088,22.48948655256724,27.25501222493888,25.59486552567237,23.195354523227383,21.86845965770172,84.15158924205379,76.04889975550122,79.92665036674816,236.0,4.374083129584352,1.3753056234718826
2018,12,773002,3.303703703703704,773002,cruzeiro do sul,AC,18.062036827141625,AC,0.3603911980440098,987.4665036674816,987.89804400978,987.1630806845966,1121.9293398533007,26.4520782396088,22.48948655256724,27.25501222493888,25.59486552567237,23.195354523227383,21.86845965770172,84.15158924205379,76.04889975550122,79.92665036674816,236.0,4.374083129584352,1.3753056234718826
2018,12,869000,7.096774193548387,869000,manoel urbano,AC,46.455581102413774,,,,,,,,,,,,,,,,,,
2018,12,870001,5.122580645161291,870001,tarauaca,AC,40.19063421563886,,,,,,,,,,,,,,,,,,
2018,12,870002,1.735483870967742,870002,feijo,AC,72.24470304252232,AC,0.297029702970297,992.9279702970298,993.381188118812,992.6314356435644,1199.8727722772276,26.711138613861383,22.860891089108907,27.46138613861386,25.89158415841584,23.46559405940594,22.33118811881188,84.00247524752476,76.95544554455445,80.25247524752476,233.8886138613861,4.262871287128713,1.842079207920792
2018,12,870003,5.4,870003,feijo,AC,72.24470304252232,AC,0.297029702970297,992.9279702970298,993.381188118812,992.6314356435644,1199.8727722772276,26.711138613861383,22.860891089108907,27.46138613861386,25.89158415841584,23.46559405940594,22.33118811881188,84.00247524752476,76.95544554455445,80.25247524752476,233.8886138613861,4.262871287128713,1.842079207920792
2018,12,872000,2.529032258064516,872000,marechal thaumaturgo,AC,4.07282050876412,,,,,,,,,,,,,,,,,,
2018,12,872001,9.783870967741937,872001,porto walter,AC,4.735784409783207,AC,0.5897560975609757,987.7268292682928,988.1656097560976,987.4141463414634,1074.170487804878,26.41268292682927,22.688048780487804,27.22609756097561,25.56609756097561,23.40097560975609,22.051463414634146,84.92926829268292,77.07317073170732,80.9219512195122,241.15121951219515,4.621707317073171,1.967317073170732
2018,12,967005,7.970967741935484,967005,senador guiomard,AC,8.16611657189068,,,,,,,,,,,,,,,,,,
2018,12,968003,2.5580645161290323,968003,sena madureira,AC,48.27682853347364,,,,,,,,,,,,,,,,,,
2018,12,968004,10.548387096774194,968004,bujari,AC,13.71239318846393,,,,,,,,,,,,,,,,,,
2018,12,968005,10.325806451612904,968005,sena madureira,AC,48.27682853347364,,,,,,,,,,,,,,,,,,
2018,12,969001,10.36774193548387,969001,sena madureira,AC,48.27682853347364,,,,,,,,,,,,,,,,,,
2018,12,972000,6.103225806451612,972000,marechal thaumaturgo,AC,4.07282050876412,,,,,,,,,,,,,,,,,,
2018,12,1067002,8.538709677419355,1067002,placido de castro,AC,11.86195666687409,,,,,,,,,,,,,,,,,,
2018,12,1067003,5.296774193548386,1067003,capixaba,AC,10.267229399554848,,,,,,,,,,,,,,,,,,
2018,12,1068000,5.945161290322581,1068000,xapuri,AC,22.19053435460436,,,,,,,,,,,,,,,,,,
2018,12,1069000,3.7806451612903227,1069000,assis brasil,AC,7.925865348224261,,,,,,,,,,,,,,,,,,
2018,12,1168001,6.283870967741936,1168001,brasileia,AC,21.08713642546238,,,,,,,,,,,,,,,,,,
2018,12,8050000,14.248387096774193,8050000,macapa,AP,4.015322301644423,,,,,,,,,,,,,,,,,,
2018,12,8050001,22.62258064516129,8050001,macapa,AP,4.015322301644423,,,,,,,,,,,,,,,,,,
2018,12,8051010,17.19677419354839,8051010,macapa,AP,4.015322301644423,,,,,,,,,,,,,,,,,,
2018,12,8052000,11.067741935483872,8052000,serra do navio,AP,0.178057759518561,,,,,,,,,,,,,,,,,,
2018,12,8150000,25.96451612903226,8150000,tartarugalzinho,AP,1.686829592460508,,,,,,,,,,,,,,,,,,
2018,12,8150001,32.71935483870968,8150001,tartarugalzinho,AP,1.686829592460508,,,,,,,,,,,,,,,,,,
2018,12,8151000,3.9967741935483874,8151000,tartarugalzinho,AP,1.686829592460508,,,,,,,,,,,,,,,,,,
2018,12,8250002,27.63225806451613,8250002,calcoene,AP,1.9713959662449976,,,,,,,,,,,,,,,,,,
2018,12,8250003,28.0,8250003,amapa,AP,0.0,,,,,,,,,,,,,,,,,,
2018,12,8251001,25.88064516129032,8251001,calcoene,AP,1.9713959662449976,,,,,,,,,,,,,,,,,,
2018,12,8251003,16.07741935483871,8251003,calcoene,AP,1.9713959662449976,,,,,,,,,,,,,,,,,,
2018,12,8251004,17.835483870967742,8251004,oiapoque,AP,2.3776931129398813,AP,1.1407407407407408,1011.2246913580246,1011.5271604938272,1010.919012345679,877.0483950617283,25.49827160493827,23.49061728395062,26.089629629629627,24.844691358024694,24.10222222222222,22.924197530864195,92.40246913580246,86.59506172839507,89.43703703703704,93.85432098765432,4.277777777777778,1.3291358024691358
2018,12,8351002,18.551612903225806,8351002,oiapoque,AP,2.3776931129398813,AP,1.1407407407407408,1011.2246913580246,1011.5271604938272,1010.919012345679,877.0483950617283,25.49827160493827,23.49061728395062,26.089629629629627,24.844691358024694,24.10222222222222,22.924197530864195,92.40246913580246,86.59506172839507,89.43703703703704,93.85432098765432,4.277777777777778,1.3291358024691358
2019,1,51002,5.993333333333334,51002,mazagao,AP,2.335377878738992,,,,,,,,,,,,,,,,,,
2019,1,51004,11.483870967741936,51004,mazagao,AP,2.335377878738992,,,,,,,,,,,,,,,,,,
2019,1,52003,8.509677419354839,52003,mazagao,AP,2.335377878738992,,,,,,,,,,,,,,,,,,
2019,1,771001,14.812903225806451,771001,tarauaca,AC,67.41835223576297,,,,,,,,,,,,,,,,,,
2019,1,772003,10.064516129032258,772003,tarauaca,AC,67.41835223576297,,,,,,,,,,,,,,,,,,
2019,1,772004,12.03225806451613,772004,cruzeiro do sul,AC,25.21220374331395,AC,0.6901869158878504,987.4971962616822,987.9317757009344,987.161214953271,991.8565420560748,26.186682242990653,22.774766355140187,26.984579439252336,25.360514018691585,23.403738317757007,22.15747663551402,86.33177570093459,78.66822429906541,82.48598130841121,236.0,3.758878504672897,1.0857476635514018
2019,1,773000,10.029032258064515,773000,cruzeiro do sul,AC,25.21220374331395,AC,0.6901869158878504,987.4971962616822,987.9317757009344,987.161214953271,991.8565420560748,26.186682242990653,22.774766355140187,26.984579439252336,25.360514018691585,23.403738317757007,22.15747663551402,86.33177570093459,78.66822429906541,82.48598130841121,236.0,3.758878504672897,1.0857476635514018
2019,1,773002,7.958620689655173,773002,cruzeiro do sul,AC,25.21220374331395,AC,0.6901869158878504,987.4971962616822,987.9317757009344,987.161214953271,991.8565420560748,26.186682242990653,22.774766355140187,26.984579439252336,25.360514018691585,23.403738317757007,22.15747663551402,86.33177570093459,78.66822429906541,82.48598130841121,236.0,3.758878504672897,1.0857476635514018
2019,1,869000,14.093548387096773,869000,manoel urbano,AC,31.617732163530825,,,,,,,,,,,,,,,,,,
2019,1,870001,3.8483870967741933,870001,tarauaca,AC,67.41835223576297,,,,,,,,,,,,,,,,,,
2019,1,870002,1.6193548387096774,870002,feijo,AC,94.01746290854388,AC,0.5102439024390244,992.9860975609756,993.450487804878,992.681951219512,1264.7478048780488,26.99439024390244,22.82926829268293,27.782195121951226,26.108048780487803,23.43926829268293,22.21560975609756,82.96341463414635,75.7609756097561,79.19268292682926,211.23658536585367,4.20219512195122,1.742926829268293
2019,1,870003,11.725806451612904,870003,feijo,AC,94.01746290854388,AC,0.5102439024390244,992.9860975609756,993.450487804878,992.681951219512,1264.7478048780488,26.99439024390244,22.82926829268293,27.782195121951226,26.108048780487803,23.43926829268293,22.21560975609756,82.96341463414635,75.7609756097561,79.19268292682926,211.23658536585367,4.20219512195122,1.742926829268293
2019,1,872000,6.945161290322581,872000,marechal thaumaturgo,AC,13.670705039267787,,,,,,,,,,,,,,,,,,
2019,1,872001,14.364516129032257,872001,porto walter,AC,8.717767196578144,AC,0.534916864608076,987.7418052256533,988.1790973871734,987.4140142517814,1084.1349168646082,26.37862232779097,22.89477434679335,27.21211401425177,25.506888361045128,23.55296912114014,22.200712589073635,86.08313539192399,78.05463182897863,82.19714964370546,199.70783847981,4.083610451306414,1.5954869358669834
2019,1,967005,7.316129032258065,967005,senador guiomard,AC,6.641857033912627,,,,,,,,,,,,,,,,,,
2019,1,968003,2.0,968003,sena madureira,AC,80.15702482876074,,,,,,,,,,,,,,,,,,
2019,1,968004,12.293548387096775,968004,bujari,AC,26.054598331922783,,,,,,,,,,,,,,,,,,
2019,1,968005,8.122580645161289,968005,sena madureira,AC,80.15702482876074,,,,,,,,,,,,,,,,,,
2019,1,969001,16.551612903225806,969001,sena madureira,AC,80.15702482876074,,,,,,,,,,,,,,,,,,
2019,1,972000,2.664516129032258,972000,marechal thaumaturgo,AC,13.670705039267787,,,,,,,,,,,,,,,,,,
2019,1,1067002,14.003225806451614,1067002,placido de castro,AC,8.99444929959175,,,,,,,,,,,,,,,,,,
2019,1,1067003,4.993548387096775,1067003,capixaba,AC,27.768298463176063,,,,,,,,,,,,,,,,,,
2019,1,1068000,8.464516129032257,1068000,xapuri,AC,59.90475514413975,,,,,,,,,,,,,,,,,,
2019,1,1069000,0.9354838709677419,1069000,assis brasil,AC,21.14388882787328,,,,,,,,,,,,,,,,,,
2019,1,1168001,6.403225806451613,1168001,brasileia,AC,58.610657353155744,,,,,,,,,,,,,,,,,,
2019,1,8050000,16.929032258064513,8050000,macapa,AP,7.2132220547089085,AP,0.0,1007.3,1007.85,1007.25,2367.9,31.5,22.55,32.1,30.75,22.85,19.9,61.5,50.5,59.0,210.5,7.949999999999999,3.85
2019,1,8050001,11.95483870967742,8050001,macapa,AP,7.2132220547089085,AP,0.0,1007.3,1007.85,1007.25,2367.9,31.5,22.55,32.1,30.75,22.85,19.9,61.5,50.5,59.0,210.5,7.949999999999999,3.85
2019,1,8051010,14.041935483870969,8051010,macapa,AP,7.2132220547089085,AP,0.0,1007.3,1007.85,1007.25,2367.9,31.5,22.55,32.1,30.75,22.85,19.9,61.5,50.5,59.0,210.5,7.949999999999999,3.85
2019,1,8052000,9.832258064516129,8052000,serra do navio,AP,0.4995906965567477,,,,,,,,,,,,,,,,,,
2019,1,8150000,13.716129032258063,8150000,tartarugalzinho,AP,5.892986065382216,,,,,,,,,,,,,,,,,,
2019,1,8150001,26.403225806451612,8150001,tartarugalzinho,AP,5.892986065382216,,,,,,,,,,,,,,,,,,
2019,1,8151000,2.3741935483870966,8151000,tartarugalzinho,AP,5.892986065382216,,,,,,,,,,,,,,,,,,
2019,1,8250002,26.370967741935484,8250002,calcoene,AP,2.059622612293361,,,,,,,,,,,,,,,,,,
2019,1,8250003,22.759999999999998,8250003,amapa,AP,0.6930923913573334,,,,,,,,,,,,,,,,,,
2019,1,8251001,23.541935483870965,8251001,calcoene,AP,2.059622612293361,,,,,,,,,,,,,,,,,,
2019,1,8251003,18.274193548387096,8251003,calcoene,AP,2.059622612293361,,,,,,,,,,,,,,,,,,
2019,1,8251004,20.34516129032258,8251004,oiapoque,AP,7.235065497081188,AP,0.4995073891625616,1011.4923645320198,1011.8022167487684,1011.1970443349752,893.038669950739,25.83768472906404,23.92241379310345,26.3820197044335,25.223399014778327,24.466748768472907,23.3128078817734,92.73152709359606,86.5295566502463,89.72413793103448,93.65024630541872,4.243596059113301,1.3054187192118227
2019,1,8351002,9.370967741935484,8351002,oiapoque,AP,7.235065497081188,AP,0.4995073891625616,1011.4923645320198,1011.8022167487684,1011.1970443349752,893.038669950739,25.83768472906404,23.92241379310345,26.3820197044335,25.223399014778327,24.466748768472907,23.3128078817734,92.73152709359606,86.5295566502463,89.72413793103448,93.65024630541872,4.243596059113301,1.3054187192118227
2019,2,51002,12.744444444444445,51002,mazagao,AP,2.335377878738992,,,,,,,,,,,,,,,,,,
2019,2,51004,10.989285714285714,51004,mazagao,AP,2.335377878738992,,,,,,,,,,,,,,,,,,
2019,2,52003,10.757142857142856,52003,mazagao,AP,2.335377878738992,,,,,,,,,,,,,,,,,,
2019,2,771001,8.860714285714286,771001,tarauaca,AC,67.41835223576297,,,,,,,,,,,,,,,,,,
2019,2,772003,3.2964285714285713,772003,tarauaca,AC,67.41835223576297,,,,,,,,,,,,,,,,,,
2019,2,772004,17.285714285714285,772004,cruzeiro do sul,AC,25.21220374331395,AC,0.8183783783783785,986.8181081081082,987.2924324324324,986.4713513513514,989.692162162162,26.4227027027027,23.003243243243244,27.19567567567568,25.59162162162162,23.60675675675676,22.42027027027027,86.4,78.75135135135135,82.4972972972973,236.0,3.825135135135135,1.1156756756756756
2019,2,773000,9.928571428571429,773000,cruzeiro do sul,AC,25.21220374331395,AC,0.8183783783783785,986.8181081081082,987.2924324324324,986.4713513513514,989.692162162162,26.4227027027027,23.003243243243244,27.19567567567568,25.59162162162162,23.60675675675676,22.42027027027027,86.4,78.75135135135135,82.4972972972973,236.0,3.825135135135135,1.1156756756756756
2019,2,773002,9.928571428571429,773002,cruzeiro do sul,AC,25.21220374331395,AC,0.8183783783783785,986.8181081081082,987.2924324324324,986.4713513513514,989.692162162162,26.4227027027027,23.003243243243244,27.19567567567568,25.59162162162162,23.60675675675676,22.42027027027027,86.4,78.75135135135135,82.4972972972973,236.0,3.825135135135135,1.1156756756756756
2019,2,869000,11.639285714285714,869000,manoel urbano,AC,31.617732163530825,,,,,,,,,,,,,,,,,,
2019,2,870001,4.142857142857143,870001,tarauaca,AC,67.41835223576297,,,,,,,,,,,,,,,,,,
2019,2,870002,11.00357142857143,870002,feijo,AC,94.01746290854388,AC,0.6772602739726027,992.3071232876712,992.7816438356164,991.9701369863012,1259.2838356164382,27.074794520547943,23.274246575342467,27.853972602739727,26.191232876712327,23.87753424657534,22.66575342465753,84.3917808219178,77.3013698630137,80.71780821917808,200.7178082191781,4.3304109589041095,1.7895890410958906
2019,2,870003,5.410714285714286,870003,feijo,AC,94.01746290854388,AC,0.6772602739726027,992.3071232876712,992.7816438356164,991.9701369863012,1259.2838356164382,27.074794520547943,23.274246575342467,27.853972602739727,26.191232876712327,23.87753424657534,22.66575342465753,84.3917808219178,77.3013698630137,80.71780821917808,200.7178082191781,4.3304109589041095,1.7895890410958906
2019,2,872000,10.242857142857144,872000,marechal thaumaturgo,AC,13.670705039267787,,,,,,,,,,,,,,,,,,
2019,2,872001,20.114285714285717,872001,porto walter,AC,8.717767196578144,AC,0.5559228650137741,987.053994490358,987.5264462809916,986.7258953168044,1083.1341597796145,26.54765840220385,23.09807162534436,27.207162534435263,25.81046831955923,23.66280991735537,22.56115702479339,85.87052341597796,79.0,82.24242424242425,201.8457300275482,4.084848484848485,1.6214876033057852
2019,2,967005,9.557142857142859,967005,senador guiomard,AC,6.641857033912627,,,,,,,,,,,,,,,,,,
2019,2,968003,5.714285714285714,968003,sena madureira,AC,80.15702482876074,,,,,,,,,,,,,,,,,,
2019,2,968004,9.510714285714286,968004,bujari,AC,26.054598331922783,,,,,,,,,,,,,,,,,,
2019,2,968005,14.882142857142856,968005,sena madureira,AC,80.15702482876074,,,,,,,,,,,,,,,,,,
2019,2,969001,13.182142857142859,969001,sena madureira,AC,80.15702482876074,,,,,,,,,,,,,,,,,,
2019,2,972000,7.185714285714285,972000,marechal thaumaturgo,AC,13.670705039267787,,,,,,,,,,,,,,,,,,
2019,2,1067002,8.942857142857143,1067002,placido de castro,AC,8.99444929959175,,,,,,,,,,,,,,,,,,
2019,2,1067003,13.164285714285715,1067003,capixaba,AC,27.768298463176063,,,,,,,,,,,,,,,,,,
2019,2,1068000,5.8500000000000005,1068000,xapuri,AC,59.90475514413975,,,,,,,,,,,,,,,,,,
2019,2,1069000,16.52142857142857,1069000,assis brasil,AC,21.14388882787328,,,,,,,,,,,,,,,,,,
2019,2,1168001,9.092857142857143,1168001,brasileia,AC,58.610657353155744,,,,,,,,,,,,,,,,,,
2019,2,8050000,16.12142857142857,8050000,macapa,AP,7.2132220547089085,AP,0.7490909090909091,1010.1069090909092,1010.4578181818184,1009.8014545454546,1068.9734545454546,26.978181818181817,23.047272727272727,27.509454545454545,26.318545454545458,23.57490909090909,22.561818181818182,83.20727272727272,77.75636363636363,80.14909090909092,172.9309090909091,5.755272727272727,2.0796363636363635
2019,2,8050001,20.239285714285717,8050001,macapa,AP,7.2132220547089085,AP,0.7490909090909091,1010.1069090909092,1010.4578181818184,1009.8014545454546,1068.9734545454546,26.978181818181817,23.047272727272727,27.509454545454545,26.318545454545458,23.57490909090909,22.561818181818182,83.20727272727272,77.75636363636363,80.14909090909092,172.9309090909091,5.755272727272727,2.0796363636363635
2019,2,8051010,17.882142857142856,8051010,macapa,AP,7.2132220547089085,AP,0.7490909090909091,1010.1069090909092,1010.4578181818184,1009.8014545454546,1068.9734545454546,26.978181818181817,23.047272727272727,27.509454545454545,26.318545454545458,23.57490909090909,22.561818181818182,83.20727272727272,77.75636363636363,80.14909090909092,172.9309090909091,5.755272727272727,2.0796363636363635
2019,2,8051012,9.475,8051012,porto grande,AP,2.743776687148729,,,,,,,,,,,,,,,,,,
2019,2,8052000,9.621428571428572,8052000,serra do navio,AP,0.4995906965567477,,,,,,,,,,,,,,,,,,
2019,2,8150000,11.242857142857144,8150000,tartarugalzinho,AP,5.892986065382216,,,,,,,,,,,,,,,,,,
2019,2,8150001,22.385714285714283,8150001,tartarugalzinho,AP,5.892986065382216,,,,,,,,,,,,,,,,,,
2019,2,8151000,10.24642857142857,8151000,tartarugalzinho,AP,5.892986065382216,,,,,,,,,,,,,,,,,,
2019,2,8250002,11.728571428571428,8250002,calcoene,AP,2.059622612293361,,,,,,,,,,,,,,,,,,
2019,2,8250003,15.046428571428573,8250003,amapa,AP,0.6930923913573334,,,,,,,,,,,,,,,,,,
2019,2,8251001,9.910714285714286,8251001,calcoene,AP,2.059622612293361,,,,,,,,,,,,,,,,,,
2019,2,8251003,9.950000000000001,8251003,calcoene,AP,2.059622612293361,,,,,,,,,,,,,,,,,,
2019,2,8251004,6.685714285714285,8251004,oiapoque,AP,7.235065497081188,AP,0.314054054054054,1011.0272972972972,1011.3362162162164,1010.7448648648648,1090.462972972973,26.43729729729729,23.512162162162163,27.03,25.70243243243243,24.177297297297297,22.87810810810811,89.0,81.41891891891892,84.91891891891892,69.47027027027028,5.26,1.6932432432432432
2019,2,8351002,4.835714285714286,8351002,oiapoque,AP,7.235065497081188,AP,0.314054054054054,1011.0272972972972,1011.3362162162164,1010.7448648648648,1090.462972972973,26.43729729729729,23.512162162162163,27.03,25.70243243243243,24.177297297297297,22.87810810810811,89.0,81.41891891891892,84.91891891891892,69.47027027027028,5.26,1.6932432432432432
2019,3,51002,8.174193548387096,51002,mazagao,AP,2.335377878738992,,,,,,,,,,,,,,,,,,
2019,3,51004,7.396774193548387,51004,mazagao,AP,2.335377878738992,,,,,,,,,,,,,,,,,,
2019,3,52003,8.167741935483871,52003,mazagao,AP,2.335377878738992,,,,,,,,,,,,,,,,,,
2019,3,771001,8.325806451612904,771001,tarauaca,AC,67.41835223576297,,,,,,,,,,,,,,,,,,
2019,3,772003,8.393548387096773,772003,tarauaca,AC,67.41835223576297,,,,,,,,,,,,,,,,,,
2019,3,772004,13.367741935483872,772004,cruzeiro do sul,AC,25.21220374331395,AC,0.6569948186528497,987.0559585492229,987.5761658031088,986.7375647668396,1171.432901554404,27.139378238341965,23.08678756476684,27.964248704663213,26.24844559585492,23.789896373057,22.35518134715026,84.0440414507772,75.38601036269431,79.639896373057,236.0,3.769430051813472,1.133678756476684
2019,3,773000,9.654838709677419,773000,cruzeiro do sul,AC,25.21220374331395,AC,0.6569948186528497,987.0559585492229,987.5761658031088,986.7375647668396,1171.432901554404,27.139378238341965,23.08678756476684,27.964248704663213,26.24844559585492,23.789896373057,22.35518134715026,84.0440414507772,75.38601036269431,79.639896373057,236.0,3.769430051813472,1.133678756476684
2019,3,773002,8.219354838709679,773002,cruzeiro do sul,AC,25.21220374331395,AC,0.6569948186528497,987.0559585492229,987.5761658031088,986.7375647668396,1171.432901554404,27.139378238341965,23.08678756476684,27.964248704663213,26.24844559585492,23.789896373057,22.35518134715026,84.0440414507772,75.38601036269431,79.639896373057,236.0,3.769430051813472,1.133678756476684
2019,3,869000,11.103225806451613,869000,manoel urbano,AC,31.617732163530825,,,,,,,,,,,,,,,,,,
2019,3,870001,4.909677419354838,870001,tarauaca,AC,67.41835223576297,,,,,,,,,,,,,,,,,,
2019,3,870002,11.003225806451614,870002,feijo,AC,94.01746290854388,AC,0.4014814814814815,992.5293827160494,993.032098765432,992.1822222222222,1231.971111111111,27.153827160493822,23.30716049382716,27.923456790123456,26.32765432098765,23.91851851851852,22.74246913580247,84.21975308641976,77.42962962962963,80.66913580246914,187.9753086419753,4.069876543209876,1.7153086419753087
2019,3,870003,3.3766666666666665,870003,feijo,AC,94.01746290854388,AC,0.4014814814814815,992.5293827160494,993.032098765432,992.1822222222222,1231.971111111111,27.153827160493822,23.30716049382716,27.923456790123456,26.32765432098765,23.91851851851852,22.74246913580247,84.21975308641976,77.42962962962963,80.66913580246914,187.9753086419753,4.069876543209876,1.7153086419753087
2019,3,872000,13.946129032258064,872000,marechal thaumaturgo,AC,13.670705039267787,,,,,,,,,,,,,,,,,,
2019,3,872001,10.203225806451613,872001,porto walter,AC,8.717767196578144,AC,0.5697127937336814,987.3892950391644,987.9041775456918,987.0809399477808,1257.218276762402,27.049608355091383,23.17154046997389,27.78825065274152,26.19686684073107,23.815404699738902,22.514099216710186,84.64229765013054,76.63446475195822,80.48302872062663,187.20626631853787,4.020626631853786,1.5736292428198435
2019,3,967005,10.893548387096773,967005,senador guiomard,AC,6.641857033912627,,,,,,,,,,,,,,,,,,
2019,3,968003,6.103225806451612,968003,sena madureira,AC,80.15702482876074,,,,,,,,,,,,,,,,,,
2019,3,968004,11.351612903225806,968004,bujari,AC,26.054598331922783,,,,,,,,,,,,,,,,,,
2019,3,968005,9.038709677419355,968005,sena madureira,AC,80.15702482876074,,,,,,,,,,,,,,,,,,
2019,3,969001,6.979310344827587,969001,sena madureira,AC,80.15702482876074,,,,,,,,,,,,,,,,,,
2019,3,972000,6.135483870967741,972000,marechal thaumaturgo,AC,13.670705039267787,,,,,,,,,,,,,,,,,,
2019,3,1067002,12.567741935483872,1067002,placido de castro,AC,8.99444929959175,,,,,,,,,,,,,,,,,,
2019,3,1067003,10.616129032258065,1067003,capixaba,AC,27.768298463176063,,,,,,,,,,,,,,,,,,
2019,3,1068000,12.729032258064517,1068000,xapuri,AC,59.90475514413975,,,,,,,,,,,,,,,,,,
2019,3,1069000,27.192857142857143,1069000,assis brasil,AC,21.14388882787328,,,,,,,,,,,,,,,,,,
2019,3,1168001,6.567741935483871,1168001,brasileia,AC,58.610657353155744,,,,,,,,,,,,,,,,,,
2019,3,8050000,10.57741935483871,8050000,macapa,AP,7.2132220547089085,AP,0.4116222760290557,1010.471186440678,1010.8404358353512,1010.1726392251816,1060.1789346246974,27.07409200968523,23.088377723970943,27.63462469733656,26.369733656174336,23.627360774818403,22.54721549636804,83.08958837772397,76.86924939467312,79.7457627118644,171.9636803874092,5.554237288135593,1.9803874092009688
2019,3,8050001,11.90967741935484,8050001,macapa,AP,7.2132220547089085,AP,0.4116222760290557,1010.471186440678,1010.8404358353512,1010.1726392251816,1060.1789346246974,27.07409200968523,23.088377723970943,27.63462469733656,26.369733656174336,23.627360774818403,22.54721549636804,83.08958837772397,76.86924939467312,79.7457627118644,171.9636803874092,5.554237288135593,1.9803874092009688
2019,3,8051010,15.932258064516128,8051010,macapa,AP,7.2132220547089085,AP,0.4116222760290557,1010.471186440678,1010.8404358353512,1010.1726392251816,1060.1789346246974,27.07409200968523,23.088377723970943,27.63462469733656,26.369733656174336,23.627360774818403,22.54721549636804,83.08958837772397,76.86924939467312,79.7457627118644,171.9636803874092,5.554237288135593,1.9803874092009688
2019,3,8051012,9.12258064516129,8051012,porto grande,AP,2.743776687148729,,,,,,,,,,,,,,,,,,
2019,3,8052000,4.983870967741935,8052000,serra do navio,AP,0.4995906965567477,,,,,,,,,,,,,,,,,,
2019,3,8150000,8.290322580645162,8150000,tartarugalzinho,AP,5.892986065382216,,,,,,,,,,,,,,,,,,
2019,3,8150001,10.432258064516128,8150001,tartarugalzinho,AP,5.892986065382216,,,,,,,,,,,,,,,,,,
2019,3,8151000,14.019354838709678,8151000,tartarugalzinho,AP,5.892986065382216,,,,,,,,,,,,,,,,,,
2019,3,8250002,7.780645161290322,8250002,calcoene,AP,2.059622612293361,,,,,,,,,,,,,,,,,,
2019,3,8250003,11.887096774193548,8250003,amapa,AP,0.6930923913573334,,,,,,,,,,,,,,,,,,
2019,3,8251001,2.761290322580645,8251001,calcoene,AP,2.059622612293361,,,,,,,,,,,,,,,,,,
2019,3,8251003,9.639999999999999,8251003,calcoene,AP,2.059622612293361,,,,,,,,,,,,,,,,,,
2019,3,8251004,1.5516129032258066,8251004,oiapoque,AP,7.235065497081188,AP,0.0850746268656716,1011.424129353234,1011.7619402985074,1011.1343283582088,1298.7375621890546,27.245522388059705,23.08606965174129,27.910199004975123,26.340049751243782,23.772885572139305,22.430348258706463,83.87810945273633,75.6044776119403,79.18905472636816,61.8681592039801,5.321144278606965,1.826865671641791
2019,3,8351002,1.4096774193548385,8351002,oiapoque,AP,7.235065497081188,AP,0.0850746268656716,1011.424129353234,1011.7619402985074,1011.1343283582088,1298.7375621890546,27.245522388059705,23.08606965174129,27.910199004975123,26.340049751243782,23.772885572139305,22.430348258706463,83.87810945273633,75.6044776119403,79.18905472636816,61.8681592039801,5.321144278606965,1.826865671641791
2019,4,51002,8.110344827586207,51002,mazagao,AP,2.335377878738992,,,,,,,,,,,,,,,,,,
2019,4,51004,10.78,51004,mazagao,AP,2.335377878738992,,,,,,,,,,,,,,,,,,
2019,4,52003,9.479999999999999,52003,mazagao,AP,2.335377878738992,,,,,,,,,,,,,,,,,,
2019,4,771001,5.263333333333334,771001,tarauaca,AC,67.41835223576297,,,,,,,,,,,,,,,,,,
2019,4,772003,2.3466666666666667,772003,tarauaca,AC,67.41835223576297,,,,,,,,,,,,,,,,,,
2019,4,772004,7.206666666666666,772004,cruzeiro do sul,AC,25.21220374331395,AC,0.3511936339522546,987.0840848806366,987.5737400530504,986.7713527851458,1214.589124668435,27.58010610079576,23.03076923076923,28.428381962864723,26.654111405835543,23.79549071618037,22.28222811671088,82.06896551724138,73.3368700265252,77.48541114058355,236.0,3.70106100795756,1.093103448275862
2019,4,773000,7.753333333333333,773000,cruzeiro do sul,AC,25.21220374331395,AC,0.3511936339522546,987.0840848806366,987.5737400530504,986.7713527851458,1214.589124668435,27.58010610079576,23.03076923076923,28.428381962864723,26.654111405835543,23.79549071618037,22.28222811671088,82.06896551724138,73.3368700265252,77.48541114058355,236.0,3.70106100795756,1.093103448275862
2019,4,773002,3.6366666666666663,773002,cruzeiro do sul,AC,25.21220374331395,AC,0.3511936339522546,987.0840848806366,987.5737400530504,986.7713527851458,1214.589124668435,27.58010610079576,23.03076923076923,28.428381962864723,26.654111405835543,23.79549071618037,22.28222811671088,82.06896551724138,73.3368700265252,77.48541114058355,236.0,3.70106100795756,1.093103448275862
2019,4,869000,9.733333333333333,869000,manoel urbano,AC,31.617732163530825,,,,,,,,,,,,,,,,,,
2019,4,870001,2.7666666666666666,870001,tarauaca,AC,67.41835223576297,,,,,,,,,,,,,,,,,,
2019,4,870002,8.05,870002,feijo,AC,94.01746290854388,AC,0.3519181585677749,992.5902813299232,993.0634271099744,992.2713554987212,1195.2296675191817,27.56445012787724,23.21815856777493,28.342710997442456,26.68874680306905,23.83248081841432,22.597698209718672,82.16879795396419,74.85166240409207,78.33759590792839,208.96675191815856,3.79923273657289,1.5759590792838876
2019,4,870003,8.233333333333333,870003,feijo,AC,94.01746290854388,AC,0.3519181585677749,992.5902813299232,993.0634271099744,992.2713554987212,1195.2296675191817,27.56445012787724,23.21815856777493,28.342710997442456,26.68874680306905,23.83248081841432,22.597698209718672,82.16879795396419,74.85166240409207,78.33759590792839,208.96675191815856,3.79923273657289,1.5759590792838876
2019,4,872000,2.5966666666666667,872000,marechal thaumaturgo,AC,13.670705039267787,,,,,,,,,,,,,,,,,,
2019,4,872001,2.12,872001,porto walter,AC,8.717767196578144,AC,0.1338709677419355,987.4198924731184,987.9271505376344,987.1112903225808,1389.4682795698925,27.79811827956989,23.012096774193548,28.528763440860217,26.8994623655914,23.69005376344086,22.333870967741937,80.86559139784946,72.84677419354838,76.46236559139786,215.1424731182796,4.042741935483871,1.6376344086021506
2019,4,967005,4.09,967005,senador guiomard,AC,6.641857033912627,,,,,,,,,,,,,,,,,,
2019,4,968003,2.1666666666666665,968003,sena madureira,AC,80.15702482876074,,,,,,,,,,,,,,,,,,
2019,4,968004,6.326666666666667,968004,bujari,AC,26.054598331922783,,,,,,,,,,,,,,,,,,
2019,4,969001,3.8333333333333335,969001,sena madureira,AC,80.15702482876074,,,,,,,,,,,,,,,,,,
2019,4,972000,4.963333333333334,972000,marechal thaumaturgo,AC,13.670705039267787,,,,,,,,,,,,,,,,,,
2019,4,1067002,8.55,1067002,placido de castro,AC,8.99444929959175,,,,,,,,,,,,,,,,,,
2019,4,1067003,7.1033333333333335,1067003,capixaba,AC,27.768298463176063,,,,,,,,,,,,,,,,,,
2019,4,1068000,4.783333333333333,1068000,xapuri,AC,59.90475514413975,,,,,,,,,,,,,,,,,,
2019,4,1069000,3.1666666666666665,1069000,assis brasil,AC,21.14388882787328,,,,,,,,,,,,,,,,,,
2019,4,1168001,4.983333333333333,1168001,brasileia,AC,58.610657353155744,,,,,,,,,,,,,,,,,,
2019,4,8050000,20.526666666666664,8050000,macapa,AP,7.2132220547089085,AP,0.6902821316614419,1010.1031347962384,1010.466144200627,1009.792789968652,1095.9404388714734,26.893103448275863,23.52100313479624,27.540438871473352,26.22194357366771,24.073040752351098,22.984326018808776,85.55172413793103,79.30094043887148,82.38871473354232,167.06583072100312,5.141065830721003,1.8673981191222573
2019,4,8050001,38.07,8050001,macapa,AP,7.2132220547089085,AP,0.6902821316614419,1010.1031347962384,1010.466144200627,1009.792789968652,1095.9404388714734,26.893103448275863,23.52100313479624,27.540438871473352,26.22194357366771,24.073040752351098,22.984326018808776,85.55172413793103,79.30094043887148,82.38871473354232,167.06583072100312,5.141065830721003,1.8673981191222573
2019,4,8051010,18.836666666666666,8051010,macapa,AP,7.2132220547089085,AP,0.6902821316614419,1010.1031347962384,1010.466144200627,1009.792789968652,1095.9404388714734,26.893103448275863,23.52100313479624,27.540438871473352,26.22194357366771,24.073040752351098,22.984326018808776,85.55172413793103,79.30094043887148,82.38871473354232,167.06583072100312,5.141065830721003,1.8673981191222573
2019,4,8051012,13.330000000000002,8051012,porto grande,AP,2.743776687148729,AP,0.6379310344827587,1002.0387931034484,1002.4086206896552,1001.7413793103448,1029.0711206896551,26.16465517241379,23.25172413793103,26.836637931034485,25.49137931034483,23.7375,22.77629310344828,88.08620689655173,80.84482758620689,84.54310344827586,122.07327586206895,4.865086206896552,1.975862068965517
2019,4,8052000,12.830000000000002,8052000,serra do navio,AP,0.4995906965567477,,,,,,,,,,,,,,,,,,
2019,4,8150000,12.424999999999999,8150000,tartarugalzinho,AP,5.892986065382216,,,,,,,,,,,,,,,,,,
2019,4,8150001,24.436666666666667,8150001,tartarugalzinho,AP,5.892986065382216,,,,,,,,,,,,,,,,,,
2019,4,8151000,17.14333333333333,8151000,tartarugalzinho,AP,5.892986065382216,,,,,,,,,,,,,,,,,,
2019,4,8250002,18.366666666666667,8250002,calcoene,AP,2.059622612293361,,,,,,,,,,,,,,,,,,
2019,4,8250003,29.146666666666665,8250003,amapa,AP,0.6930923913573334,,,,,,,,,,,,,,,,,,
2019,4,8251001,14.360000000000001,8251001,calcoene,AP,2.059622612293361,,,,,,,,,,,,,,,,,,
2019,4,8251003,12.266666666666667,8251003,calcoene,AP,2.059622612293361,,,,,,,,,,,,,,,,,,
2019,4,8251004,12.28,8251004,oiapoque,AP,7.235065497081188,AP,0.7570332480818415,1010.8409207161124,1011.1606138107416,1010.5511508951406,1063.501534526854,26.50460358056266,24.042199488491047,27.114066496163684,25.81304347826087,24.68286445012788,23.43989769820972,90.8925831202046,83.88235294117646,87.24808184143222,89.38107416879795,4.553708439897698,1.4184143222506391
2019,4,8351002,12.676666666666668,8351002,oiapoque,AP,7.235065497081188,AP,0.7570332480818415,1010.8409207161124,1011.1606138107416,1010.5511508951406,1063.501534526854,26.50460358056266,24.042199488491047,27.114066496163684,25.81304347826087,24.68286445012788,23.43989769820972,90.8925831202046,83.88235294117646,87.24808184143222,89.38107416879795,4.553708439897698,1.4184143222506391
2019,5,51002,6.696774193548387,51002,mazagao,AP,2.335377878738992,,,,,,,,,,,,,,,,,,
2019,5,51004,11.085714285714287,51004,mazagao,AP,2.335377878738992,,,,,,,,,,,,,,,,,,
2019,5,52003,16.383870967741935,52003,mazagao,AP,2.335377878738992,,,,,,,,,,,,,,,,,,
2019,5,771001,5.441935483870967,771001,tarauaca,AC,67.41835223576297,,,,,,,,,,,,,,,,,,
2019,5,772003,1.7741935483870968,772003,tarauaca,AC,67.41835223576297,,,,,,,,,,,,,,,,,,
2019,5,772004,1.929032258064516,772004,cruzeiro do sul,AC,25.21220374331395,AC,0.101025641025641,987.8382051282052,988.2520512820512,987.593846153846,1197.3679487179488,27.733589743589743,22.322051282051284,28.57897435897436,26.66923076923077,23.124615384615385,21.56,78.83333333333333,69.66923076923077,73.8051282051282,236.0,3.707948717948718,1.156923076923077
2019,5,773000,4.699999999999999,773000,cruzeiro do sul,AC,25.21220374331395,AC,0.101025641025641,987.8382051282052,988.2520512820512,987.593846153846,1197.3679487179488,27.733589743589743,22.322051282051284,28.57897435897436,26.66923076923077,23.124615384615385,21.56,78.83333333333333,69.66923076923077,73.8051282051282,236.0,3.707948717948718,1.156923076923077
2019,5,773002,2.5677419354838706,773002,cruzeiro do sul,AC,25.21220374331395,AC,0.101025641025641,987.8382051282052,988.2520512820512,987.593846153846,1197.3679487179488,27.733589743589743,22.322051282051284,28.57897435897436,26.66923076923077,23.124615384615385,21.56,78.83333333333333,69.66923076923077,73.8051282051282,236.0,3.707948717948718,1.156923076923077
2019,5,869000,1.4193548387096775,869000,manoel urbano,AC,31.617732163530825,,,,,,,,,,,,,,,,,,
2019,5,870001,1.9774193548387098,870001,tarauaca,AC,67.41835223576297,,,,,,,,,,,,,,,,,,
2019,5,870002,1.7741935483870968,870002,feijo,AC,94.01746290854388,AC,0.1354679802955665,993.4337438423644,993.8174876847291,993.1766009852216,1204.337684729064,27.158620689655173,22.35024630541872,27.95985221674877,26.164039408866994,22.964039408866995,21.68399014778325,80.50985221674877,73.10591133004927,76.58128078817734,189.95320197044336,3.920443349753695,1.6669950738916255
2019,5,870003,0.4419354838709677,870003,feijo,AC,94.01746290854388,AC,0.1354679802955665,993.4337438423644,993.8174876847291,993.1766009852216,1204.337684729064,27.158620689655173,22.35024630541872,27.95985221674877,26.164039408866994,22.964039408866995,21.68399014778325,80.50985221674877,73.10591133004927,76.58128078817734,189.95320197044336,3.920443349753695,1.6669950738916255
2019,5,872000,0.8612903225806451,872000,marechal thaumaturgo,AC,13.670705039267787,,,,,,,,,,,,,,,,,,
2019,5,872001,3.3741935483870966,872001,porto walter,AC,8.717767196578144,AC,0.3152046783625731,988.2964912280704,988.7172514619884,988.0520467836257,1419.4681286549708,27.765204678362576,22.178070175438595,28.45877192982456,26.75584795321637,22.85,21.46432748538012,77.81871345029239,69.67251461988305,73.05847953216374,187.45029239766083,3.837134502923977,1.5128654970760234
2019,5,967005,1.7580645161290323,967005,senador guiomard,AC,6.641857033912627,,,,,,,,,,,,,,,,,,
2019,5,968003,0.6451612903225806,968003,sena madureira,AC,80.15702482876074,,,,,,,,,,,,,,,,,,
2019,5,968004,1.796774193548387,968004,bujari,AC,26.054598331922783,,,,,,,,,,,,,,,,,,
2019,5,968005,3.864516129032258,968005,sena madureira,AC,80.15702482876074,,,,,,,,,,,,,,,,,,
2019,5,969001,2.7548387096774194,969001,sena madureira,AC,80.15702482876074,,,,,,,,,,,,,,,,,,
2019,5,972000,0.0,972000,marechal thaumaturgo,AC,13.670705039267787,,,,,,,,,,,,,,,,,,
2019,5,1067002,0.36774193548387096,1067002,placido de castro,AC,8.99444929959175,,,,,,,,,,,,,,,,,,
2019,5,1067003,3.632258064516129,1067003,capixaba,AC,27.768298463176063,,,,,,,,,,,,,,,,,,
2019,5,1068000,6.67741935483871,1068000,xapuri,AC,59.90475514413975,,,,,,,,,,,,,,,,,,
2019,5,1069000,0.18064516129032257,1069000,assis brasil,AC,21.14388882787328,,,,,,,,,,,,,,,,,,
2019,5,1168001,2.6677419354838707,1168001,brasileia,AC,58.610657353155744,,,,,,,,,,,,,,,,,,
2019,5,8050000,24.312903225806455,8050000,macapa,AP,7.2132220547089085,AP,0.6029268292682928,1009.519756097561,1009.8860975609756,1009.2165853658536,1355.569756097561,27.85390243902439,23.67658536585365,28.47878048780488,27.151951219512192,24.293658536585365,23.084146341463416,82.5390243902439,75.61951219512196,78.8780487804878,185.1853658536585,5.517560975609755,2.1795121951219514
2019,5,8050001,17.312903225806455,8050001,macapa,AP,7.2132220547089085,AP,0.6029268292682928,1009.519756097561,1009.8860975609756,1009.2165853658536,1355.569756097561,27.85390243902439,23.67658536585365,28.47878048780488,27.151951219512192,24.293658536585365,23.084146341463416,82.5390243902439,75.61951219512196,78.8780487804878,185.1853658536585,5.517560975609755,2.1795121951219514
2019,5,8051010,20.019354838709678,8051010,macapa,AP,7.2132220547089085,AP,0.6029268292682928,1009.519756097561,1009.8860975609756,1009.2165853658536,1355.569756097561,27.85390243902439,23.67658536585365,28.47878048780488,27.151951219512192,24.293658536585365,23.084146341463416,82.5390243902439,75.61951219512196,78.8780487804878,185.1853658536585,5.517560975609755,2.1795121951219514
2019,5,8051012,10.95483870967742,8051012,porto grande,AP,2.743776687148729,AP,0.5830845771144278,1001.71592039801,1002.0825870646768,1001.405472636816,1137.4880597014926,26.57985074626865,23.404726368159206,27.249253731343284,25.76741293532338,23.894278606965173,22.82761194029851,87.30099502487562,79.66915422885572,83.44776119402985,124.77860696517412,4.785323383084577,1.8544776119402984
2019,5,8052000,10.148387096774194,8052000,serra do navio,AP,0.4995906965567477,,,,,,,,,,,,,,,,,,
2019,5,8150000,7.725806451612903,8150000,tartarugalzinho,AP,5.892986065382216,,,,,,,,,,,,,,,,,,
2019,5,8150001,40.483870967741936,8150001,tartarugalzinho,AP,5.892986065382216,,,,,,,,,,,,,,,,,,
2019,5,8151000,13.187096774193549,8151000,tartarugalzinho,AP,5.892986065382216,,,,,,,,,,,,,,,,,,
2019,5,8250002,24.874193548387098,8250002,calcoene,AP,2.059622612293361,,,,,,,,,,,,,,,,,,
2019,5,8250003,21.345161290322583,8250003,amapa,AP,0.6930923913573334,,,,,,,,,,,,,,,,,,
2019,5,8251001,23.125806451612902,8251001,calcoene,AP,2.059622612293361,,,,,,,,,,,,,,,,,,
2019,5,8251003,23.967741935483872,8251003,calcoene,AP,2.059622612293361,,,,,,,,,,,,,,,,,,
2019,5,8251004,22.55483870967742,8251004,oiapoque,AP,7.235065497081188,AP,0.9902676399026764,1010.2625304136252,1010.5715328467154,1009.9897810218978,925.8172749391728,26.463990267639904,24.62822384428224,27.004379562043795,25.87226277372263,25.20462287104623,24.08248175182481,93.20681265206812,87.2749391727494,90.2749391727494,114.1338199513382,3.956934306569343,1.1236009732360095
2019,5,8351002,17.21333333333333,8351002,oiapoque,AP,7.235065497081188,AP,0.9902676399026764,1010.2625304136252,1010.5715328467154,1009.9897810218978,925.8172749391728,26.463990267639904,24.62822384428224,27.004379562043795,25.87226277372263,25.20462287104623,24.08248175182481,93.20681265206812,87.2749391727494,90.2749391727494,114.1338199513382,3.956934306569343,1.1236009732360095
2019,6,51002,5.193333333333333,51002,mazagao,AP,2.335377878738992,,,,,,,,,,,,,,,,,,
2019,6,51004,12.857142857142858,51004,mazagao,AP,2.335377878738992,,,,,,,,,,,,,,,,,,
2019,6,52003,10.963333333333333,52003,mazagao,AP,2.335377878738992,,,,,,,,,,,,,,,,,,
2019,6,771001,3.6133333333333337,771001,tarauaca,AC,67.41835223576297,,,,,,,,,,,,,,,,,,
2019,6,772003,2.6766666666666667,772003,tarauaca,AC,67.41835223576297,,,,,,,,,,,,,,,,,,
2019,6,772004,1.4933333333333332,772004,cruzeiro do sul,AC,25.21220374331395,AC,0.0764705882352941,988.9918300653596,989.4725490196078,988.8401960784312,1367.1147058823528,28.79248366013072,21.77843137254902,29.81209150326797,27.74183006535948,22.651633986928104,20.964379084967323,72.54901960784314,62.55228758169935,67.23202614379085,236.0,3.7598039215686274,1.19640522875817
2019,6,773000,4.873333333333333,773000,cruzeiro do sul,AC,25.21220374331395,AC,0.0764705882352941,988.9918300653596,989.4725490196078,988.8401960784312,1367.1147058823528,28.79248366013072,21.77843137254902,29.81209150326797,27.74183006535948,22.651633986928104,20.964379084967323,72.54901960784314,62.55228758169935,67.23202614379085,236.0,3.7598039215686274,1.19640522875817
2019,6,773002,1.3733333333333335,773002,cruzeiro do sul,AC,25.21220374331395,AC,0.0764705882352941,988.9918300653596,989.4725490196078,988.8401960784312,1367.1147058823528,28.79248366013072,21.77843137254902,29.81209150326797,27.74183006535948,22.651633986928104,20.964379084967323,72.54901960784314,62.55228758169935,67.23202614379085,236.0,3.7598039215686274,1.19640522875817
2019,6,869000,0.5233333333333333,869000,manoel urbano,AC,31.617732163530825,,,,,,,,,,,,,,,,,,
2019,6,870001,0.3466666666666667,870001,tarauaca,AC,67.41835223576297,,,,,,,,,,,,,,,,,,
2019,6,870002,0.7866666666666667,870002,feijo,AC,94.01746290854388,AC,0.1696335078534031,994.8075916230366,995.1931937172776,994.5667539267016,1216.296335078534,27.63141361256545,22.50759162303665,28.47905759162304,26.56413612565445,23.118848167539262,21.79947643979057,79.41361256544502,71.58376963350786,75.26439790575917,186.5130890052356,3.682722513089005,1.529057591623037
2019,6,870003,4.033333333333333,870003,feijo,AC,94.01746290854388,AC,0.1696335078534031,994.8075916230366,995.1931937172776,994.5667539267016,1216.296335078534,27.63141361256545,22.50759162303665,28.47905759162304,26.56413612565445,23.118848167539262,21.79947643979057,79.41361256544502,71.58376963350786,75.26439790575917,186.5130890052356,3.682722513089005,1.529057591623037
2019,6,872000,2.0966666666666667,872000,marechal thaumaturgo,AC,13.670705039267787,,,,,,,,,,,,,,,,,,
2019,6,872001,1.5833333333333333,872001,porto walter,AC,8.717767196578144,AC,0.0412903225806451,989.6187096774194,990.083870967742,989.4548387096776,1600.629677419355,29.043225806451613,21.44709677419355,29.93032258064516,28.00064516129033,22.19290322580645,20.787096774193547,69.88387096774194,61.541935483870965,64.98709677419355,182.6387096774193,4.324516129032258,1.767741935483871
2019,6,967005,2.57,967005,senador guiomard,AC,6.641857033912627,,,,,,,,,,,,,,,,,,
2019,6,968003,0.0,968003,sena madureira,AC,80.15702482876074,,,,,,,,,,,,,,,,,,
2019,6,968004,2.2066666666666666,968004,bujari,AC,26.054598331922783,,,,,,,,,,,,,,,,,,
2019,6,968005,1.0633333333333332,968005,sena madureira,AC,80.15702482876074,,,,,,,,,,,,,,,,,,
2019,6,969001,1.3366666666666667,969001,sena madureira,AC,80.15702482876074,,,,,,,,,,,,,,,,,,
2019,6,972000,0.3433333333333334,972000,marechal thaumaturgo,AC,13.670705039267787,,,,,,,,,,,,,,,,,,
2019,6,1067002,0.6933333333333334,1067002,placido de castro,AC,8.99444929959175,,,,,,,,,,,,,,,,,,
2019,6,1067003,1.8333333333333333,1067003,capixaba,AC,27.768298463176063,,,,,,,,,,,,,,,,,,
2019,6,1068000,0.9266666666666666,1068000,xapuri,AC,59.90475514413975,,,,,,,,,,,,,,,,,,
2019,6,1069000,2.5900000000000003,1069000,assis brasil,AC,21.14388882787328,,,,,,,,,,,,,,,,,,
2019,6,1168001,0.20666666666666664,1168001,brasileia,AC,58.610657353155744,,,,,,,,,,,,,,,,,,
2019,6,8050000,13.43,8050000,macapa,AP,7.2132220547089085,AP,0.3638676844783715,1011.0139949109416,1011.35368956743,1010.763613231552,1455.499745547074,28.329007633587786,23.376335877862594,28.923918575063613,27.56870229007633,24.02213740458016,22.70712468193384,79.30534351145039,72.41730279898219,75.52417302798982,201.19592875318065,5.49440203562341,2.184223918575064
2019,6,8050001,0.0,8050001,macapa,AP,7.2132220547089085,AP,0.3638676844783715,1011.0139949109416,1011.35368956743,1010.763613231552,1455.499745547074,28.329007633587786,23.376335877862594,28.923918575063613,27.56870229007633,24.02213740458016,22.70712468193384,79.30534351145039,72.41730279898219,75.52417302798982,201.19592875318065,5.49440203562341,2.184223918575064
2019,6,8051010,16.396666666666665,8051010,macapa,AP,7.2132220547089085,AP,0.3638676844783715,1011.0139949109416,1011.35368956743,1010.763613231552,1455.499745547074,28.329007633587786,23.376335877862594,28.923918575063613,27.56870229007633,24.02213740458016,22.70712468193384,79.30534351145039,72.41730279898219,75.52417302798982,201.19592875318065,5.49440203562341,2.184223918575064
2019,6,8051012,5.343333333333334,8051012,porto grande,AP,2.743776687148729,AP,0.4907692307692308,1003.2110256410256,1003.5582051282051,1002.954871794872,1243.831794871795,26.927179487179487,23.17205128205128,27.69871794871795,25.973333333333333,23.747435897435896,22.51974358974359,85.2051282051282,76.66153846153846,80.75641025641026,135.15897435897435,4.908974358974359,1.958717948717949
2019,6,8052000,7.906666666666666,8052000,serra do navio,AP,0.4995906965567477,,,,,,,,,,,,,,,,,,
2019,6,8150000,6.089285714285714,8150000,tartarugalzinho,AP,5.892986065382216,,,,,,,,,,,,,,,,,,
2019,6,8150001,9.923333333333334,8150001,tartarugalzinho,AP,5.892986065382216,,,,,,,,,,,,,,,,,,
2019,6,8151000,2.56,8151000,tartarugalzinho,AP,5.892986065382216,,,,,,,,,,,,,,,,,,
2019,6,8250002,11.41,8250002,calcoene,AP,2.059622612293361,,,,,,,,,,,,,,,,,,
2019,6,8250003,10.82,8250003,amapa,AP,0.6930923913573334,,,,,,,,,,,,,,,,,,
2019,6,8251001,9.096666666666666,8251001,calcoene,AP,2.059622612293361,,,,,,,,,,,,,,,,,,
2019,6,8251003,9.280000000000001,8251003,calcoene,AP,2.059622612293361,,,,,,,,,,,,,,,,,,
2019,6,8251004,7.506666666666666,8251004,oiapoque,AP,7.235065497081188,AP,0.6441025641025641,1011.6138461538462,1011.9269230769232,1011.3674358974358,1135.668205128205,26.934615384615384,24.43794871794872,27.580256410256407,26.205128205128204,25.077692307692303,23.779230769230768,90.72564102564102,83.34871794871795,87.0051282051282,143.7076923076923,3.5305128205128207,1.0364102564102564
2019,6,8351002,9.08,8351002,oiapoque,AP,7.235065497081188,AP,0.6441025641025641,1011.6138461538462,1011.9269230769232,1011.3674358974358,1135.668205128205,26.934615384615384,24.43794871794872,27.580256410256407,26.205128205128204,25.077692307692303,23.779230769230768,90.72564102564102,83.34871794871795,87.0051282051282,143.7076923076923,3.5305128205128207,1.0364102564102564
2019,7,51002,4.319354838709677,51002,mazagao,AP,2.335377878738992,,,,,,,,,,,,,,,,,,
2019,7,51004,5.167741935483871,51004,mazagao,AP,2.335377878738992,,,,,,,,,,,,,,,,,,
2019,7,52003,4.519354838709678,52003,mazagao,AP,2.335377878738992,,,,,,,,,,,,,,,,,,
2019,7,771001,1.8419354838709676,771001,tarauaca,AC,67.41835223576297,,,,,,,,,,,,,,,,,,
2019,7,772003,1.4451612903225806,772003,tarauaca,AC,67.41835223576297,,,,,,,,,,,,,,,,,,
2019,7,772004,3.664516129032258,772004,cruzeiro do sul,AC,25.21220374331395,AC,0.2764705882352941,989.5398692810458,990.043137254902,989.3990196078432,1425.712091503268,27.63235294117647,20.76797385620915,28.752941176470586,26.58986928104575,21.731372549019607,19.875816993464053,73.0718954248366,62.50653594771242,67.72222222222223,236.0,4.051307189542484,1.2908496732026145
2019,7,773000,2.3774193548387097,773000,cruzeiro do sul,AC,25.21220374331395,AC,0.2764705882352941,989.5398692810458,990.043137254902,989.3990196078432,1425.712091503268,27.63235294117647,20.76797385620915,28.752941176470586,26.58986928104575,21.731372549019607,19.875816993464053,73.0718954248366,62.50653594771242,67.72222222222223,236.0,4.051307189542484,1.2908496732026145
2019,7,773002,4.945161290322581,773002,cruzeiro do sul,AC,25.21220374331395,AC,0.2764705882352941,989.5398692810458,990.043137254902,989.3990196078432,1425.712091503268,27.63235294117647,20.76797385620915,28.752941176470586,26.58986928104575,21.731372549019607,19.875816993464053,73.0718954248366,62.50653594771242,67.72222222222223,236.0,4.051307189542484,1.2908496732026145
2019,7,869000,1.435483870967742,869000,manoel urbano,AC,31.617732163530825,,,,,,,,,,,,,,,,,,
2019,7,870001,0.47096774193548385,870001,tarauaca,AC,67.41835223576297,,,,,,,,,,,,,,,,,,
2019,7,870002,2.532258064516129,870002,feijo,AC,94.01746290854388,AC,0.3168831168831169,995.355844155844,995.764155844156,995.1093506493506,1340.584155844156,26.88805194805195,20.81376623376624,27.856103896103896,25.643896103896104,21.48831168831169,19.965974025974024,76.12727272727273,67.2883116883117,71.45454545454545,199.15584415584416,4.0937662337662335,1.7457142857142858
2019,7,870003,8.135483870967741,870003,feijo,AC,94.01746290854388,AC,0.3168831168831169,995.355844155844,995.764155844156,995.1093506493506,1340.584155844156,26.88805194805195,20.81376623376624,27.856103896103896,25.643896103896104,21.48831168831169,19.965974025974024,76.12727272727273,67.2883116883117,71.45454545454545,199.15584415584416,4.0937662337662335,1.7457142857142858
2019,7,872000,1.067741935483871,872000,marechal thaumaturgo,AC,13.670705039267787,,,,,,,,,,,,,,,,,,
2019,7,872001,3.458064516129032,872001,porto walter,AC,8.717767196578144,AC,0.1284946236559139,990.2497311827958,990.6666666666666,990.0096774193548,1372.9959677419354,26.96854838709677,20.74301075268817,27.74516129032258,25.86451612903226,21.428763440860216,20.00295698924732,75.48924731182795,67.12903225806451,70.65591397849462,195.4247311827957,3.971505376344086,1.5491935483870969
2019,7,967005,0.7870967741935483,967005,senador guiomard,AC,6.641857033912627,,,,,,,,,,,,,,,,,,
2019,7,968003,1.5161290322580645,968003,sena madureira,AC,80.15702482876074,,,,,,,,,,,,,,,,,,
2019,7,968004,0.6838709677419355,968004,bujari,AC,26.054598331922783,,,,,,,,,,,,,,,,,,
2019,7,968005,1.5161290322580645,968005,sena madureira,AC,80.15702482876074,,,,,,,,,,,,,,,,,,
2019,7,969001,2.835483870967742,969001,sena madureira,AC,80.15702482876074,,,,,,,,,,,,,,,,,,
2019,7,972000,0.9290322580645162,972000,marechal thaumaturgo,AC,13.670705039267787,,,,,,,,,,,,,,,,,,
2019,7,1067002,0.5096774193548387,1067002,placido de castro,AC,8.99444929959175,,,,,,,,,,,,,,,,,,
2019,7,1067003,2.2096774193548385,1067003,capixaba,AC,27.768298463176063,,,,,,,,,,,,,,,,,,
2019,7,1068000,1.335483870967742,1068000,xapuri,AC,59.90475514413975,,,,,,,,,,,,,,,,,,
2019,7,1069000,0.0,1069000,assis brasil,AC,21.14388882787328,,,,,,,,,,,,,,,,,,
2019,7,1168001,0.8838709677419354,1168001,brasileia,AC,58.610657353155744,,,,,,,,,,,,,,,,,,
2019,7,8050000,8.519354838709676,8050000,macapa,AP,7.2132220547089085,AP,0.5490196078431373,1011.108088235294,1011.4482843137256,1010.8720588235294,1574.9122549019608,28.55588235294117,22.77696078431373,29.14485294117647,27.72132352941176,23.4968137254902,22.09852941176471,76.38970588235294,69.0343137254902,72.11274509803921,202.48529411764707,5.442156862745098,2.140441176470588
2019,7,8050001,0.0,8050001,macapa,AP,7.2132220547089085,AP,0.5490196078431373,1011.108088235294,1011.4482843137256,1010.8720588235294,1574.9122549019608,28.55588235294117,22.77696078431373,29.14485294117647,27.72132352941176,23.4968137254902,22.09852941176471,76.38970588235294,69.0343137254902,72.11274509803921,202.48529411764707,5.442156862745098,2.140441176470588
2019,7,8051010,10.483870967741936,8051010,macapa,AP,7.2132220547089085,AP,0.5490196078431373,1011.108088235294,1011.4482843137256,1010.8720588235294,1574.9122549019608,28.55588235294117,22.77696078431373,29.14485294117647,27.72132352941176,23.4968137254902,22.09852941176471,76.38970588235294,69.0343137254902,72.11274509803921,202.48529411764707,5.442156862745098,2.140441176470588
2019,7,8051012,6.816129032258065,8051012,porto grande,AP,2.743776687148729,AP,0.230272952853598,1003.2287841191068,1003.5719602977669,1002.9841191066996,1464.572952853598,27.63225806451613,22.292555831265503,28.427295285359804,26.620099255583124,22.932506203473945,21.58535980148883,78.9454094292804,69.99751861042184,74.0545905707196,139.8908188585608,4.938461538461539,2.057816377171216
2019,7,8052000,7.258064516129032,8052000,serra do navio,AP,0.4995906965567477,,,,,,,,,,,,,,,,,,
2019,7,8150000,8.003225806451614,8150000,tartarugalzinho,AP,5.892986065382216,,,,,,,,,,,,,,,,,,
2019,7,8150001,11.40967741935484,8150001,tartarugalzinho,AP,5.892986065382216,,,,,,,,,,,,,,,,,,
2019,7,8151000,3.261290322580645,8151000,tartarugalzinho,AP,5.892986065382216,,,,,,,,,,,,,,,,,,
2019,7,8250002,5.493548387096774,8250002,calcoene,AP,2.059622612293361,,,,,,,,,,,,,,,,,,
2019,7,8250003,7.329032258064516,8250003,amapa,AP,0.6930923913573334,,,,,,,,,,,,,,,,,,
2019,7,8251001,5.580645161290323,8251001,calcoene,AP,2.059622612293361,,,,,,,,,,,,,,,,,,
2019,7,8251003,6.554838709677419,8251003,calcoene,AP,2.059622612293361,,,,,,,,,,,,,,,,,,
2019,7,8251004,6.458064516129032,8251004,oiapoque,AP,7.235065497081188,AP,1.7846153846153845,1010.3153846153848,1010.6153846153846,1010.0307692307692,1024.6461538461538,26.4,24.892307692307693,27.26923076923077,25.646153846153844,25.63076923076923,24.29230769230769,95.07692307692308,87.61538461538461,91.6923076923077,148.76923076923077,4.015384615384615,1.0615384615384615
2019,7,8351002,6.761290322580645,8351002,oiapoque,AP,7.235065497081188,AP,1.7846153846153845,1010.3153846153848,1010.6153846153846,1010.0307692307692,1024.6461538461538,26.4,24.892307692307693,27.26923076923077,25.646153846153844,25.63076923076923,24.29230769230769,95.07692307692308,87.61538461538461,91.6923076923077,148.76923076923077,4.015384615384615,1.0615384615384615
2019,8,51002,3.1225806451612903,51002,mazagao,AP,2.335377878738992,,,,,,,,,,,,,,,,,,
2019,8,51004,3.262068965517241,51004,mazagao,AP,2.335377878738992,,,,,,,,,,,,,,,,,,
2019,8,52003,2.858064516129032,52003,mazagao,AP,2.335377878738992,,,,,,,,,,,,,,,,,,
2019,8,771001,0.9612903225806452,771001,tarauaca,AC,67.41835223576297,,,,,,,,,,,,,,,,,,
2019,8,772003,0.3096774193548387,772003,tarauaca,AC,67.41835223576297,,,,,,,,,,,,,,,,,,
2019,8,772004,4.341935483870968,772004,cruzeiro do sul,AC,25.21220374331395,AC,0.088268156424581,990.2067039106146,990.6698324022346,989.9765363128492,1475.6715083798883,28.05111731843576,19.24022346368715,28.99329608938548,26.84078212290503,20.20865921787709,18.298882681564248,67.38268156424581,57.47486033519553,61.69832402234637,236.0,4.15195530726257,1.3689944134078214
2019,8,773000,1.7451612903225806,773000,cruzeiro do sul,AC,25.21220374331395,AC,0.088268156424581,990.2067039106146,990.6698324022346,989.9765363128492,1475.6715083798883,28.05111731843576,19.24022346368715,28.99329608938548,26.84078212290503,20.20865921787709,18.298882681564248,67.38268156424581,57.47486033519553,61.69832402234637,236.0,4.15195530726257,1.3689944134078214
2019,8,773002,1.5115384615384615,773002,cruzeiro do sul,AC,25.21220374331395,AC,0.088268156424581,990.2067039106146,990.6698324022346,989.9765363128492,1475.6715083798883,28.05111731843576,19.24022346368715,28.99329608938548,26.84078212290503,20.20865921787709,18.298882681564248,67.38268156424581,57.47486033519553,61.69832402234637,236.0,4.15195530726257,1.3689944134078214
2019,8,869000,2.0870967741935487,869000,manoel urbano,AC,31.617732163530825,,,,,,,,,,,,,,,,,,
2019,8,870001,1.7935483870967743,870001,tarauaca,AC,67.41835223576297,,,,,,,,,,,,,,,,,,
2019,8,870002,2.47741935483871,870002,feijo,AC,94.01746290854388,AC,0.2055555555555555,995.7762626262628,996.2151515151515,995.5093434343436,1452.364898989899,28.00656565656566,18.867171717171715,28.88813131313132,26.67828282828283,19.68611111111111,17.868939393939396,66.73989898989899,57.61363636363637,61.55555555555556,199.29040404040404,4.240656565656566,1.7555555555555558
2019,8,870003,6.767741935483872,870003,feijo,AC,94.01746290854388,AC,0.2055555555555555,995.7762626262628,996.2151515151515,995.5093434343436,1452.364898989899,28.00656565656566,18.867171717171715,28.88813131313132,26.67828282828283,19.68611111111111,17.868939393939396,66.73989898989899,57.61363636363637,61.55555555555556,199.29040404040404,4.240656565656566,1.7555555555555558
2019,8,872000,2.3129032258064517,872000,marechal thaumaturgo,AC,13.670705039267787,,,,,,,,,,,,,,,,,,
2019,8,872001,3.0870967741935487,872001,porto walter,AC,8.717767196578144,AC,0.2985915492957746,990.6287323943662,991.1050704225352,990.4008450704224,1544.745915492958,28.314647887323947,18.86225352112676,29.13830985915493,27.00957746478873,19.756901408450705,18.020281690140845,65.5661971830986,56.22816901408451,59.7830985915493,198.6056338028169,4.534929577464789,1.7664788732394368
2019,8,967005,0.16451612903225804,967005,senador guiomard,AC,6.641857033912627,,,,,,,,,,,,,,,,,,
2019,8,968005,0.7096774193548387,968005,sena madureira,AC,80.15702482876074,,,,,,,,,,,,,,,,,,
2019,8,969001,2.403225806451613,969001,sena madureira,AC,80.15702482876074,,,,,,,,,,,,,,,,,,
2019,8,972000,2.2838709677419358,972000,marechal thaumaturgo,AC,13.670705039267787,,,,,,,,,,,,,,,,,,
2019,8,1067002,0.32903225806451614,1067002,placido de castro,AC,8.99444929959175,,,,,,,,,,,,,,,,,,
2019,8,1067003,1.8064516129032258,1067003,capixaba,AC,27.768298463176063,,,,,,,,,,,,,,,,,,
2019,8,1069000,0.0,1069000,assis brasil,AC,21.14388882787328,,,,,,,,,,,,,,,,,,
2019,8,1168001,0.7032258064516129,1168001,brasileia,AC,58.610657353155744,,,,,,,,,,,,,,,,,,
2019,8,8050000,7.196774193548387,8050000,macapa,AP,7.2132220547089085,AP,0.139568345323741,1011.8913669064748,1012.2021582733812,1011.643165467626,1642.6863309352518,29.212949640287768,22.928776978417265,29.86906474820144,28.3453237410072,23.68705035971223,22.195683453237407,74.53237410071942,66.90647482014388,70.10071942446044,205.0431654676259,5.488489208633093,2.0467625899280577
2019,8,8050001,0.0,8050001,macapa,AP,7.2132220547089085,AP,0.139568345323741,1011.8913669064748,1012.2021582733812,1011.643165467626,1642.6863309352518,29.212949640287768,22.928776978417265,29.86906474820144,28.3453237410072,23.68705035971223,22.195683453237407,74.53237410071942,66.90647482014388,70.10071942446044,205.0431654676259,5.488489208633093,2.0467625899280577
2019,8,8051010,2.1548387096774193,8051010,macapa,AP,7.2132220547089085,AP,0.139568345323741,1011.8913669064748,1012.2021582733812,1011.643165467626,1642.6863309352518,29.212949640287768,22.928776978417265,29.86906474820144,28.3453237410072,23.68705035971223,22.195683453237407,74.53237410071942,66.90647482014388,70.10071942446044,205.0431654676259,5.488489208633093,2.0467625899280577
2019,8,8051012,2.6580645161290324,8051012,porto grande,AP,2.743776687148729,AP,0.0689826302729528,1003.733746898263,1004.083870967742,1003.490322580645,1561.7955334987591,28.925558312655088,22.110421836228287,29.75111662531017,27.868238213399504,22.823325062034737,21.390074441687347,73.42431761786601,64.45409429280397,68.29776674937965,121.67493796526054,5.39379652605459,2.288833746898263
2019,8,8052000,4.132258064516129,8052000,serra do navio,AP,0.4995906965567477,,,,,,,,,,,,,,,,,,
2019,8,8150000,0.8032258064516129,8150000,tartarugalzinho,AP,5.892986065382216,,,,,,,,,,,,,,,,,,
2019,8,8150001,0.13870967741935483,8150001,tartarugalzinho,AP,5.892986065382216,,,,,,,,,,,,,,,,,,
2019,8,8151000,0.6612903225806451,8151000,tartarugalzinho,AP,5.892986065382216,,,,,,,,,,,,,,,,,,
2019,8,8250002,3.870967741935484,8250002,calcoene,AP,2.059622612293361,,,,,,,,,,,,,,,,,,
2019,8,8250003,0.932258064516129,8250003,amapa,AP,0.6930923913573334,,,,,,,,,,,,,,,,,,
2019,8,8251001,0.6631578947368421,8251001,calcoene,AP,2.059622612293361,,,,,,,,,,,,,,,,,,
2019,8,8251003,4.341935483870968,8251003,calcoene,AP,2.059622612293361,,,,,,,,,,,,,,,,,,
2019,8,8251004,3.454838709677419,8251004,oiapoque,AP,7.235065497081188,,,,,,,,,,,,,,,,,,
2019,8,8351002,3.3193548387096774,8351002,oiapoque,AP,7.235065497081188,,,,,,,,,,,,,,,,,,
2019,9,51002,1.2166666666666666,51002,mazagao,AP,2.335377878738992,,,,,,,,,,,,,,,,,,
2019,9,51004,0.3333333333333333,51004,mazagao,AP,2.335377878738992,,,,,,,,,,,,,,,,,,
2019,9,52003,0.03333333333333333,52003,mazagao,AP,2.335377878738992,,,,,,,,,,,,,,,,,,
2019,9,771001,3.31,771001,tarauaca,AC,67.41835223576297,,,,,,,,,,,,,,,,,,
2019,9,772003,2.2299999999999995,772003,tarauaca,AC,67.41835223576297,,,,,,,,,,,,,,,,,,
2019,9,772004,5.2,772004,cruzeiro do sul,AC,25.21220374331395,AC,0.4445012787723785,987.855242966752,988.344757033248,987.5401534526854,1325.5368286445014,28.13478260869565,22.15831202046036,28.980562659846548,27.03989769820972,23.021227621483373,21.350383631713555,77.35038363171356,67.9462915601023,72.0306905370844,236.0,3.8145780051150897,1.076470588235294
2019,9,773000,4.156666666666666,773000,cruzeiro do sul,AC,25.21220374331395,AC,0.4445012787723785,987.855242966752,988.344757033248,987.5401534526854,1325.5368286445014,28.13478260869565,22.15831202046036,28.980562659846548,27.03989769820972,23.021227621483373,21.350383631713555,77.35038363171356,67.9462915601023,72.0306905370844,236.0,3.8145780051150897,1.076470588235294
2019,9,773002,4.993333333333334,773002,cruzeiro do sul,AC,25.21220374331395,AC,0.4445012787723785,987.855242966752,988.344757033248,987.5401534526854,1325.5368286445014,28.13478260869565,22.15831202046036,28.980562659846548,27.03989769820972,23.021227621483373,21.350383631713555,77.35038363171356,67.9462915601023,72.0306905370844,236.0,3.8145780051150897,1.076470588235294
2019,9,869000,1.5966666666666667,869000,manoel urbano,AC,31.617732163530825,,,,,,,,,,,,,,,,,,
2019,9,870001,1.6466666666666667,870001,tarauaca,AC,67.41835223576297,,,,,,,,,,,,,,,,,,
2019,9,870002,8.783333333333333,870002,feijo,AC,94.01746290854388,AC,0.0251046025104602,993.1853556485356,993.6585774058576,992.86820083682,1388.0979079497909,29.18326359832636,22.1142259414226,30.095815899581588,27.98786610878661,22.873640167364016,21.348953974895394,72.91213389121339,64.47280334728033,68.03347280334728,212.26778242677824,4.067364016736402,1.6401673640167365
2019,9,870003,3.4566666666666666,870003,feijo,AC,94.01746290854388,AC,0.0251046025104602,993.1853556485356,993.6585774058576,992.86820083682,1388.0979079497909,29.18326359832636,22.1142259414226,30.095815899581588,27.98786610878661,22.873640167364016,21.348953974895394,72.91213389121339,64.47280334728033,68.03347280334728,212.26778242677824,4.067364016736402,1.6401673640167365
2019,9,872000,3.243333333333333,872000,marechal thaumaturgo,AC,13.670705039267787,,,,,,,,,,,,,,,,,,
2019,9,872001,2.54,872001,porto walter,AC,8.717767196578144,AC,0.0186851211072664,987.743598615917,988.3622837370244,987.5785467128028,1761.3598615916956,30.39377162629757,22.02318339100346,31.29480968858132,29.177162629757788,22.90865051903114,21.133217993079583,67.68512110726644,58.18685121107266,62.14532871972318,228.681660899654,4.676124567474049,1.771280276816609
2019,9,967005,7.376666666666667,967005,senador guiomard,AC,6.641857033912627,,,,,,,,,,,,,,,,,,
2019,9,968004,4.286666666666666,968004,bujari,AC,26.054598331922783,,,,,,,,,,,,,,,,,,
2019,9,968005,2.7133333333333334,968005,sena madureira,AC,80.15702482876074,,,,,,,,,,,,,,,,,,
2019,9,969001,4.233333333333333,969001,sena madureira,AC,80.15702482876074,,,,,,,,,,,,,,,,,,
2019,9,972000,0.69,972000,marechal thaumaturgo,AC,13.670705039267787,,,,,,,,,,,,,,,,,,
2019,9,1067002,1.2933333333333332,1067002,placido de castro,AC,8.99444929959175,,,,,,,,,,,,,,,,,,
2019,9,1067003,6.073333333333333,1067003,capixaba,AC,27.768298463176063,,,,,,,,,,,,,,,,,,
2019,9,1068000,0.5366666666666667,1068000,xapuri,AC,59.90475514413975,,,,,,,,,,,,,,,,,,
2019,9,1069000,1.95,1069000,assis brasil,AC,21.14388882787328,,,,,,,,,,,,,,,,,,
2019,9,1168001,3.26,1168001,brasileia,AC,58.610657353155744,,,,,,,,,,,,,,,,,,
2019,9,8050000,0.0,8050000,macapa,AP,7.2132220547089085,AP,0.0,1009.7835294117648,1010.0923529411764,1009.5370588235294,2002.597647058824,30.62529411764706,22.45176470588236,31.245294117647056,29.76,23.12294117647059,21.790000000000003,66.93529411764706,59.93529411764706,62.68235294117647,84.01176470588236,7.293529411764706,3.2005882352941177
2019,9,8050001,0.0,8050001,macapa,AP,7.2132220547089085,AP,0.0,1009.7835294117648,1010.0923529411764,1009.5370588235294,2002.597647058824,30.62529411764706,22.45176470588236,31.245294117647056,29.76,23.12294117647059,21.790000000000003,66.93529411764706,59.93529411764706,62.68235294117647,84.01176470588236,7.293529411764706,3.2005882352941177
2019,9,8051010,0.0,8051010,macapa,AP,7.2132220547089085,AP,0.0,1009.7835294117648,1010.0923529411764,1009.5370588235294,2002.597647058824,30.62529411764706,22.45176470588236,31.245294117647056,29.76,23.12294117647059,21.790000000000003,66.93529411764706,59.93529411764706,62.68235294117647,84.01176470588236,7.293529411764706,3.2005882352941177
2019,9,8051012,2.2333333333333334,8051012,porto grande,AP,2.743776687148729,AP,0.1092307692307692,1002.2174358974358,1002.578717948718,1001.9569230769232,1666.1035897435895,30.21923076923077,21.224871794871795,31.10333333333333,29.0748717948718,21.94,20.49897435897436,65.92564102564103,57.18461538461538,60.81025641025641,104.77179487179488,6.323333333333333,2.710769230769231
2019,9,8052000,1.8866666666666667,8052000,serra do navio,AP,0.4995906965567477,,,,,,,,,,,,,,,,,,
2019,9,8150000,3.9799999999999995,8150000,tartarugalzinho,AP,5.892986065382216,,,,,,,,,,,,,,,,,,
2019,9,8150001,0.0,8150001,tartarugalzinho,AP,5.892986065382216,,,,,,,,,,,,,,,,,,
2019,9,8151000,0.043333333333333335,8151000,tartarugalzinho,AP,5.892986065382216,,,,,,,,,,,,,,,,,,
2019,9,8250002,0.4166666666666667,8250002,calcoene,AP,2.059622612293361,,,,,,,,,,,,,,,,,,
2019,9,8250003,0.0,8250003,amapa,AP,0.6930923913573334,,,,,,,,,,,,,,,,,,
2019,9,8251001,0.0,8251001,calcoene,AP,2.059622612293361,,,,,,,,,,,,,,,,,,
2019,9,8251003,1.6633333333333333,8251003,calcoene,AP,2.059622612293361,,,,,,,,,,,,,,,,,,
2019,9,8251004,0.3,8251004,oiapoque,AP,7.235065497081188,,,,,,,,,,,,,,,,,,
2019,9,8351002,1.2966666666666666,8351002,oiapoque,AP,7.235065497081188,,,,,,,,,,,,,,,,,,
2019,10,51002,1.2645161290322582,51002,mazagao,AP,2.335377878738992,,,,,,,,,,,,,,,,,,
2019,10,51004,0.7709677419354838,51004,mazagao,AP,2.335377878738992,,,,,,,,,,,,,,,,,,
2019,10,52003,0.7580645161290323,52003,mazagao,AP,2.335377878738992,,,,,,,,,,,,,,,,,,
2019,10,771001,16.570967741935483,771001,tarauaca,AC,67.41835223576297,,,,,,,,,,,,,,,,,,
2019,10,772003,2.0,772003,tarauaca,AC,67.41835223576297,,,,,,,,,,,,,,,,,,
2019,10,772004,3.070967741935484,772004,cruzeiro do sul,AC,25.21220374331395,AC,0.3543424317617866,986.9285359801488,987.4076923076924,986.579652605459,1181.8660049627792,26.860049627791565,22.300248138957816,27.73548387096774,25.90471464019852,23.047642679900747,21.57543424317618,82.05955334987593,73.08436724565757,77.32506203473946,236.0,3.918114143920596,1.1307692307692307
2019,10,773000,6.870967741935484,773000,cruzeiro do sul,AC,25.21220374331395,AC,0.3543424317617866,986.9285359801488,987.4076923076924,986.579652605459,1181.8660049627792,26.860049627791565,22.300248138957816,27.73548387096774,25.90471464019852,23.047642679900747,21.57543424317618,82.05955334987593,73.08436724565757,77.32506203473946,236.0,3.918114143920596,1.1307692307692307
2019,10,773002,5.558064516129033,773002,cruzeiro do sul,AC,25.21220374331395,AC,0.3543424317617866,986.9285359801488,987.4076923076924,986.579652605459,1181.8660049627792,26.860049627791565,22.300248138957816,27.73548387096774,25.90471464019852,23.047642679900747,21.57543424317618,82.05955334987593,73.08436724565757,77.32506203473946,236.0,3.918114143920596,1.1307692307692307
2019,10,869000,5.464516129032258,869000,manoel urbano,AC,31.617732163530825,,,,,,,,,,,,,,,,,,
2019,10,870001,2.890322580645161,870001,tarauaca,AC,67.41835223576297,,,,,,,,,,,,,,,,,,
2019,10,870002,7.316129032258064,870002,feijo,AC,94.01746290854388,AC,0.3263427109974424,992.4488491048594,992.9452685421994,992.1166240409208,1208.5143222506392,26.840409207161127,22.5076726342711,27.585166240409205,25.97493606138108,23.043478260869566,21.86112531969309,82.0690537084399,74.81074168797954,78.33503836317135,200.7800511508952,4.228644501278772,1.7406649616368286
2019,10,870003,2.2874193548387094,870003,feijo,AC,94.01746290854388,AC,0.3263427109974424,992.4488491048594,992.9452685421994,992.1166240409208,1208.5143222506392,26.840409207161127,22.5076726342711,27.585166240409205,25.97493606138108,23.043478260869566,21.86112531969309,82.0690537084399,74.81074168797954,78.33503836317135,200.7800511508952,4.228644501278772,1.7406649616368286
2019,10,872000,5.670967741935484,872000,marechal thaumaturgo,AC,13.670705039267787,,,,,,,,,,,,,,,,,,
2019,10,872001,3.467741935483871,872001,porto walter,AC,8.717767196578144,AC,0.4142857142857143,987.2005102040816,988.0066326530612,987.0714285714286,1977.9566326530608,29.26224489795918,22.4780612244898,30.268367346938778,28.0515306122449,23.387755102040817,21.589285714285715,73.56632653061224,63.142857142857146,67.76020408163265,226.9744897959184,4.815816326530612,1.9076530612244893
2019,10,967005,6.709677419354839,967005,senador guiomard,AC,6.641857033912627,,,,,,,,,,,,,,,,,,
2019,10,968004,3.735483870967742,968004,bujari,AC,26.054598331922783,,,,,,,,,,,,,,,,,,
2019,10,968005,6.66774193548387,968005,sena madureira,AC,80.15702482876074,,,,,,,,,,,,,,,,,,
2019,10,969001,7.829032258064517,969001,sena madureira,AC,80.15702482876074,,,,,,,,,,,,,,,,,,
2019,10,972000,1.729032258064516,972000,marechal thaumaturgo,AC,13.670705039267787,,,,,,,,,,,,,,,,,,
2019,10,1067002,5.82,1067002,placido de castro,AC,8.99444929959175,,,,,,,,,,,,,,,,,,
2019,10,1067003,1.9258064516129034,1067003,capixaba,AC,27.768298463176063,,,,,,,,,,,,,,,,,,
2019,10,1068000,4.806451612903226,1068000,xapuri,AC,59.90475514413975,,,,,,,,,,,,,,,,,,
2019,10,1069000,5.122580645161291,1069000,assis brasil,AC,21.14388882787328,,,,,,,,,,,,,,,,,,
2019,10,1168001,3.196774193548387,1168001,brasileia,AC,58.610657353155744,,,,,,,,,,,,,,,,,,
2019,10,8050000,2.034782608695652,8050000,macapa,AP,7.2132220547089085,,,,,,,,,,,,,,,,,,
2019,10,8050001,4.374193548387097,8050001,macapa,AP,7.2132220547089085,,,,,,,,,,,,,,,,,,
2019,10,8051010,0.13870967741935483,8051010,macapa,AP,7.2132220547089085,,,,,,,,,,,,,,,,,,
2019,10,8051012,0.7709677419354838,8051012,porto grande,AP,2.743776687148729,AP,0.0997493734335839,1000.7892230576442,1001.1634085213032,1000.5275689223058,1625.979448621554,30.260150375939848,21.08822055137845,31.155137844611527,29.08395989974937,21.86441102756892,20.39097744360902,65.39348370927318,56.40350877192982,59.93233082706767,111.15789473684212,6.435087719298245,2.726315789473684
2019,10,8052000,1.967741935483871,8052000,serra do navio,AP,0.4995906965567477,,,,,,,,,,,,,,,,,,
2019,10,8150000,0.2967741935483871,8150000,tartarugalzinho,AP,5.892986065382216,,,,,,,,,,,,,,,,,,
2019,10,8150001,0.0,8150001,tartarugalzinho,AP,5.892986065382216,,,,,,,,,,,,,,,,,,
2019,10,8151000,0.017241379310344827,8151000,tartarugalzinho,AP,5.892986065382216,,,,,,,,,,,,,,,,,,
2019,10,8250002,0.02903225806451613,8250002,calcoene,AP,2.059622612293361,,,,,,,,,,,,,,,,,,
2019,10,8250003,0.23548387096774193,8250003,amapa,AP,0.6930923913573334,,,,,,,,,,,,,,,,,,
2019,10,8251001,1.1258064516129032,8251001,calcoene,AP,2.059622612293361,,,,,,,,,,,,,,,,,,
2019,10,8251003,2.512903225806452,8251003,calcoene,AP,2.059622612293361,,,,,,,,,,,,,,,,,,
2019,10,8251004,0.24193548387096775,8251004,oiapoque,AP,7.235065497081188,,,,,,,,,,,,,,,,,,
2019,10,8351002,0.1,8351002,oiapoque,AP,7.235065497081188,,,,,,,,,,,,,,,,,,
2019,11,51002,0.6233333333333333,51002,mazagao,AP,2.335377878738992,,,,,,,,,,,,,,,,,,
2019,11,51004,0.5700000000000001,51004,mazagao,AP,2.335377878738992,,,,,,,,,,,,,,,,,,
2019,11,52003,2.39,52003,mazagao,AP,2.335377878738992,,,,,,,,,,,,,,,,,,
2019,11,771001,6.34,771001,tarauaca,AC,67.41835223576297,,,,,,,,,,,,,,,,,,
2019,11,772003,3.6599999999999997,772003,tarauaca,AC,67.41835223576297,,,,,,,,,,,,,,,,,,
2019,11,772004,9.976666666666667,772004,cruzeiro do sul,AC,25.21220374331395,AC,0.6179028132992327,985.1278772378516,985.606905370844,984.8204603580564,1232.2570332480818,27.25626598465473,22.75856777493606,28.146291560102306,26.238874680306903,23.54910485933504,22.06751918158568,82.57033248081841,73.68797953964194,77.79539641943734,236.0,3.9831202046035807,1.123529411764706
2019,11,773000,10.1,773000,cruzeiro do sul,AC,25.21220374331395,AC,0.6179028132992327,985.1278772378516,985.606905370844,984.8204603580564,1232.2570332480818,27.25626598465473,22.75856777493606,28.146291560102306,26.238874680306903,23.54910485933504,22.06751918158568,82.57033248081841,73.68797953964194,77.79539641943734,236.0,3.9831202046035807,1.123529411764706
2019,11,773002,7.78,773002,cruzeiro do sul,AC,25.21220374331395,AC,0.6179028132992327,985.1278772378516,985.606905370844,984.8204603580564,1232.2570332480818,27.25626598465473,22.75856777493606,28.146291560102306,26.238874680306903,23.54910485933504,22.06751918158568,82.57033248081841,73.68797953964194,77.79539641943734,236.0,3.9831202046035807,1.123529411764706
2019,11,869000,9.693333333333333,869000,manoel urbano,AC,31.617732163530825,,,,,,,,,,,,,,,,,,
2019,11,870001,1.9666666666666666,870001,tarauaca,AC,67.41835223576297,,,,,,,,,,,,,,,,,,
2019,11,870002,9.423333333333334,870002,feijo,AC,94.01746290854388,AC,0.5125319693094629,990.5739130434785,991.0578005115088,990.2488491048592,1263.8736572890025,27.54040920716112,22.962915601023017,28.28286445012788,26.63196930946292,23.552685421994887,22.36726342710997,81.69309462915601,73.9462915601023,77.54987212276215,210.0613810741688,4.322762148337596,1.8537084398976984
2019,11,870003,13.863666666666665,870003,feijo,AC,94.01746290854388,AC,0.5125319693094629,990.5739130434785,991.0578005115088,990.2488491048592,1263.8736572890025,27.54040920716112,22.962915601023017,28.28286445012788,26.63196930946292,23.552685421994887,22.36726342710997,81.69309462915601,73.9462915601023,77.54987212276215,210.0613810741688,4.322762148337596,1.8537084398976984
2019,11,872000,13.446666666666665,872000,marechal thaumaturgo,AC,13.670705039267787,,,,,,,,,,,,,,,,,,
2019,11,872001,8.573333333333332,872001,porto walter,AC,8.717767196578144,,,,,,,,,,,,,,,,,,
2019,11,967005,9.573333333333332,967005,senador guiomard,AC,6.641857033912627,,,,,,,,,,,,,,,,,,
2019,11,968004,16.923333333333332,968004,bujari,AC,26.054598331922783,,,,,,,,,,,,,,,,,,
2019,11,968005,5.006666666666666,968005,sena madureira,AC,80.15702482876074,,,,,,,,,,,,,,,,,,
2019,11,969001,6.373333333333333,969001,sena madureira,AC,80.15702482876074,,,,,,,,,,,,,,,,,,
2019,11,972000,5.473333333333333,972000,marechal thaumaturgo,AC,13.670705039267787,,,,,,,,,,,,,,,,,,
2019,11,1067003,10.226666666666667,1067003,capixaba,AC,27.768298463176063,,,,,,,,,,,,,,,,,,
2019,11,1068000,14.316666666666666,1068000,xapuri,AC,59.90475514413975,,,,,,,,,,,,,,,,,,
2019,11,1069000,12.863333333333333,1069000,assis brasil,AC,21.14388882787328,,,,,,,,,,,,,,,,,,
2019,11,1168001,9.58,1168001,brasileia,AC,58.610657353155744,,,,,,,,,,,,,,,,,,
2019,11,8050000,0.77,8050000,macapa,AP,7.2132220547089085,AP,0.0257731958762886,1007.7286082474228,1008.0855670103092,1007.4719072164949,1737.596649484536,30.5,22.40618556701031,31.15644329896908,29.609278350515464,23.065206185567007,21.760309278350515,67.44587628865979,60.48453608247423,63.26288659793814,93.23711340206184,6.985309278350516,3.0329896907216494
2019,11,8050001,1.0066666666666666,8050001,macapa,AP,7.2132220547089085,AP,0.0257731958762886,1007.7286082474228,1008.0855670103092,1007.4719072164949,1737.596649484536,30.5,22.40618556701031,31.15644329896908,29.609278350515464,23.065206185567007,21.760309278350515,67.44587628865979,60.48453608247423,63.26288659793814,93.23711340206184,6.985309278350516,3.0329896907216494
2019,11,8051010,5.423333333333333,8051010,macapa,AP,7.2132220547089085,AP,0.0257731958762886,1007.7286082474228,1008.0855670103092,1007.4719072164949,1737.596649484536,30.5,22.40618556701031,31.15644329896908,29.609278350515464,23.065206185567007,21.760309278350515,67.44587628865979,60.48453608247423,63.26288659793814,93.23711340206184,6.985309278350516,3.0329896907216494
2019,11,8051012,8.58,8051012,porto grande,AP,2.743776687148729,AP,0.3549738219895287,999.7476439790576,1000.130890052356,999.4787958115184,1519.2738219895286,29.9151832460733,21.62460732984293,30.77774869109948,28.81047120418848,22.37565445026178,20.96675392670157,68.54450261780104,59.86910994764398,63.34816753926702,117.7434554973822,6.058376963350786,2.606544502617801
2019,11,8052000,5.246666666666667,8052000,serra do navio,AP,0.4995906965567477,,,,,,,,,,,,,,,,,,
2019,11,8150000,2.6233333333333335,8150000,tartarugalzinho,AP,5.892986065382216,,,,,,,,,,,,,,,,,,
2019,11,8150001,5.180000000000001,8150001,tartarugalzinho,AP,5.892986065382216,,,,,,,,,,,,,,,,,,
2019,11,8151000,5.316666666666666,8151000,tartarugalzinho,AP,5.892986065382216,,,,,,,,,,,,,,,,,,
2019,11,8250002,2.126666666666667,8250002,calcoene,AP,2.059622612293361,,,,,,,,,,,,,,,,,,
2019,11,8250003,0.8333333333333334,8250003,amapa,AP,0.6930923913573334,,,,,,,,,,,,,,,,,,
2019,11,8251001,0.0,8251001,calcoene,AP,2.059622612293361,,,,,,,,,,,,,,,,,,
2019,11,8251003,1.6366666666666667,8251003,calcoene,AP,2.059622612293361,,,,,,,,,,,,,,,,,,
2019,11,8251004,2.11,8251004,oiapoque,AP,7.235065497081188,,,,,,,,,,,,,,,,,,
2019,11,8351002,4.406666666666666,8351002,oiapoque,AP,7.235065497081188,,,,,,,,,,,,,,,,,,
2019,12,51002,0.8709677419354839,51002,mazagao,AP,2.335377878738992,,,,,,,,,,,,,,,,,,
2019,12,51004,4.693548387096774,51004,mazagao,AP,2.335377878738992,,,,,,,,,,,,,,,,,,
2019,12,52003,5.699999999999999,52003,mazagao,AP,2.335377878738992,,,,,,,,,,,,,,,,,,
2019,12,771001,9.564516129032258,771001,tarauaca,AC,67.41835223576297,,,,,,,,,,,,,,,,,,
2019,12,772003,9.119354838709677,772003,tarauaca,AC,67.41835223576297,,,,,,,,,,,,,,,,,,
2019,12,772004,10.983870967741936,772004,cruzeiro do sul,AC,25.21220374331395,AC,0.5691176470588235,985.8024509803922,986.2600490196078,985.5029411764706,1093.154656862745,26.74705882352941,23.00343137254902,27.612745098039216,25.86544117647059,23.76274509803922,22.375,85.2279411764706,76.96323529411765,80.93872549019608,236.0,4.068382352941176,1.1691176470588236
2019,12,773000,13.635483870967741,773000,cruzeiro do sul,AC,25.21220374331395,AC,0.5691176470588235,985.8024509803922,986.2600490196078,985.5029411764706,1093.154656862745,26.74705882352941,23.00343137254902,27.612745098039216,25.86544117647059,23.76274509803922,22.375,85.2279411764706,76.96323529411765,80.93872549019608,236.0,4.068382352941176,1.1691176470588236
2019,12,773002,9.086206896551724,773002,cruzeiro do sul,AC,25.21220374331395,AC,0.5691176470588235,985.8024509803922,986.2600490196078,985.5029411764706,1093.154656862745,26.74705882352941,23.00343137254902,27.612745098039216,25.86544117647059,23.76274509803922,22.375,85.2279411764706,76.96323529411765,80.93872549019608,236.0,4.068382352941176,1.1691176470588236
2019,12,869000,5.080645161290323,869000,manoel urbano,AC,31.617732163530825,,,,,,,,,,,,,,,,,,
2019,12,870001,2.2,870001,tarauaca,AC,67.41835223576297,,,,,,,,,,,,,,,,,,
2019,12,870002,10.05483870967742,870002,feijo,AC,94.01746290854388,AC,0.6240786240786241,991.2687960687962,991.7348894348894,990.9611793611792,1179.4850122850123,27.53882063882064,23.17542997542997,28.25036855036855,26.71474201474201,23.74152334152334,22.564373464373467,82.0,74.77395577395578,78.24078624078624,210.4103194103194,4.034889434889435,1.707125307125307
2019,12,870003,3.303225806451613,870003,feijo,AC,94.01746290854388,AC,0.6240786240786241,991.2687960687962,991.7348894348894,990.9611793611792,1179.4850122850123,27.53882063882064,23.17542997542997,28.25036855036855,26.71474201474201,23.74152334152334,22.564373464373467,82.0,74.77395577395578,78.24078624078624,210.4103194103194,4.034889434889435,1.707125307125307
2019,12,872000,7.041935483870967,872000,marechal thaumaturgo,AC,13.670705039267787,,,,,,,,,,,,,,,,,,
2019,12,872001,11.851612903225806,872001,porto walter,AC,8.717767196578144,AC,0.6368831168831168,985.9932467532468,986.4714285714284,985.6976623376622,1158.8353246753247,26.95688311688312,23.31376623376623,27.73636363636364,26.098181818181818,23.97428571428572,22.656103896103897,85.37662337662337,77.81558441558441,81.44675324675325,216.7376623376624,4.457662337662338,1.837142857142857
2019,12,967005,14.422580645161291,967005,senador guiomard,AC,6.641857033912627,,,,,,,,,,,,,,,,,,
2019,12,968004,8.79258064516129,968004,bujari,AC,26.054598331922783,,,,,,,,,,,,,,,,,,
2019,12,968005,11.35483870967742,968005,sena madureira,AC,80.15702482876074,,,,,,,,,,,,,,,,,,
2019,12,969001,12.925806451612903,969001,sena madureira,AC,80.15702482876074,,,,,,,,,,,,,,,,,,
2019,12,972000,7.238709677419355,972000,marechal thaumaturgo,AC,13.670705039267787,,,,,,,,,,,,,,,,,,
2019,12,1067003,15.716129032258063,1067003,capixaba,AC,27.768298463176063,,,,,,,,,,,,,,,,,,
2019,12,1068000,10.048387096774194,1068000,xapuri,AC,59.90475514413975,,,,,,,,,,,,,,,,,,
2019,12,1069000,10.796774193548387,1069000,assis brasil,AC,21.14388882787328,,,,,,,,,,,,,,,,,,
2019,12,1168001,8.77741935483871,1168001,brasileia,AC,58.610657353155744,,,,,,,,,,,,,,,,,,
2019,12,8050000,1.6064516129032258,8050000,macapa,AP,7.2132220547089085,AP,0.2422604422604422,1008.1405405405404,1008.4813267813269,1007.8425061425062,1573.2665847665849,29.372727272727275,23.246191646191647,30.00393120393121,28.58648648648649,23.925061425061426,22.644717444717443,74.67567567567568,67.93857493857494,70.7051597051597,81.34152334152334,7.247174447174447,2.962162162162162
2019,12,8050001,4.203225806451614,8050001,macapa,AP,7.2132220547089085,AP,0.2422604422604422,1008.1405405405404,1008.4813267813269,1007.8425061425062,1573.2665847665849,29.372727272727275,23.246191646191647,30.00393120393121,28.58648648648649,23.925061425061426,22.644717444717443,74.67567567567568,67.93857493857494,70.7051597051597,81.34152334152334,7.247174447174447,2.962162162162162
2019,12,8051010,7.761290322580645,8051010,macapa,AP,7.2132220547089085,AP,0.2422604422604422,1008.1405405405404,1008.4813267813269,1007.8425061425062,1573.2665847665849,29.372727272727275,23.246191646191647,30.00393120393121,28.58648648648649,23.925061425061426,22.644717444717443,74.67567567567568,67.93857493857494,70.7051597051597,81.34152334152334,7.247174447174447,2.962162162162162
2019,12,8051012,4.216129032258064,8051012,porto grande,AP,2.743776687148729,AP,0.2435695538057742,1000.337007874016,1000.6939632545932,1000.0509186351708,1310.788713910761,28.137270341207348,23.00446194225722,28.97821522309712,27.12230971128609,23.63963254593176,22.42939632545932,79.66404199475066,71.13648293963254,74.9501312335958,107.27296587926509,6.401312335958005,2.67244094488189
2019,12,8052000,6.82258064516129,8052000,serra do navio,AP,0.4995906965567477,,,,,,,,,,,,,,,,,,
2019,12,8150000,6.164516129032258,8150000,tartarugalzinho,AP,5.892986065382216,,,,,,,,,,,,,,,,,,
2019,12,8150001,6.303225806451613,8150001,tartarugalzinho,AP,5.892986065382216,,,,,,,,,,,,,,,,,,
2019,12,8151000,7.838709677419355,8151000,tartarugalzinho,AP,5.892986065382216,,,,,,,,,,,,,,,,,,
2019,12,8250002,17.16923076923077,8250002,calcoene,AP,2.059622612293361,,,,,,,,,,,,,,,,,,
2019,12,8250003,11.251612903225807,8250003,amapa,AP,0.6930923913573334,,,,,,,,,,,,,,,,,,
2019,12,8251001,10.203225806451613,8251001,calcoene,AP,2.059622612293361,,,,,,,,,,,,,,,,,,
2019,12,8251003,13.316129032258065,8251003,calcoene,AP,2.059622612293361,,,,,,,,,,,,,,,,,,
2019,12,8251004,15.790322580645162,8251004,oiapoque,AP,7.235065497081188,,,,,,,,,,,,,,,,,,
2019,12,8351002,14.387096774193548,8351002,oiapoque,AP,7.235065497081188,,,,,,,,,,,,,,,,,,
2020,1,51002,5.164516129032258,51002,mazagao,AP,0.7105347632894763,,,,,,,,,,,,,,,,,,
2020,1,51004,13.758064516129032,51004,mazagao,AP,0.7105347632894763,,,,,,,,,,,,,,,,,,
2020,1,52003,4.425806451612903,52003,mazagao,AP,0.7105347632894763,,,,,,,,,,,,,,,,,,
2020,1,771001,9.96774193548387,771001,tarauaca,AC,51.566269504105335,,,,,,,,,,,,,,,,,,
2020,1,772003,9.23225806451613,772003,tarauaca,AC,51.566269504105335,,,,,,,,,,,,,,,,,,
2020,1,772004,11.36774193548387,772004,cruzeiro do sul,AC,42.46801077816332,AC,0.2824355971896956,986.5126463700236,986.930913348946,986.1859484777518,1166.3655737704917,27.652459016393443,22.68266978922717,28.41943793911007,26.77728337236534,23.44098360655737,22.02903981264637,80.29976580796253,72.15456674473067,75.92037470725995,236.0,4.242857142857143,1.350351288056206
2020,1,773000,5.5,773000,cruzeiro do sul,AC,42.46801077816332,AC,0.2824355971896956,986.5126463700236,986.930913348946,986.1859484777518,1166.3655737704917,27.652459016393443,22.68266978922717,28.41943793911007,26.77728337236534,23.44098360655737,22.02903981264637,80.29976580796253,72.15456674473067,75.92037470725995,236.0,4.242857142857143,1.350351288056206
2020,1,773002,4.760714285714286,773002,cruzeiro do sul,AC,42.46801077816332,AC,0.2824355971896956,986.5126463700236,986.930913348946,986.1859484777518,1166.3655737704917,27.652459016393443,22.68266978922717,28.41943793911007,26.77728337236534,23.44098360655737,22.02903981264637,80.29976580796253,72.15456674473067,75.92037470725995,236.0,4.242857142857143,1.350351288056206
2020,1,869000,12.058064516129033,869000,manoel urbano,AC,54.00287142445099,,,,,,,,,,,,,,,,,,
2020,1,870001,2.161290322580645,870001,tarauaca,AC,51.566269504105335,,,,,,,,,,,,,,,,,,
2020,1,870002,5.767741935483872,870002,feijo,AC,99.87712761795645,AC,0.3728813559322034,992.041646489104,992.4869249394671,991.731234866828,1331.4174334140437,28.14188861985472,23.123002421307504,28.82227602905569,27.225907990314766,23.715738498789342,22.46973365617433,80.01694915254237,72.60774818401937,75.9685230024213,221.3801452784504,4.4048426150121065,1.8602905569007264
2020,1,870003,4.6000000000000005,870003,feijo,AC,99.87712761795645,AC,0.3728813559322034,992.041646489104,992.4869249394671,991.731234866828,1331.4174334140437,28.14188861985472,23.123002421307504,28.82227602905569,27.225907990314766,23.715738498789342,22.46973365617433,80.01694915254237,72.60774818401937,75.9685230024213,221.3801452784504,4.4048426150121065,1.8602905569007264
2020,1,872000,6.748387096774193,872000,marechal thaumaturgo,AC,28.647523908163805,,,,,,,,,,,,,,,,,,
2020,1,872001,4.529032258064516,872001,porto walter,AC,23.57557038912401,AC,0.3020881670533642,986.7619489559164,987.1870069605568,986.4322505800463,1139.3055684454755,27.70719257540603,23.177494199535964,28.46102088167053,26.872157772621808,23.81508120649652,22.5431554524362,81.70997679814386,74.28074245939675,77.79582366589327,240.76566125290023,4.553828306264501,1.8986078886310904
2020,1,967005,7.05483870967742,967005,senador guiomard,AC,9.851018886423496,,,,,,,,,,,,,,,,,,
2020,1,968003,5.800000000000001,968003,sena madureira,AC,73.00378644206486,,,,,,,,,,,,,,,,,,
2020,1,968004,5.083870967741936,968004,bujari,AC,17.651505984106795,,,,,,,,,,,,,,,,,,
2020,1,968005,8.935483870967742,968005,sena madureira,AC,73.00378644206486,,,,,,,,,,,,,,,,,,
2020,1,969001,6.625806451612903,969001,sena madureira,AC,73.00378644206486,,,,,,,,,,,,,,,,,,
2020,1,972000,9.100000000000001,972000,marechal thaumaturgo,AC,28.647523908163805,,,,,,,,,,,,,,,,,,
2020,1,1067002,0.5790322580645161,1067002,placido de castro,AC,8.283925755364178,,,,,,,,,,,,,,,,,,
2020,1,1067003,5.538709677419354,1067003,capixaba,AC,18.80088769420413,,,,,,,,,,,,,,,,,,
2020,1,1068000,10.448387096774194,1068000,xapuri,AC,39.4840364289662,,,,,,,,,,,,,,,,,,
2020,1,1069000,7.116129032258065,1069000,assis brasil,AC,18.174809651320658,,,,,,,,,,,,,,,,,,
2020,1,1168001,11.048387096774194,1168001,brasileia,AC,40.12106795338988,,,,,,,,,,,,,,,,,,
2020,1,8050000,9.264516129032257,8050000,macapa,AP,1.4362682953538903,AP,0.4044226044226044,1010.1110565110564,1010.4660933660934,1009.8090909090909,1242.640049140049,27.422358722358723,23.18157248157248,28.038083538083537,26.67960687960688,23.81425061425061,22.60909090909091,82.1965601965602,75.73464373464374,78.64864864864865,107.23832923832924,5.551597051597051,1.9987714987714988
2020,1,8050001,14.693548387096774,8050001,macapa,AP,1.4362682953538903,AP,0.4044226044226044,1010.1110565110564,1010.4660933660934,1009.8090909090909,1242.640049140049,27.422358722358723,23.18157248157248,28.038083538083537,26.67960687960688,23.81425061425061,22.60909090909091,82.1965601965602,75.73464373464374,78.64864864864865,107.23832923832924,5.551597051597051,1.9987714987714988
2020,1,8051010,16.067741935483873,8051010,macapa,AP,1.4362682953538903,AP,0.4044226044226044,1010.1110565110564,1010.4660933660934,1009.8090909090909,1242.640049140049,27.422358722358723,23.18157248157248,28.038083538083537,26.67960687960688,23.81425061425061,22.60909090909091,82.1965601965602,75.73464373464374,78.64864864864865,107.23832923832924,5.551597051597051,1.9987714987714988
2020,1,8051012,5.158064516129032,8051012,porto grande,AP,0.5924372503041586,AP,0.4603174603174603,1002.2492063492064,1002.623544973545,1001.9748677248676,1266.6328042328043,26.92883597883598,22.574867724867723,27.62301587301588,26.059259259259257,23.127777777777776,22.01269841269841,82.36772486772487,74.84920634920636,78.28042328042328,122.05820105820106,5.938359788359788,2.522486772486773
2020,1,8052000,4.629032258064516,8052000,serra do navio,AP,0.0798508071129274,,,,,,,,,,,,,,,,,,
2020,1,8150000,8.24516129032258,8150000,tartarugalzinho,AP,1.380933595178362,,,,,,,,,,,,,,,,,,
2020,1,8150001,1.5903225806451615,8150001,tartarugalzinho,AP,1.380933595178362,,,,,,,,,,,,,,,,,,
2020,1,8151000,9.280645161290321,8151000,tartarugalzinho,AP,1.380933595178362,,,,,,,,,,,,,,,,,,
2020,1,8250002,26.125806451612902,8250002,calcoene,AP,1.1148736007243314,,,,,,,,,,,,,,,,,,
2020,1,8250003,20.1,8250003,amapa,AP,0.0,,,,,,,,,,,,,,,,,,
2020,1,8251001,6.180645161290323,8251001,calcoene,AP,1.1148736007243314,,,,,,,,,,,,,,,,,,
2020,1,8251003,9.106451612903227,8251003,calcoene,AP,1.1148736007243314,,,,,,,,,,,,,,,,,,
2020,1,8251004,12.229032258064517,8251004,oiapoque,AP,0.6796922290005825,,,,,,,,,,,,,,,,,,
2020,1,8351002,6.66774193548387,8351002,oiapoque,AP,0.6796922290005825,,,,,,,,,,,,,,,,,,
2020,2,51002,5.86551724137931,51002,mazagao,AP,0.7105347632894763,,,,,,,,,,,,,,,,,,
2020,2,51004,7.56551724137931,51004,mazagao,AP,0.7105347632894763,,,,,,,,,,,,,,,,,,
2020,2,52003,8.134482758620688,52003,mazagao,AP,0.7105347632894763,,,,,,,,,,,,,,,,,,
2020,2,771001,7.068965517241379,771001,tarauaca,AC,51.566269504105335,,,,,,,,,,,,,,,,,,
2020,2,772003,5.506896551724138,772003,tarauaca,AC,51.566269504105335,,,,,,,,,,,,,,,,,,
2020,2,772004,4.451724137931034,772004,cruzeiro do sul,AC,42.46801077816332,AC,0.1712765957446808,986.697074468085,987.1449468085108,986.3742021276596,1107.1252659574468,27.544680851063827,23.115159574468084,28.434574468085103,26.664361702127657,23.83803191489362,22.4281914893617,82.28989361702128,73.53989361702128,77.8936170212766,236.0,4.091223404255319,1.1912234042553191
2020,2,773000,4.193103448275862,773000,cruzeiro do sul,AC,42.46801077816332,AC,0.1712765957446808,986.697074468085,987.1449468085108,986.3742021276596,1107.1252659574468,27.544680851063827,23.115159574468084,28.434574468085103,26.664361702127657,23.83803191489362,22.4281914893617,82.28989361702128,73.53989361702128,77.8936170212766,236.0,4.091223404255319,1.1912234042553191
2020,2,773002,3.8758620689655174,773002,cruzeiro do sul,AC,42.46801077816332,AC,0.1712765957446808,986.697074468085,987.1449468085108,986.3742021276596,1107.1252659574468,27.544680851063827,23.115159574468084,28.434574468085103,26.664361702127657,23.83803191489362,22.4281914893617,82.28989361702128,73.53989361702128,77.8936170212766,236.0,4.091223404255319,1.1912234042553191
2020,2,869000,2.9793103448275864,869000,manoel urbano,AC,54.00287142445099,,,,,,,,,,,,,,,,,,
2020,2,870001,20.413793103448278,870001,tarauaca,AC,51.566269504105335,,,,,,,,,,,,,,,,,,
2020,2,870002,11.917241379310346,870002,feijo,AC,99.87712761795645,AC,0.6923076923076923,992.3458193979934,992.786287625418,992.0297658862876,1077.2140468227424,26.97826086956522,23.441471571906355,27.652508361204013,26.16387959866221,23.949163879598665,22.896989966555186,85.51839464882943,78.75250836120401,81.93979933110369,192.0702341137124,4.054515050167224,1.7538461538461538
2020,2,870003,5.689655172413793,870003,feijo,AC,99.87712761795645,AC,0.6923076923076923,992.3458193979934,992.786287625418,992.0297658862876,1077.2140468227424,26.97826086956522,23.441471571906355,27.652508361204013,26.16387959866221,23.949163879598665,22.896989966555186,85.51839464882943,78.75250836120401,81.93979933110369,192.0702341137124,4.054515050167224,1.7538461538461538
2020,2,872000,6.944827586206896,872000,marechal thaumaturgo,AC,28.647523908163805,,,,,,,,,,,,,,,,,,
2020,2,872001,12.56551724137931,872001,porto walter,AC,23.57557038912401,AC,0.4398936170212766,986.9968085106384,987.4510638297872,986.676329787234,1120.9481382978724,27.4531914893617,23.595744680851062,28.21755319148936,26.64441489361701,24.282978723404256,22.95851063829787,84.50531914893617,76.72074468085107,80.47340425531915,214.2340425531915,4.320744680851064,1.759840425531915
2020,2,967005,4.717241379310345,967005,senador guiomard,AC,9.851018886423496,,,,,,,,,,,,,,,,,,
2020,2,968003,6.482758620689655,968003,sena madureira,AC,73.00378644206486,,,,,,,,,,,,,,,,,,
2020,2,968004,2.0917241379310343,968004,bujari,AC,17.651505984106795,,,,,,,,,,,,,,,,,,
2020,2,968005,5.968965517241379,968005,sena madureira,AC,73.00378644206486,,,,,,,,,,,,,,,,,,
2020,2,969001,5.86896551724138,969001,sena madureira,AC,73.00378644206486,,,,,,,,,,,,,,,,,,
2020,2,972000,6.3551724137931025,972000,marechal thaumaturgo,AC,28.647523908163805,,,,,,,,,,,,,,,,,,
2020,2,1067002,0.6086206896551724,1067002,placido de castro,AC,8.283925755364178,,,,,,,,,,,,,,,,,,
2020,2,1067003,7.217241379310345,1067003,capixaba,AC,18.80088769420413,,,,,,,,,,,,,,,,,,
2020,2,1068000,8.417241379310346,1068000,xapuri,AC,39.4840364289662,,,,,,,,,,,,,,,,,,
2020,2,1069000,5.187586206896552,1069000,assis brasil,AC,18.174809651320658,,,,,,,,,,,,,,,,,,
2020,2,1168001,5.103448275862069,1168001,brasileia,AC,40.12106795338988,,,,,,,,,,,,,,,,,,
2020,2,8050000,17.5,8050000,macapa,AP,1.4362682953538903,AP,0.2997389033942558,1010.1467362924284,1010.4950391644908,1009.857180156658,1194.1308093994778,27.318798955613577,23.121671018276764,27.969973890339425,26.57937336814621,23.70626631853786,22.58041775456919,82.33942558746736,75.86945169712794,78.8668407310705,114.46997389033945,5.407832898172323,1.8279373368146208
2020,2,8050001,16.310344827586206,8050001,macapa,AP,1.4362682953538903,AP,0.2997389033942558,1010.1467362924284,1010.4950391644908,1009.857180156658,1194.1308093994778,27.318798955613577,23.121671018276764,27.969973890339425,26.57937336814621,23.70626631853786,22.58041775456919,82.33942558746736,75.86945169712794,78.8668407310705,114.46997389033945,5.407832898172323,1.8279373368146208
2020,2,8051010,16.110344827586207,8051010,macapa,AP,1.4362682953538903,AP,0.2997389033942558,1010.1467362924284,1010.4950391644908,1009.857180156658,1194.1308093994778,27.318798955613577,23.121671018276764,27.969973890339425,26.57937336814621,23.70626631853786,22.58041775456919,82.33942558746736,75.86945169712794,78.8668407310705,114.46997389033945,5.407832898172323,1.8279373368146208
2020,2,8051012,8.479166666666666,8051012,porto grande,AP,0.5924372503041586,AP,0.3121951219512195,1002.321409214092,1002.679674796748,1002.0452574525746,1239.1639566395663,26.857452574525745,22.55989159891599,27.532249322493225,26.03089430894309,23.09376693766938,22.03875338753388,82.2710027100271,75.06233062330624,78.37669376693766,146.8970189701897,5.759620596205963,2.5075880758807587
2020,2,8052000,6.8999999999999995,8052000,serra do navio,AP,0.0798508071129274,,,,,,,,,,,,,,,,,,
2020,2,8150000,10.53448275862069,8150000,tartarugalzinho,AP,1.380933595178362,,,,,,,,,,,,,,,,,,
2020,2,8150001,2.268965517241379,8150001,tartarugalzinho,AP,1.380933595178362,,,,,,,,,,,,,,,,,,
2020,2,8151000,8.862068965517242,8151000,tartarugalzinho,AP,1.380933595178362,,,,,,,,,,,,,,,,,,
2020,2,8250002,16.19655172413793,8250002,calcoene,AP,1.1148736007243314,,,,,,,,,,,,,,,,,,
2020,2,8250003,12.848275862068967,8250003,amapa,AP,0.0,,,,,,,,,,,,,,,,,,
2020,2,8251001,4.0827586206896544,8251001,calcoene,AP,1.1148736007243314,,,,,,,,,,,,,,,,,,
2020,2,8251003,9.220689655172412,8251003,calcoene,AP,1.1148736007243314,,,,,,,,,,,,,,,,,,
2020,2,8251004,8.437931034482759,8251004,oiapoque,AP,0.6796922290005825,,,,,,,,,,,,,,,,,,
2020,2,8351002,9.827586206896552,8351002,oiapoque,AP,0.6796922290005825,,,,,,,,,,,,,,,,,,
2020,3,51002,6.616129032258065,51002,mazagao,AP,0.7105347632894763,,,,,,,,,,,,,,,,,,
2020,3,51004,6.154838709677419,51004,mazagao,AP,0.7105347632894763,,,,,,,,,,,,,,,,,,
2020,3,52003,6.896774193548388,52003,mazagao,AP,0.7105347632894763,,,,,,,,,,,,,,,,,,
2020,3,771001,9.35483870967742,771001,tarauaca,AC,51.566269504105335,,,,,,,,,,,,,,,,,,
2020,3,772003,10.670967741935485,772003,tarauaca,AC,51.566269504105335,,,,,,,,,,,,,,,,,,
2020,3,772004,11.851612903225806,772004,cruzeiro do sul,AC,42.46801077816332,AC,0.6785340314136126,986.453664921466,986.9664921465968,986.1413612565444,1160.9869109947645,27.42041884816754,22.91439790575916,28.2979057591623,26.408376963350783,23.679057591623035,22.209685863874345,82.60732984293193,73.7565445026178,77.80366492146597,236.0,3.913089005235602,1.0950261780104713
2020,3,773000,13.922580645161291,773000,cruzeiro do sul,AC,42.46801077816332,AC,0.6785340314136126,986.453664921466,986.9664921465968,986.1413612565444,1160.9869109947645,27.42041884816754,22.91439790575916,28.2979057591623,26.408376963350783,23.679057591623035,22.209685863874345,82.60732984293193,73.7565445026178,77.80366492146597,236.0,3.913089005235602,1.0950261780104713
2020,3,773002,10.52258064516129,773002,cruzeiro do sul,AC,42.46801077816332,AC,0.6785340314136126,986.453664921466,986.9664921465968,986.1413612565444,1160.9869109947645,27.42041884816754,22.91439790575916,28.2979057591623,26.408376963350783,23.679057591623035,22.209685863874345,82.60732984293193,73.7565445026178,77.80366492146597,236.0,3.913089005235602,1.0950261780104713
2020,3,869000,13.10225806451613,869000,manoel urbano,AC,54.00287142445099,,,,,,,,,,,,,,,,,,
2020,3,870001,24.612903225806452,870001,tarauaca,AC,51.566269504105335,,,,,,,,,,,,,,,,,,
2020,3,870002,8.85483870967742,870002,feijo,AC,99.87712761795645,AC,0.5557333333333333,991.7722666666666,992.2568,991.4317333333332,1250.445066666667,27.67093333333333,23.457066666666663,28.40693333333333,26.79893333333333,24.02293333333333,22.894666666666662,82.97333333333333,75.72,79.112,190.04533333333333,4.069066666666667,1.7053333333333334
2020,3,870003,41.13870967741936,870003,feijo,AC,99.87712761795645,AC,0.5557333333333333,991.7722666666666,992.2568,991.4317333333332,1250.445066666667,27.67093333333333,23.457066666666663,28.40693333333333,26.79893333333333,24.02293333333333,22.894666666666662,82.97333333333333,75.72,79.112,190.04533333333333,4.069066666666667,1.7053333333333334
2020,3,872000,10.096774193548388,872000,marechal thaumaturgo,AC,28.647523908163805,,,,,,,,,,,,,,,,,,
2020,3,872001,13.770967741935483,872001,porto walter,AC,23.57557038912401,AC,0.1472222222222222,986.9157407407408,987.4699074074074,986.635648148148,1361.8046296296295,28.189814814814813,23.84259259259259,29.01342592592593,27.233796296296298,24.6,23.10277777777777,82.94444444444444,74.57407407407408,78.43055555555556,207.01388888888889,4.003240740740741,1.6046296296296296
2020,3,967005,7.217741935483871,967005,senador guiomard,AC,9.851018886423496,,,,,,,,,,,,,,,,,,
2020,3,968003,7.225806451612903,968003,sena madureira,AC,73.00378644206486,,,,,,,,,,,,,,,,,,
2020,3,968004,4.764516129032258,968004,bujari,AC,17.651505984106795,,,,,,,,,,,,,,,,,,
2020,3,968005,12.619354838709677,968005,sena madureira,AC,73.00378644206486,,,,,,,,,,,,,,,,,,
2020,3,969001,18.835483870967742,969001,sena madureira,AC,73.00378644206486,,,,,,,,,,,,,,,,,,
2020,3,972000,8.261290322580646,972000,marechal thaumaturgo,AC,28.647523908163805,,,,,,,,,,,,,,,,,,
2020,3,1067002,0.40677419354838706,1067002,placido de castro,AC,8.283925755364178,,,,,,,,,,,,,,,,,,
2020,3,1067003,2.6838709677419357,1067003,capixaba,AC,18.80088769420413,,,,,,,,,,,,,,,,,,
2020,3,1068000,5.4554838709677425,1068000,xapuri,AC,39.4840364289662,,,,,,,,,,,,,,,,,,
2020,3,1069000,5.0,1069000,assis brasil,AC,18.174809651320658,,,,,,,,,,,,,,,,,,
2020,3,1168001,3.225806451612903,1168001,brasileia,AC,40.12106795338988,,,,,,,,,,,,,,,,,,
2020,3,8050000,11.09032258064516,8050000,macapa,AP,1.4362682953538903,AP,0.4054054054054054,1009.915479115479,1010.2923832923832,1009.5977886977888,1186.0083538083538,27.546683046683047,23.2955773955774,28.15184275184275,26.848894348894348,23.897542997542995,22.726781326781325,82.02211302211302,75.58968058968058,78.60442260442261,125.9017199017199,5.131449631449631,1.878869778869779
2020,3,8050001,13.158064516129032,8050001,macapa,AP,1.4362682953538903,AP,0.4054054054054054,1009.915479115479,1010.2923832923832,1009.5977886977888,1186.0083538083538,27.546683046683047,23.2955773955774,28.15184275184275,26.848894348894348,23.897542997542995,22.726781326781325,82.02211302211302,75.58968058968058,78.60442260442261,125.9017199017199,5.131449631449631,1.878869778869779
2020,3,8051010,11.935483870967742,8051010,macapa,AP,1.4362682953538903,AP,0.4054054054054054,1009.915479115479,1010.2923832923832,1009.5977886977888,1186.0083538083538,27.546683046683047,23.2955773955774,28.15184275184275,26.848894348894348,23.897542997542995,22.726781326781325,82.02211302211302,75.58968058968058,78.60442260442261,125.9017199017199,5.131449631449631,1.878869778869779
2020,3,8051012,12.12258064516129,8051012,porto grande,AP,0.5924372503041586,AP,0.2805970149253731,1002.0121890547264,1002.39776119403,1001.6987562189056,1318.5442786069652,27.1181592039801,22.779353233830843,27.79402985074627,26.3365671641791,23.318407960199004,22.20945273631841,82.11940298507463,74.83830845771145,78.28109452736318,172.8457711442786,5.50547263681592,2.3940298507462687
2020,3,8052000,8.89032258064516,8052000,serra do navio,AP,0.0798508071129274,,,,,,,,,,,,,,,,,,
2020,3,8150000,7.1,8150000,tartarugalzinho,AP,1.380933595178362,,,,,,,,,,,,,,,,,,
2020,3,8150001,20.019354838709678,8150001,tartarugalzinho,AP,1.380933595178362,,,,,,,,,,,,,,,,,,
2020,3,8151000,14.24516129032258,8151000,tartarugalzinho,AP,1.380933595178362,,,,,,,,,,,,,,,,,,
2020,3,8250002,11.577419354838709,8250002,calcoene,AP,1.1148736007243314,,,,,,,,,,,,,,,,,,
2020,3,8250003,11.13225806451613,8250003,amapa,AP,0.0,,,,,,,,,,,,,,,,,,
2020,3,8251001,4.529032258064516,8251001,calcoene,AP,1.1148736007243314,,,,,,,,,,,,,,,,,,
2020,3,8251003,4.4,8251003,calcoene,AP,1.1148736007243314,,,,,,,,,,,,,,,,,,
2020,3,8251004,10.22258064516129,8251004,oiapoque,AP,0.6796922290005825,,,,,,,,,,,,,,,,,,
2020,3,8351002,19.238709677419354,8351002,oiapoque,AP,0.6796922290005825,,,,,,,,,,,,,,,,,,
2020,4,51002,5.85,51002,mazagao,AP,0.7105347632894763,,,,,,,,,,,,,,,,,,
2020,4,51004,18.05,51004,mazagao,AP,0.7105347632894763,,,,,,,,,,,,,,,,,,
2020,4,52003,12.129999999999999,52003,mazagao,AP,0.7105347632894763,,,,,,,,,,,,,,,,,,
2020,4,771001,7.666666666666667,771001,tarauaca,AC,51.566269504105335,,,,,,,,,,,,,,,,,,
2020,4,772003,8.943333333333333,772003,tarauaca,AC,51.566269504105335,,,,,,,,,,,,,,,,,,
2020,4,772004,4.613333333333333,772004,cruzeiro do sul,AC,42.46801077816332,AC,0.1834666666666666,988.3013333333332,988.7642666666666,988.0197333333334,1156.4304,27.517066666666665,22.30053333333333,28.2056,26.60613333333333,23.0336,21.603466666666662,79.38933333333334,71.344,74.79466666666667,236.0,3.8528,1.262133333333333
2020,4,773000,8.043333333333333,773000,cruzeiro do sul,AC,42.46801077816332,AC,0.1834666666666666,988.3013333333332,988.7642666666666,988.0197333333334,1156.4304,27.517066666666665,22.30053333333333,28.2056,26.60613333333333,23.0336,21.603466666666662,79.38933333333334,71.344,74.79466666666667,236.0,3.8528,1.262133333333333
2020,4,773002,8.066666666666666,773002,cruzeiro do sul,AC,42.46801077816332,AC,0.1834666666666666,988.3013333333332,988.7642666666666,988.0197333333334,1156.4304,27.517066666666665,22.30053333333333,28.2056,26.60613333333333,23.0336,21.603466666666662,79.38933333333334,71.344,74.79466666666667,236.0,3.8528,1.262133333333333
2020,4,869000,5.069999999999999,869000,manoel urbano,AC,54.00287142445099,,,,,,,,,,,,,,,,,,
2020,4,870001,28.433333333333334,870001,tarauaca,AC,51.566269504105335,,,,,,,,,,,,,,,,,,
2020,4,870002,7.516666666666667,870002,feijo,AC,99.87712761795645,AC,0.6154241645244216,993.8275064267352,994.2696658097688,993.5349614395886,1111.6933161953727,27.016709511568124,22.747043701799488,27.658354755784064,26.18843187660668,23.258868894601544,22.12056555269923,82.49357326478149,75.67095115681234,78.93830334190231,172.8611825192802,4.032904884318766,1.6753213367609257
2020,4,870003,27.093333333333337,870003,feijo,AC,99.87712761795645,AC,0.6154241645244216,993.8275064267352,994.2696658097688,993.5349614395886,1111.6933161953727,27.016709511568124,22.747043701799488,27.658354755784064,26.18843187660668,23.258868894601544,22.12056555269923,82.49357326478149,75.67095115681234,78.93830334190231,172.8611825192802,4.032904884318766,1.6753213367609257
2020,4,872000,3.64,872000,marechal thaumaturgo,AC,28.647523908163805,,,,,,,,,,,,,,,,,,
2020,4,872001,8.476666666666667,872001,porto walter,AC,23.57557038912401,AC,0.0,987.7446428571428,988.6928571428572,987.7142857142856,2535.9482142857146,31.03392857142857,22.52857142857143,31.869642857142857,29.885714285714283,23.64642857142857,21.68035714285714,66.69642857142857,57.69642857142857,61.142857142857146,198.1071428571429,4.6875,1.8875
2020,4,967005,6.8,967005,senador guiomard,AC,9.851018886423496,,,,,,,,,,,,,,,,,,
2020,4,968003,2.3333333333333335,968003,sena madureira,AC,73.00378644206486,,,,,,,,,,,,,,,,,,
2020,4,968004,1.6333333333333335,968004,bujari,AC,17.651505984106795,,,,,,,,,,,,,,,,,,
2020,4,968005,3.8433333333333333,968005,sena madureira,AC,73.00378644206486,,,,,,,,,,,,,,,,,,
2020,4,969001,6.5,969001,sena madureira,AC,73.00378644206486,,,,,,,,,,,,,,,,,,
2020,4,972000,4.33,972000,marechal thaumaturgo,AC,28.647523908163805,,,,,,,,,,,,,,,,,,
2020,4,1067002,0.19,1067002,placido de castro,AC,8.283925755364178,,,,,,,,,,,,,,,,,,
2020,4,1067003,3.773333333333333,1067003,capixaba,AC,18.80088769420413,,,,,,,,,,,,,,,,,,
2020,4,1068000,4.601333333333333,1068000,xapuri,AC,39.4840364289662,,,,,,,,,,,,,,,,,,
2020,4,1069000,6.706666666666666,1069000,assis brasil,AC,18.174809651320658,,,,,,,,,,,,,,,,,,
2020,4,1168001,5.656666666666666,1168001,brasileia,AC,40.12106795338988,,,,,,,,,,,,,,,,,,
2020,4,8050000,15.893333333333334,8050000,macapa,AP,1.4362682953538903,AP,0.747103274559194,1010.286146095718,1010.63879093199,1009.9680100755668,1222.5146095717885,27.524937027707807,23.62090680100756,28.14886649874056,26.81889168765743,24.24206549118388,23.04735516372796,83.67758186397985,77.24937027707809,80.24181360201511,137.84382871536525,5.247355163727959,1.9128463476070527
2020,4,8050001,18.676666666666666,8050001,macapa,AP,1.4362682953538903,AP,0.747103274559194,1010.286146095718,1010.63879093199,1009.9680100755668,1222.5146095717885,27.524937027707807,23.62090680100756,28.14886649874056,26.81889168765743,24.24206549118388,23.04735516372796,83.67758186397985,77.24937027707809,80.24181360201511,137.84382871536525,5.247355163727959,1.9128463476070527
2020,4,8051010,17.63,8051010,macapa,AP,1.4362682953538903,AP,0.747103274559194,1010.286146095718,1010.63879093199,1009.9680100755668,1222.5146095717885,27.524937027707807,23.62090680100756,28.14886649874056,26.81889168765743,24.24206549118388,23.04735516372796,83.67758186397985,77.24937027707809,80.24181360201511,137.84382871536525,5.247355163727959,1.9128463476070527
2020,4,8051012,13.466666666666667,8051012,porto grande,AP,0.5924372503041586,AP,0.6218666666666667,1002.3253333333332,1002.7013333333332,1002.0152,1192.8322666666666,26.9336,23.2616,27.62373333333333,26.1344,23.787466666666663,22.727466666666665,85.10666666666667,77.79466666666667,81.29866666666666,157.08533333333332,4.8293333333333335,1.959733333333333
2020,4,8052000,17.59333333333333,8052000,serra do navio,AP,0.0798508071129274,,,,,,,,,,,,,,,,,,
2020,4,8150000,11.686666666666667,8150000,tartarugalzinho,AP,1.380933595178362,,,,,,,,,,,,,,,,,,
2020,4,8150001,1.2233333333333332,8150001,tartarugalzinho,AP,1.380933595178362,,,,,,,,,,,,,,,,,,
2020,4,8151000,18.553333333333335,8151000,tartarugalzinho,AP,1.380933595178362,,,,,,,,,,,,,,,,,,
2020,4,8250002,11.406666666666666,8250002,calcoene,AP,1.1148736007243314,,,,,,,,,,,,,,,,,,
2020,4,8250003,13.866666666666667,8250003,amapa,AP,0.0,,,,,,,,,,,,,,,,,,
2020,4,8251001,17.65666666666667,8251001,calcoene,AP,1.1148736007243314,,,,,,,,,,,,,,,,,,
2020,4,8251003,15.386666666666667,8251003,calcoene,AP,1.1148736007243314,,,,,,,,,,,,,,,,,,
2020,4,8251004,15.736666666666668,8251004,oiapoque,AP,0.6796922290005825,,,,,,,,,,,,,,,,,,
2020,4,8351002,21.826666666666664,8351002,oiapoque,AP,0.6796922290005825,,,,,,,,,,,,,,,,,,
2020,5,51002,6.651612903225806,51002,mazagao,AP,0.7105347632894763,,,,,,,,,,,,,,,,,,
2020,5,51004,11.009677419354839,51004,mazagao,AP,0.7105347632894763,,,,,,,,,,,,,,,,,,
2020,5,52003,10.667741935483871,52003,mazagao,AP,0.7105347632894763,,,,,,,,,,,,,,,,,,
2020,5,771001,4.903225806451613,771001,tarauaca,AC,51.566269504105335,,,,,,,,,,,,,,,,,,
2020,5,772003,2.4129032258064513,772003,tarauaca,AC,51.566269504105335,,,,,,,,,,,,,,,,,,
2020,5,772004,2.638709677419355,772004,cruzeiro do sul,AC,42.46801077816332,AC,0.4025236593059936,989.0305993690852,989.5268138801262,988.8586750788644,1234.9104100946372,29.825867507886432,23.75867507886436,32.26309148264984,27.839116719242902,25.91671924290221,22.19621451104101,76.4826498422713,66.84227129337539,71.43533123028391,236.0,3.870347003154575,1.1703470031545742
2020,5,773000,9.716129032258063,773000,cruzeiro do sul,AC,42.46801077816332,AC,0.4025236593059936,989.0305993690852,989.5268138801262,988.8586750788644,1234.9104100946372,29.825867507886432,23.75867507886436,32.26309148264984,27.839116719242902,25.91671924290221,22.19621451104101,76.4826498422713,66.84227129337539,71.43533123028391,236.0,3.870347003154575,1.1703470031545742
2020,5,773002,5.396774193548388,773002,cruzeiro do sul,AC,42.46801077816332,AC,0.4025236593059936,989.0305993690852,989.5268138801262,988.8586750788644,1234.9104100946372,29.825867507886432,23.75867507886436,32.26309148264984,27.839116719242902,25.91671924290221,22.19621451104101,76.4826498422713,66.84227129337539,71.43533123028391,236.0,3.870347003154575,1.1703470031545742
2020,5,869000,3.9290322580645163,869000,manoel urbano,AC,54.00287142445099,,,,,,,,,,,,,,,,,,
2020,5,870001,5.548387096774194,870001,tarauaca,AC,51.566269504105335,,,,,,,,,,,,,,,,,,
2020,5,870002,2.706451612903226,870002,feijo,AC,99.87712761795645,AC,0.1190123456790123,994.963950617284,995.3592592592591,994.696049382716,1175.731111111111,26.612098765432098,21.584938271604937,27.317283950617284,25.70074074074073,22.093827160493827,20.97753086419753,79.54814814814814,72.2,75.65432098765432,183.05925925925925,3.951604938271605,1.6812345679012346
2020,5,870003,7.864516129032259,870003,feijo,AC,99.87712761795645,AC,0.1190123456790123,994.963950617284,995.3592592592591,994.696049382716,1175.731111111111,26.612098765432098,21.584938271604937,27.317283950617284,25.70074074074073,22.093827160493827,20.97753086419753,79.54814814814814,72.2,75.65432098765432,183.05925925925925,3.951604938271605,1.6812345679012346
2020,5,872000,3.574193548387097,872000,marechal thaumaturgo,AC,28.647523908163805,,,,,,,,,,,,,,,,,,
2020,5,872001,6.554838709677419,872001,porto walter,AC,23.57557038912401,AC,0.0,989.1081632653062,989.8673469387757,989.1,2499.4795918367345,29.732653061224493,21.804081632653062,30.520408163265305,28.59183673469388,22.97551020408164,20.8061224489796,67.6734693877551,59.24489795918368,62.795918367346935,198.81632653061223,4.467346938775511,1.8551020408163263
2020,5,967005,6.274193548387097,967005,senador guiomard,AC,9.851018886423496,,,,,,,,,,,,,,,,,,
2020,5,968003,2.3870967741935485,968003,sena madureira,AC,73.00378644206486,,,,,,,,,,,,,,,,,,
2020,5,968004,1.3419354838709678,968004,bujari,AC,17.651505984106795,,,,,,,,,,,,,,,,,,
2020,5,968005,1.9290322580645163,968005,sena madureira,AC,73.00378644206486,,,,,,,,,,,,,,,,,,
2020,5,969001,4.519354838709678,969001,sena madureira,AC,73.00378644206486,,,,,,,,,,,,,,,,,,
2020,5,972000,2.096774193548387,972000,marechal thaumaturgo,AC,28.647523908163805,,,,,,,,,,,,,,,,,,
2020,5,1067002,0.11483870967741935,1067002,placido de castro,AC,8.283925755364178,,,,,,,,,,,,,,,,,,
2020,5,1067003,1.9451612903225806,1067003,capixaba,AC,18.80088769420413,,,,,,,,,,,,,,,,,,
2020,5,1068000,3.164285714285714,1068000,xapuri,AC,39.4840364289662,,,,,,,,,,,,,,,,,,
2020,5,1069000,3.3870967741935485,1069000,assis brasil,AC,18.174809651320658,,,,,,,,,,,,,,,,,,
2020,5,1168001,0.1774193548387097,1168001,brasileia,AC,40.12106795338988,,,,,,,,,,,,,,,,,,
2020,5,8050000,24.135483870967743,8050000,macapa,AP,1.4362682953538903,AP,0.5147058823529411,1010.5590686274508,1010.913725490196,1010.2742647058824,1350.1875,28.33235294117647,23.81004901960784,28.90122549019608,27.634313725490195,24.45637254901961,23.210049019607844,81.21323529411765,74.57598039215686,77.55147058823529,124.25245098039215,4.985539215686274,1.9411764705882355
2020,5,8050001,14.1,8050001,macapa,AP,1.4362682953538903,AP,0.5147058823529411,1010.5590686274508,1010.913725490196,1010.2742647058824,1350.1875,28.33235294117647,23.81004901960784,28.90122549019608,27.634313725490195,24.45637254901961,23.210049019607844,81.21323529411765,74.57598039215686,77.55147058823529,124.25245098039215,4.985539215686274,1.9411764705882355
2020,5,8051010,8.912903225806453,8051010,macapa,AP,1.4362682953538903,AP,0.5147058823529411,1010.5590686274508,1010.913725490196,1010.2742647058824,1350.1875,28.33235294117647,23.81004901960784,28.90122549019608,27.634313725490195,24.45637254901961,23.210049019607844,81.21323529411765,74.57598039215686,77.55147058823529,124.25245098039215,4.985539215686274,1.9411764705882355
2020,5,8051012,6.7064516129032254,8051012,porto grande,AP,0.5924372503041586,AP,0.5955696202531645,1002.7022151898736,1003.1148734177216,1002.4610759493672,1406.7645569620252,27.587658227848102,23.44430379746836,28.34113924050633,26.68544303797469,24.07753164556962,22.85158227848101,83.60126582278481,75.42721518987342,79.18354430379746,122.32278481012658,5.064873417721519,2.074367088607595
2020,5,8052000,14.196774193548388,8052000,serra do navio,AP,0.0798508071129274,,,,,,,,,,,,,,,,,,
2020,5,8150000,8.723333333333333,8150000,tartarugalzinho,AP,1.380933595178362,,,,,,,,,,,,,,,,,,
2020,5,8150001,6.477419354838709,8150001,tartarugalzinho,AP,1.380933595178362,,,,,,,,,,,,,,,,,,
2020,5,8151000,13.170967741935485,8151000,tartarugalzinho,AP,1.380933595178362,,,,,,,,,,,,,,,,,,
2020,5,8250002,16.625806451612902,8250002,calcoene,AP,1.1148736007243314,,,,,,,,,,,,,,,,,,
2020,5,8250003,15.509677419354839,8250003,amapa,AP,0.0,,,,,,,,,,,,,,,,,,
2020,5,8251001,15.641935483870967,8251001,calcoene,AP,1.1148736007243314,,,,,,,,,,,,,,,,,,
2020,5,8251003,13.209677419354838,8251003,calcoene,AP,1.1148736007243314,,,,,,,,,,,,,,,,,,
2020,5,8251004,19.880645161290325,8251004,oiapoque,AP,0.6796922290005825,,,,,,,,,,,,,,,,,,
2020,5,8351002,33.76774193548387,8351002,oiapoque,AP,0.6796922290005825,,,,,,,,,,,,,,,,,,
2020,6,51002,4.576666666666667,51002,mazagao,AP,0.7105347632894763,,,,,,,,,,,,,,,,,,
2020,6,51004,9.916666666666666,51004,mazagao,AP,0.7105347632894763,,,,,,,,,,,,,,,,,,
2020,6,52003,9.786666666666667,52003,mazagao,AP,0.7105347632894763,,,,,,,,,,,,,,,,,,
2020,6,771001,2.3666666666666667,771001,tarauaca,AC,51.566269504105335,,,,,,,,,,,,,,,,,,
2020,6,772003,0.7,772003,tarauaca,AC,51.566269504105335,,,,,,,,,,,,,,,,,,
2020,6,772004,6.13,772004,cruzeiro do sul,AC,42.46801077816332,AC,0.2138888888888889,988.397222222222,988.9092592592592,988.2412037037036,1249.325462962963,30.760185185185183,24.60601851851852,33.52916666666667,28.590740740740745,27.03333333333333,22.983796296296298,76.86111111111111,65.67129629629629,70.99074074074075,236.0,3.5546296296296296,0.9657407407407408
2020,6,773000,3.1966666666666668,773000,cruzeiro do sul,AC,42.46801077816332,AC,0.2138888888888889,988.397222222222,988.9092592592592,988.2412037037036,1249.325462962963,30.760185185185183,24.60601851851852,33.52916666666667,28.590740740740745,27.03333333333333,22.983796296296298,76.86111111111111,65.67129629629629,70.99074074074075,236.0,3.5546296296296296,0.9657407407407408
2020,6,773002,3.119230769230769,773002,cruzeiro do sul,AC,42.46801077816332,AC,0.2138888888888889,988.397222222222,988.9092592592592,988.2412037037036,1249.325462962963,30.760185185185183,24.60601851851852,33.52916666666667,28.590740740740745,27.03333333333333,22.983796296296298,76.86111111111111,65.67129629629629,70.99074074074075,236.0,3.5546296296296296,0.9657407407407408
2020,6,869000,2.0900000000000003,869000,manoel urbano,AC,54.00287142445099,,,,,,,,,,,,,,,,,,
2020,6,870001,9.2,870001,tarauaca,AC,51.566269504105335,,,,,,,,,,,,,,,,,,
2020,6,870002,0.7266666666666667,870002,feijo,AC,99.87712761795645,AC,0.0945736434108527,994.2167958656332,994.593023255814,993.9715762273902,1218.2945736434108,27.650387596899225,22.19121447028424,28.42222222222222,26.58242894056848,22.71498708010336,21.48888888888889,78.34883720930233,70.31266149870801,74.05167958656331,186.9018087855297,3.5400516795865635,1.5139534883720929
2020,6,870003,17.026666666666667,870003,feijo,AC,99.87712761795645,AC,0.0945736434108527,994.2167958656332,994.593023255814,993.9715762273902,1218.2945736434108,27.650387596899225,22.19121447028424,28.42222222222222,26.58242894056848,22.71498708010336,21.48888888888889,78.34883720930233,70.31266149870801,74.05167958656331,186.9018087855297,3.5400516795865635,1.5139534883720929
2020,6,872000,3.2366666666666664,872000,marechal thaumaturgo,AC,28.647523908163805,,,,,,,,,,,,,,,,,,
2020,6,872001,3.94,872001,porto walter,AC,23.57557038912401,,,,,,,,,,,,,,,,,,
2020,6,967005,2.32,967005,senador guiomard,AC,9.851018886423496,,,,,,,,,,,,,,,,,,
2020,6,968003,0.2533333333333333,968003,sena madureira,AC,73.00378644206486,,,,,,,,,,,,,,,,,,
2020,6,968004,9.476666666666667,968004,bujari,AC,17.651505984106795,,,,,,,,,,,,,,,,,,
2020,6,968005,0.4,968005,sena madureira,AC,73.00378644206486,,,,,,,,,,,,,,,,,,
2020,6,969001,2.033333333333333,969001,sena madureira,AC,73.00378644206486,,,,,,,,,,,,,,,,,,
2020,6,972000,2.11,972000,marechal thaumaturgo,AC,28.647523908163805,,,,,,,,,,,,,,,,,,
2020,6,1067002,0.17333333333333334,1067002,placido de castro,AC,8.283925755364178,,,,,,,,,,,,,,,,,,
2020,6,1067003,0.9733333333333333,1067003,capixaba,AC,18.80088769420413,,,,,,,,,,,,,,,,,,
2020,6,1068000,0.6333333333333333,1068000,xapuri,AC,39.4840364289662,,,,,,,,,,,,,,,,,,
2020,6,1069000,1.74,1069000,assis brasil,AC,18.174809651320658,,,,,,,,,,,,,,,,,,
2020,6,1168001,0.6599999999999999,1168001,brasileia,AC,40.12106795338988,,,,,,,,,,,,,,,,,,
2020,6,8050000,10.326666666666666,8050000,macapa,AP,1.4362682953538903,AP,0.4548223350253806,1010.4535532994925,1010.792385786802,1010.1855329949238,1397.937055837563,28.23730964467005,23.49213197969543,28.87208121827411,27.483502538071065,24.18071065989848,22.87918781725888,80.30964467005076,73.29187817258884,76.37817258883248,129.38832487309645,5.103553299492385,1.9903553299492387
2020,6,8050001,16.37666666666667,8050001,macapa,AP,1.4362682953538903,AP,0.4548223350253806,1010.4535532994925,1010.792385786802,1010.1855329949238,1397.937055837563,28.23730964467005,23.49213197969543,28.87208121827411,27.483502538071065,24.18071065989848,22.87918781725888,80.30964467005076,73.29187817258884,76.37817258883248,129.38832487309645,5.103553299492385,1.9903553299492387
2020,6,8051010,11.516666666666667,8051010,macapa,AP,1.4362682953538903,AP,0.4548223350253806,1010.4535532994925,1010.792385786802,1010.1855329949238,1397.937055837563,28.23730964467005,23.49213197969543,28.87208121827411,27.483502538071065,24.18071065989848,22.87918781725888,80.30964467005076,73.29187817258884,76.37817258883248,129.38832487309645,5.103553299492385,1.9903553299492387
2020,6,8051012,9.403333333333334,8051012,porto grande,AP,0.5924372503041586,AP,0.5471794871794872,1002.567435897436,1002.906153846154,1002.2984615384617,1200.6615384615384,26.76948717948718,23.20897435897436,27.603589743589744,25.876410256410253,23.82076923076924,22.56589743589744,85.57948717948717,77.57948717948717,81.58974358974359,147.9102564102564,4.786666666666666,1.9135897435897435
2020,6,8052000,11.023333333333333,8052000,serra do navio,AP,0.0798508071129274,,,,,,,,,,,,,,,,,,
2020,6,8150000,7.743333333333334,8150000,tartarugalzinho,AP,1.380933595178362,,,,,,,,,,,,,,,,,,
2020,6,8150001,9.646666666666667,8150001,tartarugalzinho,AP,1.380933595178362,,,,,,,,,,,,,,,,,,
2020,6,8151000,6.746666666666667,8151000,tartarugalzinho,AP,1.380933595178362,,,,,,,,,,,,,,,,,,
2020,6,8250002,14.723333333333333,8250002,calcoene,AP,1.1148736007243314,,,,,,,,,,,,,,,,,,
2020,6,8250003,18.773333333333333,8250003,amapa,AP,0.0,,,,,,,,,,,,,,,,,,
2020,6,8251001,13.536666666666665,8251001,calcoene,AP,1.1148736007243314,,,,,,,,,,,,,,,,,,
2020,6,8251003,10.319999999999999,8251003,calcoene,AP,1.1148736007243314,,,,,,,,,,,,,,,,,,
2020,6,8251004,13.366666666666667,8251004,oiapoque,AP,0.6796922290005825,,,,,,,,,,,,,,,,,,
2020,6,8351002,15.766666666666667,8351002,oiapoque,AP,0.6796922290005825,,,,,,,,,,,,,,,,,,
2020,7,51002,2.203225806451613,51002,mazagao,AP,0.7105347632894763,,,,,,,,,,,,,,,,,,
2020,7,51004,4.570967741935483,51004,mazagao,AP,0.7105347632894763,,,,,,,,,,,,,,,,,,
2020,7,52003,3.1548387096774193,52003,mazagao,AP,0.7105347632894763,,,,,,,,,,,,,,,,,,
2020,7,771001,1.7419354838709677,771001,tarauaca,AC,51.566269504105335,,,,,,,,,,,,,,,,,,
2020,7,772003,3.7580645161290325,772003,tarauaca,AC,51.566269504105335,,,,,,,,,,,,,,,,,,
2020,7,772004,3.8483870967741933,772004,cruzeiro do sul,AC,42.46801077816332,AC,0.3763157894736842,988.3574561403508,988.9122807017544,988.2289473684212,1276.6881578947368,30.76184210526316,24.36140350877193,33.43245614035088,28.253508771929827,26.725438596491227,22.454385964912284,76.49561403508773,64.79385964912281,69.95614035087719,236.0,3.7653508771929824,1.1337719298245614
2020,7,773000,1.4483870967741934,773000,cruzeiro do sul,AC,42.46801077816332,AC,0.3763157894736842,988.3574561403508,988.9122807017544,988.2289473684212,1276.6881578947368,30.76184210526316,24.36140350877193,33.43245614035088,28.253508771929827,26.725438596491227,22.454385964912284,76.49561403508773,64.79385964912281,69.95614035087719,236.0,3.7653508771929824,1.1337719298245614
2020,7,773002,4.351851851851852,773002,cruzeiro do sul,AC,42.46801077816332,AC,0.3763157894736842,988.3574561403508,988.9122807017544,988.2289473684212,1276.6881578947368,30.76184210526316,24.36140350877193,33.43245614035088,28.253508771929827,26.725438596491227,22.454385964912284,76.49561403508773,64.79385964912281,69.95614035087719,236.0,3.7653508771929824,1.1337719298245614
2020,7,869000,1.6806451612903226,869000,manoel urbano,AC,54.00287142445099,,,,,,,,,,,,,,,,,,
2020,7,870001,2.806451612903226,870001,tarauaca,AC,51.566269504105335,,,,,,,,,,,,,,,,,,
2020,7,870002,1.5516129032258066,870002,feijo,AC,99.87712761795645,AC,0.0927083333333333,994.0453125,994.4479166666666,993.8171875,1173.06953125,27.473177083333336,21.45104166666667,28.22890625,26.35234375,21.95208333333333,20.7625,76.33854166666667,68.1953125,71.875,189.62760416666663,3.88984375,1.6015625
2020,7,870003,6.629032258064516,870003,feijo,AC,99.87712761795645,AC,0.0927083333333333,994.0453125,994.4479166666666,993.8171875,1173.06953125,27.473177083333336,21.45104166666667,28.22890625,26.35234375,21.95208333333333,20.7625,76.33854166666667,68.1953125,71.875,189.62760416666663,3.88984375,1.6015625
2020,7,872000,1.2225806451612902,872000,marechal thaumaturgo,AC,28.647523908163805,,,,,,,,,,,,,,,,,,
2020,7,872001,3.02258064516129,872001,porto walter,AC,23.57557038912401,,,,,,,,,,,,,,,,,,
2020,7,967005,1.2000000000000002,967005,senador guiomard,AC,9.851018886423496,,,,,,,,,,,,,,,,,,
2020,7,968003,0.43548387096774194,968003,sena madureira,AC,73.00378644206486,,,,,,,,,,,,,,,,,,
2020,7,968004,0.21935483870967742,968004,bujari,AC,17.651505984106795,,,,,,,,,,,,,,,,,,
2020,7,968005,2.3193548387096774,968005,sena madureira,AC,73.00378644206486,,,,,,,,,,,,,,,,,,
2020,7,969001,1.0129032258064516,969001,sena madureira,AC,73.00378644206486,,,,,,,,,,,,,,,,,,
2020,7,972000,2.664516129032258,972000,marechal thaumaturgo,AC,28.647523908163805,,,,,,,,,,,,,,,,,,
2020,7,1067002,0.08903225806451612,1067002,placido de castro,AC,8.283925755364178,,,,,,,,,,,,,,,,,,
2020,7,1067003,1.235483870967742,1067003,capixaba,AC,18.80088769420413,,,,,,,,,,,,,,,,,,
2020,7,1068000,0.6064516129032258,1068000,xapuri,AC,39.4840364289662,,,,,,,,,,,,,,,,,,
2020,7,1069000,1.6838709677419357,1069000,assis brasil,AC,18.174809651320658,,,,,,,,,,,,,,,,,,
2020,7,1168001,3.0419354838709682,1168001,brasileia,AC,40.12106795338988,,,,,,,,,,,,,,,,,,
2020,7,8050000,7.161290322580645,8050000,macapa,AP,1.4362682953538903,AP,0.0854320987654321,1010.0214814814816,1010.33012345679,1009.7906172839506,1564.6123456790124,29.05333333333333,22.84345679012345,29.68493827160494,28.20913580246913,23.62246913580247,22.157283950617284,74.94074074074074,67.36543209876544,70.54074074074074,138.45679012345678,5.13753086419753,1.990123456790124
2020,7,8050001,7.854838709677419,8050001,macapa,AP,1.4362682953538903,AP,0.0854320987654321,1010.0214814814816,1010.33012345679,1009.7906172839506,1564.6123456790124,29.05333333333333,22.84345679012345,29.68493827160494,28.20913580246913,23.62246913580247,22.157283950617284,74.94074074074074,67.36543209876544,70.54074074074074,138.45679012345678,5.13753086419753,1.990123456790124
2020,7,8051010,5.387096774193548,8051010,macapa,AP,1.4362682953538903,AP,0.0854320987654321,1010.0214814814816,1010.33012345679,1009.7906172839506,1564.6123456790124,29.05333333333333,22.84345679012345,29.68493827160494,28.20913580246913,23.62246913580247,22.157283950617284,74.94074074074074,67.36543209876544,70.54074074074074,138.45679012345678,5.13753086419753,1.990123456790124
2020,7,8051012,3.8212903225806456,8051012,porto grande,AP,0.5924372503041586,AP,0.3493796526054591,1002.1580645161292,1002.4940446650124,1001.9111662531018,1343.4235732009925,27.47816377171216,22.60818858560794,28.344913151364764,26.432009925558315,23.324317617866008,21.846153846153847,80.9652605459057,71.66749379652606,76.0545905707196,162.3275434243176,4.568238213399503,1.7749379652605457
2020,7,8052000,5.767741935483871,8052000,serra do navio,AP,0.0798508071129274,,,,,,,,,,,,,,,,,,
2020,7,8150000,5.625806451612903,8150000,tartarugalzinho,AP,1.380933595178362,,,,,,,,,,,,,,,,,,
2020,7,8150001,26.719354838709677,8150001,tartarugalzinho,AP,1.380933595178362,,,,,,,,,,,,,,,,,,
2020,7,8151000,1.8193548387096774,8151000,tartarugalzinho,AP,1.380933595178362,,,,,,,,,,,,,,,,,,
2020,7,8250002,4.883870967741935,8250002,calcoene,AP,1.1148736007243314,,,,,,,,,,,,,,,,,,
2020,7,8250003,5.938709677419355,8250003,amapa,AP,0.0,,,,,,,,,,,,,,,,,,
2020,7,8251001,6.82258064516129,8251001,calcoene,AP,1.1148736007243314,,,,,,,,,,,,,,,,,,
2020,7,8251003,5.199999999999999,8251003,calcoene,AP,1.1148736007243314,,,,,,,,,,,,,,,,,,
2020,7,8251004,6.841935483870968,8251004,oiapoque,AP,0.6796922290005825,,,,,,,,,,,,,,,,,,
2020,7,8351002,7.951612903225806,8351002,oiapoque,AP,0.6796922290005825,,,,,,,,,,,,,,,,,,
2020,8,51002,1.0,51002,mazagao,AP,0.7105347632894763,,,,,,,,,,,,,,,,,,
2020,8,51004,7.006451612903225,51004,mazagao,AP,0.7105347632894763,,,,,,,,,,,,,,,,,,
2020,8,52003,3.3741935483870966,52003,mazagao,AP,0.7105347632894763,,,,,,,,,,,,,,,,,,
2020,8,771001,1.1612903225806452,771001,tarauaca,AC,51.566269504105335,,,,,,,,,,,,,,,,,,
2020,8,772003,1.4903225806451614,772003,tarauaca,AC,51.566269504105335,,,,,,,,,,,,,,,,,,
2020,8,772004,1.6225806451612903,772004,cruzeiro do sul,AC,42.46801077816332,AC,0.0196531791907514,988.378612716763,988.9595375722544,988.2739884393064,1402.457225433526,32.543352601156066,21.067052023121388,35.415028901734104,30.371098265895952,23.56416184971098,19.478612716763006,58.36416184971098,48.410404624277454,52.6242774566474,236.0,4.517919075144508,1.4583815028901734
2020,8,773000,4.470967741935484,773000,cruzeiro do sul,AC,42.46801077816332,AC,0.0196531791907514,988.378612716763,988.9595375722544,988.2739884393064,1402.457225433526,32.543352601156066,21.067052023121388,35.415028901734104,30.371098265895952,23.56416184971098,19.478612716763006,58.36416184971098,48.410404624277454,52.6242774566474,236.0,4.517919075144508,1.4583815028901734
2020,8,773002,1.6258064516129032,773002,cruzeiro do sul,AC,42.46801077816332,AC,0.0196531791907514,988.378612716763,988.9595375722544,988.2739884393064,1402.457225433526,32.543352601156066,21.067052023121388,35.415028901734104,30.371098265895952,23.56416184971098,19.478612716763006,58.36416184971098,48.410404624277454,52.6242774566474,236.0,4.517919075144508,1.4583815028901734
2020,8,869000,1.7806451612903227,869000,manoel urbano,AC,54.00287142445099,,,,,,,,,,,,,,,,,,
2020,8,870001,0.2903225806451613,870001,tarauaca,AC,51.566269504105335,,,,,,,,,,,,,,,,,,
2020,8,870002,1.6870967741935483,870002,feijo,AC,99.87712761795645,AC,0.146039603960396,993.8633663366336,994.2675742574256,993.6034653465348,1355.098514851485,28.16262376237624,19.2519801980198,28.97648514851485,26.886138613861387,19.91163366336633,18.375742574257423,67.46782178217822,58.648514851485146,62.472772277227726,199.8762376237624,4.207673267326733,1.7547029702970296
2020,8,870003,0.03225806451612903,870003,feijo,AC,99.87712761795645,AC,0.146039603960396,993.8633663366336,994.2675742574256,993.6034653465348,1355.098514851485,28.16262376237624,19.2519801980198,28.97648514851485,26.886138613861387,19.91163366336633,18.375742574257423,67.46782178217822,58.648514851485146,62.472772277227726,199.8762376237624,4.207673267326733,1.7547029702970296
2020,8,872000,1.8451612903225807,872000,marechal thaumaturgo,AC,28.647523908163805,,,,,,,,,,,,,,,,,,
2020,8,872001,1.6161290322580646,872001,porto walter,AC,23.57557038912401,,,,,,,,,,,,,,,,,,
2020,8,967005,0.20967741935483872,967005,senador guiomard,AC,9.851018886423496,,,,,,,,,,,,,,,,,,
2020,8,968003,1.4838709677419355,968003,sena madureira,AC,73.00378644206486,,,,,,,,,,,,,,,,,,
2020,8,968004,0.31612903225806455,968004,bujari,AC,17.651505984106795,,,,,,,,,,,,,,,,,,
2020,8,968005,0.041935483870967745,968005,sena madureira,AC,73.00378644206486,,,,,,,,,,,,,,,,,,
2020,8,969001,2.2451612903225806,969001,sena madureira,AC,73.00378644206486,,,,,,,,,,,,,,,,,,
2020,8,972000,2.3,972000,marechal thaumaturgo,AC,28.647523908163805,,,,,,,,,,,,,,,,,,
2020,8,1067002,3.332258064516129,1067002,placido de castro,AC,8.283925755364178,,,,,,,,,,,,,,,,,,
2020,8,1067003,1.1580645161290322,1067003,capixaba,AC,18.80088769420413,,,,,,,,,,,,,,,,,,
2020,8,1068000,0.8387096774193549,1068000,xapuri,AC,39.4840364289662,,,,,,,,,,,,,,,,,,
2020,8,1069000,0.0,1069000,assis brasil,AC,18.174809651320658,,,,,,,,,,,,,,,,,,
2020,8,1168001,0.0,1168001,brasileia,AC,40.12106795338988,,,,,,,,,,,,,,,,,,
2020,8,8050000,1.3451612903225807,8050000,macapa,AP,1.4362682953538903,AP,0.0348448687350835,1009.8625298329356,1010.1849642004772,1009.6183770883056,1688.7346062052509,29.797374701670645,22.84081145584725,30.3854415274463,28.978042959427206,23.59570405727924,22.20763723150358,71.82338902147971,64.76133651551312,67.5107398568019,111.9236276849642,5.647732696897375,2.305011933174224
2020,8,8050001,1.8258064516129033,8050001,macapa,AP,1.4362682953538903,AP,0.0348448687350835,1009.8625298329356,1010.1849642004772,1009.6183770883056,1688.7346062052509,29.797374701670645,22.84081145584725,30.3854415274463,28.978042959427206,23.59570405727924,22.20763723150358,71.82338902147971,64.76133651551312,67.5107398568019,111.9236276849642,5.647732696897375,2.305011933174224
2020,8,8051010,3.403225806451613,8051010,macapa,AP,1.4362682953538903,AP,0.0348448687350835,1009.8625298329356,1010.1849642004772,1009.6183770883056,1688.7346062052509,29.797374701670645,22.84081145584725,30.3854415274463,28.978042959427206,23.59570405727924,22.20763723150358,71.82338902147971,64.76133651551312,67.5107398568019,111.9236276849642,5.647732696897375,2.305011933174224
2020,8,8051012,2.5999999999999996,8051012,porto grande,AP,0.5924372503041586,AP,0.3096774193548387,1001.9230769230768,1002.2803970223324,1001.6625310173696,1540.1684863523574,28.71290322580645,22.375186104218365,29.509925558312656,27.687841191067,23.104714640198512,21.635483870967743,75.11414392059554,66.31761786600497,70.23076923076923,140.51612903225808,5.172456575682382,2.0727047146401985
2020,8,8052000,2.958064516129032,8052000,serra do navio,AP,0.0798508071129274,,,,,,,,,,,,,,,,,,
2020,8,8150000,2.9516129032258065,8150000,tartarugalzinho,AP,1.380933595178362,,,,,,,,,,,,,,,,,,
2020,8,8150001,3.8,8150001,tartarugalzinho,AP,1.380933595178362,,,,,,,,,,,,,,,,,,
2020,8,8151000,1.538709677419355,8151000,tartarugalzinho,AP,1.380933595178362,,,,,,,,,,,,,,,,,,
2020,8,8250002,1.1709677419354838,8250002,calcoene,AP,1.1148736007243314,,,,,,,,,,,,,,,,,,
2020,8,8250003,2.2838709677419353,8250003,amapa,AP,0.0,,,,,,,,,,,,,,,,,,
2020,8,8251001,4.238709677419355,8251001,calcoene,AP,1.1148736007243314,,,,,,,,,,,,,,,,,,
2020,8,8251003,3.735483870967742,8251003,calcoene,AP,1.1148736007243314,,,,,,,,,,,,,,,,,,
2020,8,8251004,3.1129032258064515,8251004,oiapoque,AP,0.6796922290005825,,,,,,,,,,,,,,,,,,
2020,8,8351002,4.119354838709677,8351002,oiapoque,AP,0.6796922290005825,,,,,,,,,,,,,,,,,,
2020,9,51002,0.37,51002,mazagao,AP,0.7105347632894763,,,,,,,,,,,,,,,,,,
2020,9,51004,0.6266666666666667,51004,mazagao,AP,0.7105347632894763,,,,,,,,,,,,,,,,,,
2020,9,52003,0.6433333333333333,52003,mazagao,AP,0.7105347632894763,,,,,,,,,,,,,,,,,,
2020,9,771001,3.8333333333333335,771001,tarauaca,AC,51.566269504105335,,,,,,,,,,,,,,,,,,
2020,9,772003,4.796666666666667,772003,tarauaca,AC,51.566269504105335,,,,,,,,,,,,,,,,,,
2020,9,772004,3.9299999999999997,772004,cruzeiro do sul,AC,42.46801077816332,AC,0.0174757281553398,986.295145631068,986.978155339806,986.116990291262,1456.876213592233,32.39708737864078,23.75873786407767,34.90097087378641,30.85728155339806,25.774271844660195,22.618932038834952,66.79126213592232,56.20873786407767,61.55339805825243,236.0,4.325728155339806,1.3650485436893205
2020,9,773000,5.45,773000,cruzeiro do sul,AC,42.46801077816332,AC,0.0174757281553398,986.295145631068,986.978155339806,986.116990291262,1456.876213592233,32.39708737864078,23.75873786407767,34.90097087378641,30.85728155339806,25.774271844660195,22.618932038834952,66.79126213592232,56.20873786407767,61.55339805825243,236.0,4.325728155339806,1.3650485436893205
2020,9,773002,1.9423076923076923,773002,cruzeiro do sul,AC,42.46801077816332,AC,0.0174757281553398,986.295145631068,986.978155339806,986.116990291262,1456.876213592233,32.39708737864078,23.75873786407767,34.90097087378641,30.85728155339806,25.774271844660195,22.618932038834952,66.79126213592232,56.20873786407767,61.55339805825243,236.0,4.325728155339806,1.3650485436893205
2020,9,869000,5.056666666666667,869000,manoel urbano,AC,54.00287142445099,,,,,,,,,,,,,,,,,,
2020,9,870001,0.88,870001,tarauaca,AC,51.566269504105335,,,,,,,,,,,,,,,,,,
2020,9,870002,4.586666666666667,870002,feijo,AC,99.87712761795645,AC,0.2653164556962025,992.8635443037974,993.3508860759492,992.5465822784812,1274.5086075949368,28.42481012658228,22.03848101265823,29.15367088607595,27.39417721518988,22.60632911392405,21.35063291139241,75.09113924050632,67.34430379746836,70.75949367088607,197.97721518987345,4.132405063291139,1.6944303797468354
2020,9,870003,23.796666666666667,870003,feijo,AC,99.87712761795645,AC,0.2653164556962025,992.8635443037974,993.3508860759492,992.5465822784812,1274.5086075949368,28.42481012658228,22.03848101265823,29.15367088607595,27.39417721518988,22.60632911392405,21.35063291139241,75.09113924050632,67.34430379746836,70.75949367088607,197.97721518987345,4.132405063291139,1.6944303797468354
2020,9,872000,2.9233333333333333,872000,marechal thaumaturgo,AC,28.647523908163805,,,,,,,,,,,,,,,,,,
2020,9,872001,2.7700000000000005,872001,porto walter,AC,23.57557038912401,,,,,,,,,,,,,,,,,,
2020,9,967005,3.25,967005,senador guiomard,AC,9.851018886423496,,,,,,,,,,,,,,,,,,
2020,9,968003,0.2533333333333333,968003,sena madureira,AC,73.00378644206486,,,,,,,,,,,,,,,,,,
2020,9,968004,11.16,968004,bujari,AC,17.651505984106795,,,,,,,,,,,,,,,,,,
2020,9,968005,1.7533333333333334,968005,sena madureira,AC,73.00378644206486,,,,,,,,,,,,,,,,,,
2020,9,969001,1.5533333333333335,969001,sena madureira,AC,73.00378644206486,,,,,,,,,,,,,,,,,,
2020,9,972000,1.6933333333333331,972000,marechal thaumaturgo,AC,28.647523908163805,,,,,,,,,,,,,,,,,,
2020,9,1067002,1.616,1067002,placido de castro,AC,8.283925755364178,,,,,,,,,,,,,,,,,,
2020,9,1067003,5.86,1067003,capixaba,AC,18.80088769420413,,,,,,,,,,,,,,,,,,
2020,9,1068000,3.13,1068000,xapuri,AC,39.4840364289662,,,,,,,,,,,,,,,,,,
2020,9,1069000,2.6566666666666667,1069000,assis brasil,AC,18.174809651320658,,,,,,,,,,,,,,,,,,
2020,9,1168001,1.8233333333333335,1168001,brasileia,AC,40.12106795338988,,,,,,,,,,,,,,,,,,
2020,9,8050000,0.4666666666666667,8050000,macapa,AP,1.4362682953538903,AP,0.0081841432225063,1009.60358056266,1009.9511508951408,1009.3491048593352,1900.8168797953963,30.317391304347822,22.65447570332481,30.89820971867008,29.47340153452685,23.321739130434786,21.98772378516624,68.87212276214834,61.95652173913044,64.74168797953965,86.0690537084399,6.586445012787724,2.8406649616368287
2020,9,8050001,0.16000000000000003,8050001,macapa,AP,1.4362682953538903,AP,0.0081841432225063,1009.60358056266,1009.9511508951408,1009.3491048593352,1900.8168797953963,30.317391304347822,22.65447570332481,30.89820971867008,29.47340153452685,23.321739130434786,21.98772378516624,68.87212276214834,61.95652173913044,64.74168797953965,86.0690537084399,6.586445012787724,2.8406649616368287
2020,9,8051010,0.87,8051010,macapa,AP,1.4362682953538903,AP,0.0081841432225063,1009.60358056266,1009.9511508951408,1009.3491048593352,1900.8168797953963,30.317391304347822,22.65447570332481,30.89820971867008,29.47340153452685,23.321739130434786,21.98772378516624,68.87212276214834,61.95652173913044,64.74168797953965,86.0690537084399,6.586445012787724,2.8406649616368287
2020,9,8051012,2.108333333333333,8051012,porto grande,AP,0.5924372503041586,AP,0.1046153846153846,1001.6292307692308,1001.996153846154,1001.3641025641026,1626.159487179487,29.808461538461536,21.871794871794872,30.609487179487186,28.700512820512824,22.601538461538464,21.181282051282054,69.14102564102564,60.73333333333333,64.11538461538461,104.7897435897436,5.7761538461538455,2.375897435897436
2020,9,8052000,2.636666666666667,8052000,serra do navio,AP,0.0798508071129274,,,,,,,,,,,,,,,,,,
2020,9,8150000,0.7799999999999999,8150000,tartarugalzinho,AP,1.380933595178362,,,,,,,,,,,,,,,,,,
2020,9,8150001,8.606666666666666,8150001,tartarugalzinho,AP,1.380933595178362,,,,,,,,,,,,,,,,,,
2020,9,8151000,0.9966666666666666,8151000,tartarugalzinho,AP,1.380933595178362,,,,,,,,,,,,,,,,,,
2020,9,8250002,1.6,8250002,calcoene,AP,1.1148736007243314,,,,,,,,,,,,,,,,,,
2020,9,8250003,1.1700000000000002,8250003,amapa,AP,0.0,,,,,,,,,,,,,,,,,,
2020,9,8251001,0.9,8251001,calcoene,AP,1.1148736007243314,,,,,,,,,,,,,,,,,,
2020,9,8251003,1.0533333333333335,8251003,calcoene,AP,1.1148736007243314,,,,,,,,,,,,,,,,,,
2020,9,8251004,0.2733333333333334,8251004,oiapoque,AP,0.6796922290005825,,,,,,,,,,,,,,,,,,
2020,9,8351002,2.896666666666667,8351002,oiapoque,AP,0.6796922290005825,,,,,,,,,,,,,,,,,,
2020,10,51002,0.7129032258064517,51002,mazagao,AP,0.7105347632894763,,,,,,,,,,,,,,,,,,
2020,10,51004,1.3533333333333333,51004,mazagao,AP,0.7105347632894763,,,,,,,,,,,,,,,,,,
2020,10,52003,0.14516129032258066,52003,mazagao,AP,0.7105347632894763,,,,,,,,,,,,,,,,,,
2020,10,771001,9.483870967741936,771001,tarauaca,AC,51.566269504105335,,,,,,,,,,,,,,,,,,
2020,10,772003,3.2580645161290325,772003,tarauaca,AC,51.566269504105335,,,,,,,,,,,,,,,,,,
2020,10,772004,9.62258064516129,772004,cruzeiro do sul,AC,42.46801077816332,,,,,,,,,,,,,,,,,,
2020,10,773000,4.348387096774194,773000,cruzeiro do sul,AC,42.46801077816332,,,,,,,,,,,,,,,,,,
2020,10,773002,2.629032258064516,773002,cruzeiro do sul,AC,42.46801077816332,,,,,,,,,,,,,,,,,,
2020,10,869000,7.551612903225807,869000,manoel urbano,AC,54.00287142445099,,,,,,,,,,,,,,,,,,
2020,10,870001,1.9225806451612901,870001,tarauaca,AC,51.566269504105335,,,,,,,,,,,,,,,,,,
2020,10,870002,5.577419354838709,870002,feijo,AC,99.87712761795645,AC,0.1396039603960396,992.106188118812,992.6054455445544,991.7938118811882,1399.103465346535,28.04777227722772,21.92871287128713,28.7509900990099,27.129455445544554,22.52450495049505,21.25569306930693,75.95544554455445,68.51485148514851,71.86386138613861,199.6980198019802,4.286138613861386,1.8574257425742573
2020,10,870003,13.619354838709677,870003,feijo,AC,99.87712761795645,AC,0.1396039603960396,992.106188118812,992.6054455445544,991.7938118811882,1399.103465346535,28.04777227722772,21.92871287128713,28.7509900990099,27.129455445544554,22.52450495049505,21.25569306930693,75.95544554455445,68.51485148514851,71.86386138613861,199.6980198019802,4.286138613861386,1.8574257425742573
2020,10,872000,8.35483870967742,872000,marechal thaumaturgo,AC,28.647523908163805,,,,,,,,,,,,,,,,,,
2020,10,872001,2.7935483870967746,872001,porto walter,AC,23.57557038912401,,,,,,,,,,,,,,,,,,
2020,10,967005,2.7193548387096773,967005,senador guiomard,AC,9.851018886423496,,,,,,,,,,,,,,,,,,
2020,10,968003,7.225806451612903,968003,sena madureira,AC,73.00378644206486,,,,,,,,,,,,,,,,,,
2020,10,968004,1.8064516129032258,968004,bujari,AC,17.651505984106795,,,,,,,,,,,,,,,,,,
2020,10,968005,6.496774193548387,968005,sena madureira,AC,73.00378644206486,,,,,,,,,,,,,,,,,,
2020,10,969001,3.8645161290322583,969001,sena madureira,AC,73.00378644206486,,,,,,,,,,,,,,,,,,
2020,10,972000,3.0032258064516126,972000,marechal thaumaturgo,AC,28.647523908163805,,,,,,,,,,,,,,,,,,
2020,10,1067002,3.851612903225807,1067002,placido de castro,AC,8.283925755364178,,,,,,,,,,,,,,,,,,
2020,10,1067003,9.55483870967742,1067003,capixaba,AC,18.80088769420413,,,,,,,,,,,,,,,,,,
2020,10,1068000,3.8548387096774195,1068000,xapuri,AC,39.4840364289662,,,,,,,,,,,,,,,,,,
2020,10,1069000,3.1548387096774193,1069000,assis brasil,AC,18.174809651320658,,,,,,,,,,,,,,,,,,
2020,10,1168001,3.3677419354838714,1168001,brasileia,AC,40.12106795338988,,,,,,,,,,,,,,,,,,
2020,10,8050000,0.0064516129032258064,8050000,macapa,AP,1.4362682953538903,AP,0.0,1008.931,1009.282,1008.6575,1959.707,31.026750000000003,22.05325,31.66025,30.1425,22.75875,21.37875,64.3175,57.285,59.9825,76.8825,7.30725,3.24525
2020,10,8050001,0.15483870967741936,8050001,macapa,AP,1.4362682953538903,AP,0.0,1008.931,1009.282,1008.6575,1959.707,31.026750000000003,22.05325,31.66025,30.1425,22.75875,21.37875,64.3175,57.285,59.9825,76.8825,7.30725,3.24525
2020,10,8051010,0.8129032258064516,8051010,macapa,AP,1.4362682953538903,AP,0.0,1008.931,1009.282,1008.6575,1959.707,31.026750000000003,22.05325,31.66025,30.1425,22.75875,21.37875,64.3175,57.285,59.9825,76.8825,7.30725,3.24525
2020,10,8051012,5.361538461538462,8051012,porto grande,AP,0.5924372503041586,AP,0.0878787878787878,1000.919191919192,1001.305808080808,1000.6441919191918,1655.396212121212,30.817424242424245,20.96338383838384,31.70732323232324,29.568434343434344,21.721969696969698,20.256060606060604,63.33838383838384,54.60353535353536,57.93181818181818,96.47727272727272,6.473737373737373,2.710858585858586
2020,10,8052000,1.5225806451612902,8052000,serra do navio,AP,0.0798508071129274,,,,,,,,,,,,,,,,,,
2020,10,8150000,0.2129032258064516,8150000,tartarugalzinho,AP,1.380933595178362,,,,,,,,,,,,,,,,,,
2020,10,8150001,0.0,8150001,tartarugalzinho,AP,1.380933595178362,,,,,,,,,,,,,,,,,,
2020,10,8151000,0.1806451612903226,8151000,tartarugalzinho,AP,1.380933595178362,,,,,,,,,,,,,,,,,,
2020,10,8250002,2.7142857142857144,8250002,calcoene,AP,1.1148736007243314,,,,,,,,,,,,,,,,,,
2020,10,8250003,0.5258064516129033,8250003,amapa,AP,0.0,,,,,,,,,,,,,,,,,,
2020,10,8251001,0.0,8251001,calcoene,AP,1.1148736007243314,,,,,,,,,,,,,,,,,,
2020,10,8251003,2.0032258064516126,8251003,calcoene,AP,1.1148736007243314,,,,,,,,,,,,,,,,,,
2020,10,8251004,0.0,8251004,oiapoque,AP,0.6796922290005825,,,,,,,,,,,,,,,,,,
2020,10,8351002,3.4322580645161294,8351002,oiapoque,AP,0.6796922290005825,,,,,,,,,,,,,,,,,,
2020,11,51002,3.566666666666667,51002,mazagao,AP,0.7105347632894763,,,,,,,,,,,,,,,,,,
2020,11,51004,4.752173913043478,51004,mazagao,AP,0.7105347632894763,,,,,,,,,,,,,,,,,,
2020,11,52003,7.14,52003,mazagao,AP,0.7105347632894763,,,,,,,,,,,,,,,,,,
2020,11,771001,4.733333333333333,771001,tarauaca,AC,51.566269504105335,,,,,,,,,,,,,,,,,,
2020,11,772003,4.83,772003,tarauaca,AC,51.566269504105335,,,,,,,,,,,,,,,,,,
2020,11,772004,8.916666666666666,772004,cruzeiro do sul,AC,42.46801077816332,,,,,,,,,,,,,,,,,,
2020,11,773000,6.9399999999999995,773000,cruzeiro do sul,AC,42.46801077816332,,,,,,,,,,,,,,,,,,
2020,11,773002,3.94,773002,cruzeiro do sul,AC,42.46801077816332,,,,,,,,,,,,,,,,,,
2020,11,869000,3.4066666666666663,869000,manoel urbano,AC,54.00287142445099,,,,,,,,,,,,,,,,,,
2020,11,870001,1.2366666666666668,870001,tarauaca,AC,51.566269504105335,,,,,,,,,,,,,,,,,,
2020,11,870002,4.416666666666667,870002,feijo,AC,99.87712761795645,AC,0.1091836734693877,991.2048469387756,991.6926020408164,990.8928571428572,1363.461224489796,28.17091836734694,22.791071428571428,28.842602040816324,27.289030612244897,23.3280612244898,22.14872448979592,78.19132653061224,70.68367346938776,74.18622448979592,202.8954081632653,4.181887755102041,1.7265306122448978
2020,11,870003,10.166666666666666,870003,feijo,AC,99.87712761795645,AC,0.1091836734693877,991.2048469387756,991.6926020408164,990.8928571428572,1363.461224489796,28.17091836734694,22.791071428571428,28.842602040816324,27.289030612244897,23.3280612244898,22.14872448979592,78.19132653061224,70.68367346938776,74.18622448979592,202.8954081632653,4.181887755102041,1.7265306122448978
2020,11,872000,5.733333333333333,872000,marechal thaumaturgo,AC,28.647523908163805,,,,,,,,,,,,,,,,,,
2020,11,872001,7.113333333333333,872001,porto walter,AC,23.57557038912401,,,,,,,,,,,,,,,,,,
2020,11,967005,1.2890000000000001,967005,senador guiomard,AC,9.851018886423496,,,,,,,,,,,,,,,,,,
2020,11,968003,2.933333333333333,968003,sena madureira,AC,73.00378644206486,,,,,,,,,,,,,,,,,,
2020,11,968004,5.076666666666667,968004,bujari,AC,17.651505984106795,,,,,,,,,,,,,,,,,,
2020,11,968005,2.941,968005,sena madureira,AC,73.00378644206486,,,,,,,,,,,,,,,,,,
2020,11,969001,4.913333333333333,969001,sena madureira,AC,73.00378644206486,,,,,,,,,,,,,,,,,,
2020,11,972000,3.2533333333333334,972000,marechal thaumaturgo,AC,28.647523908163805,,,,,,,,,,,,,,,,,,
2020,11,1067002,4.7733333333333325,1067002,placido de castro,AC,8.283925755364178,,,,,,,,,,,,,,,,,,
2020,11,1067003,4.19,1067003,capixaba,AC,18.80088769420413,,,,,,,,,,,,,,,,,,
2020,11,1068000,1.5866666666666664,1068000,xapuri,AC,39.4840364289662,,,,,,,,,,,,,,,,,,
2020,11,1069000,1.2666666666666666,1069000,assis brasil,AC,18.174809651320658,,,,,,,,,,,,,,,,,,
2020,11,1168001,0.28,1168001,brasileia,AC,40.12106795338988,,,,,,,,,,,,,,,,,,
2020,11,8050000,6.363333333333333,8050000,macapa,AP,1.4362682953538903,AP,0.6637974683544303,1008.4979746835444,1008.866835443038,1008.1903797468354,1522.1012658227849,28.96177215189873,23.356962025316456,29.56607594936709,28.18481012658228,24.00683544303797,22.73949367088608,76.9746835443038,70.073417721519,73.0506329113924,105.01012658227847,6.069873417721519,2.463291139240506
2020,11,8050001,6.306666666666667,8050001,macapa,AP,1.4362682953538903,AP,0.6637974683544303,1008.4979746835444,1008.866835443038,1008.1903797468354,1522.1012658227849,28.96177215189873,23.356962025316456,29.56607594936709,28.18481012658228,24.00683544303797,22.73949367088608,76.9746835443038,70.073417721519,73.0506329113924,105.01012658227847,6.069873417721519,2.463291139240506
2020,11,8051010,9.053333333333335,8051010,macapa,AP,1.4362682953538903,AP,0.6637974683544303,1008.4979746835444,1008.866835443038,1008.1903797468354,1522.1012658227849,28.96177215189873,23.356962025316456,29.56607594936709,28.18481012658228,24.00683544303797,22.73949367088608,76.9746835443038,70.073417721519,73.0506329113924,105.01012658227847,6.069873417721519,2.463291139240506
2020,11,8051012,8.966666666666667,8051012,porto grande,AP,0.5924372503041586,AP,0.4733509234828496,1000.565963060686,1000.9633245382583,1000.2485488126648,1290.6522427440634,28.206860158311343,22.78522427440633,28.99656992084433,27.23746701846966,23.37255936675462,22.15408970976253,78.37467018469657,70.41952506596306,74.0844327176781,132.75725593667545,5.367018469656992,2.258047493403694
2020,11,8052000,5.28,8052000,serra do navio,AP,0.0798508071129274,,,,,,,,,,,,,,,,,,
2020,11,8150000,6.993333333333334,8150000,tartarugalzinho,AP,1.380933595178362,,,,,,,,,,,,,,,,,,
2020,11,8150001,5.093333333333333,8150001,tartarugalzinho,AP,1.380933595178362,,,,,,,,,,,,,,,,,,
2020,11,8151000,5.61,8151000,tartarugalzinho,AP,1.380933595178362,,,,,,,,,,,,,,,,,,
2020,11,8250002,10.41,8250002,calcoene,AP,1.1148736007243314,,,,,,,,,,,,,,,,,,
2020,11,8250003,7.23,8250003,amapa,AP,0.0,,,,,,,,,,,,,,,,,,
2020,11,8251001,4.24,8251001,calcoene,AP,1.1148736007243314,,,,,,,,,,,,,,,,,,
2020,11,8251003,7.676666666666667,8251003,calcoene,AP,1.1148736007243314,,,,,,,,,,,,,,,,,,
2020,11,8251004,8.433333333333334,8251004,oiapoque,AP,0.6796922290005825,,,,,,,,,,,,,,,,,,
2020,11,8351002,12.546666666666665,8351002,oiapoque,AP,0.6796922290005825,,,,,,,,,,,,,,,,,,
2020,12,51002,2.7516129032258063,51002,mazagao,AP,0.7105347632894763,,,,,,,,,,,,,,,,,,
2020,12,51004,3.658064516129032,51004,mazagao,AP,0.7105347632894763,,,,,,,,,,,,,,,,,,
2020,12,52003,6.699999999999999,52003,mazagao,AP,0.7105347632894763,,,,,,,,,,,,,,,,,,
2020,12,771001,17.580645161290324,771001,tarauaca,AC,51.566269504105335,,,,,,,,,,,,,,,,,,
2020,12,772003,10.241935483870968,772003,tarauaca,AC,51.566269504105335,,,,,,,,,,,,,,,,,,
2020,12,772004,12.235483870967743,772004,cruzeiro do sul,AC,42.46801077816332,,,,,,,,,,,,,,,,,,
2020,12,773000,11.76774193548387,773000,cruzeiro do sul,AC,42.46801077816332,,,,,,,,,,,,,,,,,,
2020,12,773002,5.077419354838709,773002,cruzeiro do sul,AC,42.46801077816332,,,,,,,,,,,,,,,,,,
2020,12,869000,9.851612903225806,869000,manoel urbano,AC,54.00287142445099,,,,,,,,,,,,,,,,,,
2020,12,870001,2.5999999999999996,870001,tarauaca,AC,51.566269504105335,,,,,,,,,,,,,,,,,,
2020,12,870002,11.051612903225807,870002,feijo,AC,99.87712761795645,AC,0.6293670886075949,991.541518987342,992.0362025316456,991.2650632911392,1259.6774683544304,26.86278481012658,22.62506329113924,27.50962025316456,26.070886075949367,23.1673417721519,22.07746835443038,82.46075949367089,75.47848101265822,78.66835443037975,222.00253164556963,4.416962025316455,1.909113924050633
2020,12,870003,26.958064516129035,870003,feijo,AC,99.87712761795645,AC,0.6293670886075949,991.541518987342,992.0362025316456,991.2650632911392,1259.6774683544304,26.86278481012658,22.62506329113924,27.50962025316456,26.070886075949367,23.1673417721519,22.07746835443038,82.46075949367089,75.47848101265822,78.66835443037975,222.00253164556963,4.416962025316455,1.909113924050633
2020,12,872000,7.825806451612904,872000,marechal thaumaturgo,AC,28.647523908163805,,,,,,,,,,,,,,,,,,
2020,12,872001,11.570967741935483,872001,porto walter,AC,23.57557038912401,,,,,,,,,,,,,,,,,,
2020,12,967005,15.229032258064516,967005,senador guiomard,AC,9.851018886423496,,,,,,,,,,,,,,,,,,
2020,12,968003,5.258064516129032,968003,sena madureira,AC,73.00378644206486,,,,,,,,,,,,,,,,,,
2020,12,968004,6.393548387096774,968004,bujari,AC,17.651505984106795,,,,,,,,,,,,,,,,,,
2020,12,968005,8.76774193548387,968005,sena madureira,AC,73.00378644206486,,,,,,,,,,,,,,,,,,
2020,12,969001,8.916129032258066,969001,sena madureira,AC,73.00378644206486,,,,,,,,,,,,,,,,,,
2020,12,972000,11.303225806451612,972000,marechal thaumaturgo,AC,28.647523908163805,,,,,,,,,,,,,,,,,,
2020,12,1067002,8.816129032258065,1067002,placido de castro,AC,8.283925755364178,,,,,,,,,,,,,,,,,,
2020,12,1067003,13.929032258064517,1067003,capixaba,AC,18.80088769420413,,,,,,,,,,,,,,,,,,
2020,12,1068000,0.9387096774193548,1068000,xapuri,AC,39.4840364289662,,,,,,,,,,,,,,,,,,
2020,12,1069000,5.158064516129032,1069000,assis brasil,AC,18.174809651320658,,,,,,,,,,,,,,,,,,
2020,12,1168001,7.506451612903225,1168001,brasileia,AC,40.12106795338988,,,,,,,,,,,,,,,,,,
2020,12,8050000,3.487096774193548,8050000,macapa,AP,1.4362682953538903,AP,0.1657701711491442,1008.574327628362,1008.923716381418,1008.2833740831296,1578.065770171149,29.01809290953545,23.057946210268952,29.578239608801955,28.231295843520783,23.73765281173594,22.4041564792176,75.34474327628362,68.60635696821515,71.37163814180929,106.0635696821516,6.394865525672372,2.568704156479217
2020,12,8050001,2.0709677419354837,8050001,macapa,AP,1.4362682953538903,AP,0.1657701711491442,1008.574327628362,1008.923716381418,1008.2833740831296,1578.065770171149,29.01809290953545,23.057946210268952,29.578239608801955,28.231295843520783,23.73765281173594,22.4041564792176,75.34474327628362,68.60635696821515,71.37163814180929,106.0635696821516,6.394865525672372,2.568704156479217
2020,12,8051010,6.241935483870968,8051010,macapa,AP,1.4362682953538903,AP,0.1657701711491442,1008.574327628362,1008.923716381418,1008.2833740831296,1578.065770171149,29.01809290953545,23.057946210268952,29.578239608801955,28.231295843520783,23.73765281173594,22.4041564792176,75.34474327628362,68.60635696821515,71.37163814180929,106.0635696821516,6.394865525672372,2.568704156479217
2020,12,8051012,2.7193548387096778,8051012,porto grande,AP,0.5924372503041586,AP,0.1162094763092269,1000.6441396508728,1001.0062344139652,1000.3411471321696,1378.5501246882793,28.35411471321696,22.376807980049875,29.232418952618456,27.29526184538653,23.031920199501243,21.6857855361596,76.29925187032418,67.49376558603491,71.47381546134663,120.94513715710724,5.96783042394015,2.4987531172069826
2020,12,8052000,4.609677419354839,8052000,serra do navio,AP,0.0798508071129274,,,,,,,,,,,,,,,,,,
2020,12,8150000,3.3129032258064517,8150000,tartarugalzinho,AP,1.380933595178362,,,,,,,,,,,,,,,,,,
2020,12,8150001,2.9322580645161294,8150001,tartarugalzinho,AP,1.380933595178362,,,,,,,,,,,,,,,,,,
2020,12,8151000,6.664516129032258,8151000,tartarugalzinho,AP,1.380933595178362,,,,,,,,,,,,,,,,,,
2020,12,8250002,6.019354838709678,8250002,calcoene,AP,1.1148736007243314,,,,,,,,,,,,,,,,,,
2020,12,8250003,13.612903225806452,8250003,amapa,AP,0.0,,,,,,,,,,,,,,,,,,
2020,12,8251001,5.425806451612903,8251001,calcoene,AP,1.1148736007243314,,,,,,,,,,,,,,,,,,
2020,12,8251003,5.567741935483871,8251003,calcoene,AP,1.1148736007243314,,,,,,,,,,,,,,,,,,
2020,12,8251004,4.403225806451613,8251004,oiapoque,AP,0.6796922290005825,,,,,,,,,,,,,,,,,,
2020,12,8351002,14.283870967741937,8351002,oiapoque,AP,0.6796922290005825,,,,,,,,,,,,,,,,,,
2021,1,51002,3.638709677419355,51002,mazagao,AP,2.4589957439725003,,,,,,,,,,,,,,,,,,
2021,1,51004,8.141935483870968,51004,mazagao,AP,2.4589957439725003,,,,,,,,,,,,,,,,,,
2021,1,52003,6.52258064516129,52003,mazagao,AP,2.4589957439725003,,,,,,,,,,,,,,,,,,
2021,1,771001,10.096774193548388,771001,tarauaca,AC,104.20074458821864,,,,,,,,,,,,,,,,,,
2021,1,772003,8.312903225806451,772003,tarauaca,AC,104.20074458821864,,,,,,,,,,,,,,,,,,
2021,1,772004,6.409677419354838,772004,cruzeiro do sul,AC,33.56909102425046,,,,,,,,,,,,,,,,,,
2021,1,773000,9.883870967741935,773000,cruzeiro do sul,AC,33.56909102425046,,,,,,,,,,,,,,,,,,
2021,1,773002,5.690322580645161,773002,cruzeiro do sul,AC,33.56909102425046,,,,,,,,,,,,,,,,,,
2021,1,869000,10.077419354838709,869000,manoel urbano,AC,41.5446369096609,,,,,,,,,,,,,,,,,,
2021,1,870001,3.9129032258064513,870001,tarauaca,AC,104.20074458821864,,,,,,,,,,,,,,,,,,
2021,1,870002,12.72258064516129,870002,feijo,AC,139.01409407209746,AC,0.6894736842105263,991.3518421052632,991.8613157894736,991.0831578947368,1369.212894736842,27.01684210526316,22.48052631578948,27.669210526315787,26.21184210526316,23.05736842105263,21.86763157894737,81.2421052631579,73.87894736842105,77.28947368421052,224.8894736842105,4.633157894736842,1.9602631578947367
2021,1,870003,20.403225806451612,870003,feijo,AC,139.01409407209746,AC,0.6894736842105263,991.3518421052632,991.8613157894736,991.0831578947368,1369.212894736842,27.01684210526316,22.48052631578948,27.669210526315787,26.21184210526316,23.05736842105263,21.86763157894737,81.2421052631579,73.87894736842105,77.28947368421052,224.8894736842105,4.633157894736842,1.9602631578947367
2021,1,872000,9.01290322580645,872000,marechal thaumaturgo,AC,6.334785822063035,,,,,,,,,,,,,,,,,,
2021,1,872001,11.441935483870967,872001,porto walter,AC,5.2619392777184135,,,,,,,,,,,,,,,,,,
2021,1,967005,8.258064516129032,967005,senador guiomard,AC,20.17449118494824,,,,,,,,,,,,,,,,,,
2021,1,968003,8.0,968003,sena madureira,AC,111.3121235512773,,,,,,,,,,,,,,,,,,
2021,1,968004,6.193548387096774,968004,bujari,AC,25.800045628592503,,,,,,,,,,,,,,,,,,
2021,1,968005,4.22258064516129,968005,sena madureira,AC,111.3121235512773,,,,,,,,,,,,,,,,,,
2021,1,969001,8.321428571428571,969001,sena madureira,AC,111.3121235512773,,,,,,,,,,,,,,,,,,
2021,1,972000,5.390322580645161,972000,marechal thaumaturgo,AC,6.334785822063035,,,,,,,,,,,,,,,,,,
2021,1,1067002,3.2870967741935484,1067002,placido de castro,AC,15.187550324370024,,,,,,,,,,,,,,,,,,
2021,1,1067003,7.129032258064516,1067003,capixaba,AC,29.39553060647667,,,,,,,,,,,,,,,,,,
2021,1,1068000,8.23225806451613,1068000,xapuri,AC,58.61174689103612,,,,,,,,,,,,,,,,,,
2021,1,1069000,7.261290322580645,1069000,assis brasil,AC,17.649863773246008,,,,,,,,,,,,,,,,,,
2021,1,1168001,5.548387096774194,1168001,brasileia,AC,61.19883739004042,,,,,,,,,,,,,,,,,,
2021,1,8050000,10.37741935483871,8050000,macapa,AP,0.9046514679793142,AP,0.4233983286908078,1008.5456824512536,1008.8902506963788,1008.2548746518106,1368.309470752089,27.74735376044568,23.240389972144843,28.370194986072423,26.982729805013925,23.89526462395543,22.66016713091922,81.34540389972145,74.76601671309193,77.6267409470752,118.47910863509748,5.61309192200557,2.1011142061281336
2021,1,8050001,11.774193548387096,8050001,macapa,AP,0.9046514679793142,AP,0.4233983286908078,1008.5456824512536,1008.8902506963788,1008.2548746518106,1368.309470752089,27.74735376044568,23.240389972144843,28.370194986072423,26.982729805013925,23.89526462395543,22.66016713091922,81.34540389972145,74.76601671309193,77.6267409470752,118.47910863509748,5.61309192200557,2.1011142061281336
2021,1,8051010,9.741935483870968,8051010,macapa,AP,0.9046514679793142,AP,0.4233983286908078,1008.5456824512536,1008.8902506963788,1008.2548746518106,1368.309470752089,27.74735376044568,23.240389972144843,28.370194986072423,26.982729805013925,23.89526462395543,22.66016713091922,81.34540389972145,74.76601671309193,77.6267409470752,118.47910863509748,5.61309192200557,2.1011142061281336
2021,1,8051012,7.877419354838709,8051012,porto grande,AP,2.244031974368367,AP,0.5591511936339523,1000.6461538461538,1001.022546419098,1000.3676392572944,1220.6901856763925,26.781432360742706,22.82068965517241,27.691511936339523,25.85172413793104,23.450663129973474,22.23050397877984,84.29708222811671,75.71087533156499,79.92307692307692,127.56233421750665,5.958885941644563,2.4379310344827587
2021,1,8052000,8.874193548387098,8052000,serra do navio,AP,0.3464159540774594,,,,,,,,,,,,,,,,,,
2021,1,8150000,11.674193548387096,8150000,tartarugalzinho,AP,0.8761494996203936,,,,,,,,,,,,,,,,,,
2021,1,8150001,13.483870967741936,8150001,tartarugalzinho,AP,0.8761494996203936,,,,,,,,,,,,,,,,,,
2021,1,8151000,10.461290322580645,8151000,tartarugalzinho,AP,0.8761494996203936,,,,,,,,,,,,,,,,,,
2021,1,8250002,18.493548387096773,8250002,calcoene,AP,1.0926055128963368,,,,,,,,,,,,,,,,,,
2021,1,8250003,28.548387096774192,8250003,amapa,AP,0.0,,,,,,,,,,,,,,,,,,
2021,1,8251001,23.24516129032258,8251001,calcoene,AP,1.0926055128963368,,,,,,,,,,,,,,,,,,
2021,1,8251003,20.383870967741935,8251003,calcoene,AP,1.0926055128963368,,,,,,,,,,,,,,,,,,
2021,1,8251004,33.696774193548386,8251004,oiapoque,AP,0.7075687792784962,,,,,,,,,,,,,,,,,,
2021,1,8351002,28.44516129032258,8351002,oiapoque,AP,0.7075687792784962,,,,,,,,,,,,,,,,,,
2021,2,51002,4.162962962962963,51002,mazagao,AP,2.4589957439725003,,,,,,,,,,,,,,,,,,
2021,2,51004,3.942857142857143,51004,mazagao,AP,2.4589957439725003,,,,,,,,,,,,,,,,,,
2021,2,52003,10.460714285714285,52003,mazagao,AP,2.4589957439725003,,,,,,,,,,,,,,,,,,
2021,2,771001,15.178571428571429,771001,tarauaca,AC,104.20074458821864,,,,,,,,,,,,,,,,,,
2021,2,772003,9.935714285714285,772003,tarauaca,AC,104.20074458821864,,,,,,,,,,,,,,,,,,
2021,2,772004,11.167857142857143,772004,cruzeiro do sul,AC,33.56909102425046,,,,,,,,,,,,,,,,,,
2021,2,773000,16.385714285714286,773000,cruzeiro do sul,AC,33.56909102425046,,,,,,,,,,,,,,,,,,
2021,2,773002,8.2,773002,cruzeiro do sul,AC,33.56909102425046,,,,,,,,,,,,,,,,,,
2021,2,869000,18.20357142857143,869000,manoel urbano,AC,41.5446369096609,,,,,,,,,,,,,,,,,,
2021,2,870001,3.307142857142857,870001,tarauaca,AC,104.20074458821864,,,,,,,,,,,,,,,,,,
2021,2,870002,24.064285714285713,870002,feijo,AC,139.01409407209746,AC,0.7568106312292359,991.2797342192692,991.8239202657808,991.0172757475084,1367.2139534883722,26.93488372093023,23.001661129568102,27.558471760797342,26.18106312292359,23.53554817275748,22.395681063122925,83.4186046511628,76.28571428571429,79.8172757475083,213.75747508305648,4.2531561461794025,1.801993355481728
2021,2,870003,26.289285714285715,870003,feijo,AC,139.01409407209746,AC,0.7568106312292359,991.2797342192692,991.8239202657808,991.0172757475084,1367.2139534883722,26.93488372093023,23.001661129568102,27.558471760797342,26.18106312292359,23.53554817275748,22.395681063122925,83.4186046511628,76.28571428571429,79.8172757475083,213.75747508305648,4.2531561461794025,1.801993355481728
2021,2,872000,10.992857142857144,872000,marechal thaumaturgo,AC,6.334785822063035,,,,,,,,,,,,,,,,,,
2021,2,872001,16.83214285714286,872001,porto walter,AC,5.2619392777184135,,,,,,,,,,,,,,,,,,
2021,2,967005,11.260714285714286,967005,senador guiomard,AC,20.17449118494824,,,,,,,,,,,,,,,,,,
2021,2,968003,12.292857142857143,968003,sena madureira,AC,111.3121235512773,,,,,,,,,,,,,,,,,,
2021,2,968004,13.06357142857143,968004,bujari,AC,25.800045628592503,,,,,,,,,,,,,,,,,,
2021,2,968005,17.247142857142858,968005,sena madureira,AC,111.3121235512773,,,,,,,,,,,,,,,,,,
2021,2,969001,12.417857142857143,969001,sena madureira,AC,111.3121235512773,,,,,,,,,,,,,,,,,,
2021,2,972000,7.4678571428571425,972000,marechal thaumaturgo,AC,6.334785822063035,,,,,,,,,,,,,,,,,,
2021,2,1067002,14.067857142857141,1067002,placido de castro,AC,15.187550324370024,,,,,,,,,,,,,,,,,,
2021,2,1067003,17.017857142857142,1067003,capixaba,AC,29.39553060647667,,,,,,,,,,,,,,,,,,
2021,2,1068000,12.014285714285714,1068000,xapuri,AC,58.61174689103612,,,,,,,,,,,,,,,,,,
2021,2,1069000,2.2942857142857145,1069000,assis brasil,AC,17.649863773246008,,,,,,,,,,,,,,,,,,
2021,2,1168001,9.585714285714285,1168001,brasileia,AC,61.19883739004042,,,,,,,,,,,,,,,,,,
2021,2,8050000,22.089285714285715,8050000,macapa,AP,0.9046514679793142,AP,0.6349462365591397,1009.1236559139784,1009.4758064516128,1008.8145161290324,1174.1309139784946,26.759408602150536,23.20188172043011,27.35806451612904,26.026075268817205,23.77768817204301,22.63978494623656,85.16935483870968,78.8736559139785,81.74462365591398,104.02688172043013,5.802150537634409,2.0263440860215054
2021,2,8050001,16.34642857142857,8050001,macapa,AP,0.9046514679793142,AP,0.6349462365591397,1009.1236559139784,1009.4758064516128,1008.8145161290324,1174.1309139784946,26.759408602150536,23.20188172043011,27.35806451612904,26.026075268817205,23.77768817204301,22.63978494623656,85.16935483870968,78.8736559139785,81.74462365591398,104.02688172043013,5.802150537634409,2.0263440860215054
2021,2,8051010,16.660714285714285,8051010,macapa,AP,0.9046514679793142,AP,0.6349462365591397,1009.1236559139784,1009.4758064516128,1008.8145161290324,1174.1309139784946,26.759408602150536,23.20188172043011,27.35806451612904,26.026075268817205,23.77768817204301,22.63978494623656,85.16935483870968,78.8736559139785,81.74462365591398,104.02688172043013,5.802150537634409,2.0263440860215054
2021,2,8051012,10.360714285714286,8051012,porto grande,AP,2.244031974368367,AP,0.6076923076923076,1001.2302197802196,1001.6005494505494,1000.918131868132,1077.9483516483515,25.87884615384615,22.718131868131863,26.571428571428573,25.115384615384617,23.256593406593407,22.199175824175825,87.03846153846153,80.02747252747253,83.43956043956044,127.19505494505496,5.88956043956044,2.4453296703296705
2021,2,8052000,10.9,8052000,serra do navio,AP,0.3464159540774594,,,,,,,,,,,,,,,,,,
2021,2,8150000,23.677777777777777,8150000,tartarugalzinho,AP,0.8761494996203936,,,,,,,,,,,,,,,,,,
2021,2,8150001,28.599999999999998,8150001,tartarugalzinho,AP,0.8761494996203936,,,,,,,,,,,,,,,,,,
2021,2,8151000,9.692857142857141,8151000,tartarugalzinho,AP,0.8761494996203936,,,,,,,,,,,,,,,,,,
2021,2,8250002,14.875,8250002,calcoene,AP,1.0926055128963368,,,,,,,,,,,,,,,,,,
2021,2,8250003,35.660714285714285,8250003,amapa,AP,0.0,,,,,,,,,,,,,,,,,,
2021,2,8251001,23.25,8251001,calcoene,AP,1.0926055128963368,,,,,,,,,,,,,,,,,,
2021,2,8251003,22.125,8251003,calcoene,AP,1.0926055128963368,,,,,,,,,,,,,,,,,,
2021,2,8251004,21.460714285714285,8251004,oiapoque,AP,0.7075687792784962,,,,,,,,,,,,,,,,,,
2021,2,8351002,,8351002,oiapoque,AP,0.7075687792784962,,,,,,,,,,,,,,,,,,
2021,3,51002,5.216129032258064,51002,mazagao,AP,2.4589957439725003,,,,,,,,,,,,,,,,,,
2021,3,51004,1.9967741935483871,51004,mazagao,AP,2.4589957439725003,,,,,,,,,,,,,,,,,,
2021,3,52003,12.05483870967742,52003,mazagao,AP,2.4589957439725003,,,,,,,,,,,,,,,,,,
2021,3,771001,12.67741935483871,771001,tarauaca,AC,104.20074458821864,,,,,,,,,,,,,,,,,,
2021,3,772003,6.532258064516129,772003,tarauaca,AC,104.20074458821864,,,,,,,,,,,,,,,,,,
2021,3,772004,9.745161290322581,772004,cruzeiro do sul,AC,33.56909102425046,,,,,,,,,,,,,,,,,,
2021,3,773000,14.261290322580646,773000,cruzeiro do sul,AC,33.56909102425046,,,,,,,,,,,,,,,,,,
2021,3,773002,5.519354838709678,773002,cruzeiro do sul,AC,33.56909102425046,,,,,,,,,,,,,,,,,,
2021,3,869000,10.716129032258063,869000,manoel urbano,AC,41.5446369096609,,,,,,,,,,,,,,,,,,
2021,3,870001,2.47741935483871,870001,tarauaca,AC,104.20074458821864,,,,,,,,,,,,,,,,,,
2021,3,870002,20.54516129032258,870002,feijo,AC,139.01409407209746,AC,0.7056,991.8812,992.4936,991.704,1359.7432,26.6708,22.4696,27.2076,25.9344,23.0504,21.9272,82.5,75.652,78.58,223.912,4.6388,1.9972
2021,3,870003,2.2419354838709675,870003,feijo,AC,139.01409407209746,AC,0.7056,991.8812,992.4936,991.704,1359.7432,26.6708,22.4696,27.2076,25.9344,23.0504,21.9272,82.5,75.652,78.58,223.912,4.6388,1.9972
2021,3,872000,9.319354838709677,872000,marechal thaumaturgo,AC,6.334785822063035,,,,,,,,,,,,,,,,,,
2021,3,872001,21.22258064516129,872001,porto walter,AC,5.2619392777184135,,,,,,,,,,,,,,,,,,
2021,3,967005,7.9,967005,senador guiomard,AC,20.17449118494824,,,,,,,,,,,,,,,,,,
2021,3,968003,2.2419354838709675,968003,sena madureira,AC,111.3121235512773,,,,,,,,,,,,,,,,,,
2021,3,968004,8.53225806451613,968004,bujari,AC,25.800045628592503,,,,,,,,,,,,,,,,,,
2021,3,968005,11.516774193548386,968005,sena madureira,AC,111.3121235512773,,,,,,,,,,,,,,,,,,
2021,3,969001,11.893333333333334,969001,sena madureira,AC,111.3121235512773,,,,,,,,,,,,,,,,,,
2021,3,972000,11.806451612903226,972000,marechal thaumaturgo,AC,6.334785822063035,,,,,,,,,,,,,,,,,,
2021,3,1067002,3.4806451612903224,1067002,placido de castro,AC,15.187550324370024,,,,,,,,,,,,,,,,,,
2021,3,1067003,9.593548387096773,1067003,capixaba,AC,29.39553060647667,,,,,,,,,,,,,,,,,,
2021,3,1068000,8.964516129032257,1068000,xapuri,AC,58.61174689103612,,,,,,,,,,,,,,,,,,
2021,3,1069000,0.6838709677419355,1069000,assis brasil,AC,17.649863773246008,,,,,,,,,,,,,,,,,,
2021,3,1168001,8.27741935483871,1168001,brasileia,AC,61.19883739004042,,,,,,,,,,,,,,,,,,
2021,3,8050000,24.138709677419353,8050000,macapa,AP,0.9046514679793142,AP,0.7534177215189874,1009.3718987341772,1009.7635443037974,1009.06,1213.5043037974683,27.012405063291137,22.94405063291139,27.575443037974683,26.33215189873418,23.567088607594936,22.38101265822785,82.97721518987342,76.7493670886076,79.47848101265822,124.2759493670886,5.159493670886076,1.8663291139240508
2021,3,8050001,18.203225806451613,8050001,macapa,AP,0.9046514679793142,AP,0.7534177215189874,1009.3718987341772,1009.7635443037974,1009.06,1213.5043037974683,27.012405063291137,22.94405063291139,27.575443037974683,26.33215189873418,23.567088607594936,22.38101265822785,82.97721518987342,76.7493670886076,79.47848101265822,124.2759493670886,5.159493670886076,1.8663291139240508
2021,3,8051010,9.67741935483871,8051010,macapa,AP,0.9046514679793142,AP,0.7534177215189874,1009.3718987341772,1009.7635443037974,1009.06,1213.5043037974683,27.012405063291137,22.94405063291139,27.575443037974683,26.33215189873418,23.567088607594936,22.38101265822785,82.97721518987342,76.7493670886076,79.47848101265822,124.2759493670886,5.159493670886076,1.8663291139240508
2021,3,8051012,11.912903225806453,8051012,porto grande,AP,2.244031974368367,AP,0.6544554455445544,1001.4319306930691,1001.8180693069309,1001.1131188118812,1154.6663366336634,26.06930693069307,22.541831683168315,26.819059405940592,25.26707920792079,23.101237623762376,21.9539603960396,85.54455445544555,78.12128712871286,81.83910891089108,144.54207920792078,5.214851485148516,2.178960396039604
2021,3,8052000,13.86774193548387,8052000,serra do navio,AP,0.3464159540774594,,,,,,,,,,,,,,,,,,
2021,3,8150000,12.829032258064515,8150000,tartarugalzinho,AP,0.8761494996203936,,,,,,,,,,,,,,,,,,
2021,3,8150001,31.729032258064517,8150001,tartarugalzinho,AP,0.8761494996203936,,,,,,,,,,,,,,,,,,
2021,3,8151000,9.95483870967742,8151000,tartarugalzinho,AP,0.8761494996203936,,,,,,,,,,,,,,,,,,
2021,3,8250002,12.051612903225807,8250002,calcoene,AP,1.0926055128963368,,,,,,,,,,,,,,,,,,
2021,3,8250003,20.18064516129032,8250003,amapa,AP,0.0,,,,,,,,,,,,,,,,,,
2021,3,8251001,8.693548387096774,8251001,calcoene,AP,1.0926055128963368,,,,,,,,,,,,,,,,,,
2021,3,8251003,16.75483870967742,8251003,calcoene,AP,1.0926055128963368,,,,,,,,,,,,,,,,,,
2021,3,8251004,14.787096774193548,8251004,oiapoque,AP,0.7075687792784962,,,,,,,,,,,,,,,,,,
2021,3,8351002,,8351002,oiapoque,AP,0.7075687792784962,,,,,,,,,,,,,,,,,,
2021,4,51002,4.483333333333333,51002,mazagao,AP,2.4589957439725003,,,,,,,,,,,,,,,,,,
2021,4,51004,9.536666666666667,51004,mazagao,AP,2.4589957439725003,,,,,,,,,,,,,,,,,,
2021,4,52003,9.746666666666666,52003,mazagao,AP,2.4589957439725003,,,,,,,,,,,,,,,,,,
2021,4,771001,6.0,771001,tarauaca,AC,104.20074458821864,,,,,,,,,,,,,,,,,,
2021,4,772003,5.203333333333333,772003,tarauaca,AC,104.20074458821864,,,,,,,,,,,,,,,,,,
2021,4,772004,7.1866666666666665,772004,cruzeiro do sul,AC,33.56909102425046,,,,,,,,,,,,,,,,,,
2021,4,773000,7.069999999999999,773000,cruzeiro do sul,AC,33.56909102425046,,,,,,,,,,,,,,,,,,
2021,4,773002,1.3,773002,cruzeiro do sul,AC,33.56909102425046,,,,,,,,,,,,,,,,,,
2021,4,869000,7.333333333333333,869000,manoel urbano,AC,41.5446369096609,,,,,,,,,,,,,,,,,,
2021,4,870001,2.4033333333333333,870001,tarauaca,AC,104.20074458821864,,,,,,,,,,,,,,,,,,
2021,4,870002,5.3566666666666665,870002,feijo,AC,139.01409407209746,AC,0.0345679012345679,992.9851851851852,993.8086419753088,992.9123456790122,2179.583950617284,28.92839506172839,22.501234567901232,29.296296296296298,27.69012345679013,23.21481481481481,21.81851851851852,74.80246913580247,66.41975308641975,68.79012345679013,213.80246913580248,5.011111111111111,2.2296296296296294
2021,4,870003,0.8566666666666667,870003,feijo,AC,139.01409407209746,AC,0.0345679012345679,992.9851851851852,993.8086419753088,992.9123456790122,2179.583950617284,28.92839506172839,22.501234567901232,29.296296296296298,27.69012345679013,23.21481481481481,21.81851851851852,74.80246913580247,66.41975308641975,68.79012345679013,213.80246913580248,5.011111111111111,2.2296296296296294
2021,4,872000,0.7366666666666667,872000,marechal thaumaturgo,AC,6.334785822063035,,,,,,,,,,,,,,,,,,
2021,4,872001,9.5,872001,porto walter,AC,5.2619392777184135,,,,,,,,,,,,,,,,,,
2021,4,967005,7.170000000000001,967005,senador guiomard,AC,20.17449118494824,,,,,,,,,,,,,,,,,,
2021,4,968003,6.266666666666667,968003,sena madureira,AC,111.3121235512773,,,,,,,,,,,,,,,,,,
2021,4,968004,1.84,968004,bujari,AC,25.800045628592503,,,,,,,,,,,,,,,,,,
2021,4,968005,4.013333333333334,968005,sena madureira,AC,111.3121235512773,,,,,,,,,,,,,,,,,,
2021,4,969001,4.3966666666666665,969001,sena madureira,AC,111.3121235512773,,,,,,,,,,,,,,,,,,
2021,4,972000,3.783333333333333,972000,marechal thaumaturgo,AC,6.334785822063035,,,,,,,,,,,,,,,,,,
2021,4,1067002,9.663333333333334,1067002,placido de castro,AC,15.187550324370024,,,,,,,,,,,,,,,,,,
2021,4,1067003,13.323333333333332,1067003,capixaba,AC,29.39553060647667,,,,,,,,,,,,,,,,,,
2021,4,1068000,4.933333333333334,1068000,xapuri,AC,58.61174689103612,,,,,,,,,,,,,,,,,,
2021,4,1069000,3.719,1069000,assis brasil,AC,17.649863773246008,,,,,,,,,,,,,,,,,,
2021,4,1168001,7.7266666666666675,1168001,brasileia,AC,61.19883739004042,,,,,,,,,,,,,,,,,,
2021,4,8050000,15.96,8050000,macapa,AP,0.9046514679793142,AP,0.3030769230769231,1009.0643589743588,1009.4494871794872,1008.751282051282,1319.5310256410255,27.624358974358973,23.45,28.196153846153845,26.923333333333336,24.1,22.89512820512821,82.66923076923077,76.21282051282051,79.04358974358975,121.97435897435898,5.18948717948718,1.852051282051282
2021,4,8050001,19.826666666666664,8050001,macapa,AP,0.9046514679793142,AP,0.3030769230769231,1009.0643589743588,1009.4494871794872,1008.751282051282,1319.5310256410255,27.624358974358973,23.45,28.196153846153845,26.923333333333336,24.1,22.89512820512821,82.66923076923077,76.21282051282051,79.04358974358975,121.97435897435898,5.18948717948718,1.852051282051282
2021,4,8051010,11.683333333333334,8051010,macapa,AP,0.9046514679793142,AP,0.3030769230769231,1009.0643589743588,1009.4494871794872,1008.751282051282,1319.5310256410255,27.624358974358973,23.45,28.196153846153845,26.923333333333336,24.1,22.89512820512821,82.66923076923077,76.21282051282051,79.04358974358975,121.97435897435898,5.18948717948718,1.852051282051282
2021,4,8051012,10.493333333333334,8051012,porto grande,AP,2.244031974368367,AP,0.4297872340425532,1001.134574468085,1001.5385638297872,1000.8279255319148,1151.538829787234,26.585904255319143,23.02606382978724,27.245212765957447,25.82340425531915,23.553457446808512,22.48244680851064,85.33244680851064,78.53191489361703,81.82180851063829,138.12234042553192,4.824202127659575,1.960372340425532
2021,4,8052000,12.326666666666666,8052000,serra do navio,AP,0.3464159540774594,,,,,,,,,,,,,,,,,,
2021,4,8150000,20.417241379310347,8150000,tartarugalzinho,AP,0.8761494996203936,,,,,,,,,,,,,,,,,,
2021,4,8150001,13.41,8150001,tartarugalzinho,AP,0.8761494996203936,,,,,,,,,,,,,,,,,,
2021,4,8151000,7.7266666666666675,8151000,tartarugalzinho,AP,0.8761494996203936,,,,,,,,,,,,,,,,,,
2021,4,8250002,26.87,8250002,calcoene,AP,1.0926055128963368,,,,,,,,,,,,,,,,,,
2021,4,8250003,21.44333333333333,8250003,amapa,AP,0.0,,,,,,,,,,,,,,,,,,
2021,4,8251001,7.066666666666666,8251001,calcoene,AP,1.0926055128963368,,,,,,,,,,,,,,,,,,
2021,4,8251003,18.759999999999998,8251003,calcoene,AP,1.0926055128963368,,,,,,,,,,,,,,,,,,
2021,4,8251004,25.263333333333332,8251004,oiapoque,AP,0.7075687792784962,,,,,,,,,,,,,,,,,,
2021,4,8351002,,8351002,oiapoque,AP,0.7075687792784962,,,,,,,,,,,,,,,,,,
2021,5,51002,3.570967741935484,51002,mazagao,AP,2.4589957439725003,,,,,,,,,,,,,,,,,,
2021,5,51004,2.4129032258064513,51004,mazagao,AP,2.4589957439725003,,,,,,,,,,,,,,,,,,
2021,5,52003,9.490322580645161,52003,mazagao,AP,2.4589957439725003,,,,,,,,,,,,,,,,,,
2021,5,771001,2.2580645161290325,771001,tarauaca,AC,104.20074458821864,,,,,,,,,,,,,,,,,,
2021,5,772003,5.590322580645162,772003,tarauaca,AC,104.20074458821864,,,,,,,,,,,,,,,,,,
2021,5,772004,5.419354838709677,772004,cruzeiro do sul,AC,33.56909102425046,,,,,,,,,,,,,,,,,,
2021,5,773000,4.841935483870968,773000,cruzeiro do sul,AC,33.56909102425046,,,,,,,,,,,,,,,,,,
2021,5,773002,3.212903225806452,773002,cruzeiro do sul,AC,33.56909102425046,,,,,,,,,,,,,,,,,,
2021,5,869000,0.7838709677419355,869000,manoel urbano,AC,41.5446369096609,,,,,,,,,,,,,,,,,,
2021,5,870001,0.8709677419354839,870001,tarauaca,AC,104.20074458821864,,,,,,,,,,,,,,,,,,
2021,5,870002,5.519354838709678,870002,feijo,AC,139.01409407209746,AC,0.020754716981132,994.6320754716982,995.2735849056604,994.5641509433964,2083.8141509433963,28.74056603773585,22.03679245283019,29.052830188679245,27.483018867924528,22.67830188679245,21.367924528301888,73.63207547169812,65.64150943396227,67.63207547169812,180.25471698113208,4.210377358490566,1.875471698113208
2021,5,870003,0.8258064516129032,870003,feijo,AC,139.01409407209746,AC,0.020754716981132,994.6320754716982,995.2735849056604,994.5641509433964,2083.8141509433963,28.74056603773585,22.03679245283019,29.052830188679245,27.483018867924528,22.67830188679245,21.367924528301888,73.63207547169812,65.64150943396227,67.63207547169812,180.25471698113208,4.210377358490566,1.875471698113208
2021,5,872000,4.245161290322581,872000,marechal thaumaturgo,AC,6.334785822063035,,,,,,,,,,,,,,,,,,
2021,5,872001,3.5483870967741935,872001,porto walter,AC,5.2619392777184135,,,,,,,,,,,,,,,,,,
2021,5,967005,1.4516129032258065,967005,senador guiomard,AC,20.17449118494824,,,,,,,,,,,,,,,,,,
2021,5,968003,1.1129032258064515,968003,sena madureira,AC,111.3121235512773,,,,,,,,,,,,,,,,,,
2021,5,968004,0.03225806451612903,968004,bujari,AC,25.800045628592503,,,,,,,,,,,,,,,,,,
2021,5,968005,2.148709677419355,968005,sena madureira,AC,111.3121235512773,,,,,,,,,,,,,,,,,,
2021,5,969001,6.983870967741935,969001,sena madureira,AC,111.3121235512773,,,,,,,,,,,,,,,,,,
2021,5,972000,0.6903225806451614,972000,marechal thaumaturgo,AC,6.334785822063035,,,,,,,,,,,,,,,,,,
2021,5,1067002,0.0,1067002,placido de castro,AC,15.187550324370024,,,,,,,,,,,,,,,,,,
2021,5,1067003,0.7419354838709676,1067003,capixaba,AC,29.39553060647667,,,,,,,,,,,,,,,,,,
2021,5,1068000,0.2225806451612903,1068000,xapuri,AC,58.61174689103612,,,,,,,,,,,,,,,,,,
2021,5,1069000,0.0,1069000,assis brasil,AC,17.649863773246008,,,,,,,,,,,,,,,,,,
2021,5,1168001,1.1222222222222222,1168001,brasileia,AC,61.19883739004042,,,,,,,,,,,,,,,,,,
2021,5,8050000,11.076666666666666,8050000,macapa,AP,0.9046514679793142,AP,0.5945679012345679,1010.2703703703704,1010.61012345679,1009.9888888888888,1230.8335802469137,27.585185185185185,23.52962962962963,28.18567901234568,26.912592592592592,24.12567901234568,22.95456790123457,83.01975308641975,76.62222222222222,79.58024691358025,137.6,4.918024691358025,1.889629629629629
2021,5,8050001,19.26451612903226,8050001,macapa,AP,0.9046514679793142,AP,0.5945679012345679,1010.2703703703704,1010.61012345679,1009.9888888888888,1230.8335802469137,27.585185185185185,23.52962962962963,28.18567901234568,26.912592592592592,24.12567901234568,22.95456790123457,83.01975308641975,76.62222222222222,79.58024691358025,137.6,4.918024691358025,1.889629629629629
2021,5,8051010,11.219354838709679,8051010,macapa,AP,0.9046514679793142,AP,0.5945679012345679,1010.2703703703704,1010.61012345679,1009.9888888888888,1230.8335802469137,27.585185185185185,23.52962962962963,28.18567901234568,26.912592592592592,24.12567901234568,22.95456790123457,83.01975308641975,76.62222222222222,79.58024691358025,137.6,4.918024691358025,1.889629629629629
2021,5,8051012,10.548387096774194,8051012,porto grande,AP,2.244031974368367,AP,0.37265625,1002.25234375,1002.7171875,1002.076171875,1630.222265625,27.869140625,23.133203125,28.689453125,26.875,23.85234375,22.45859375,81.35546875,72.01953125,76.28515625,130.7578125,4.99140625,2.146484375
2021,5,8052000,12.829032258064515,8052000,serra do navio,AP,0.3464159540774594,,,,,,,,,,,,,,,,,,
2021,5,8150000,9.406451612903227,8150000,tartarugalzinho,AP,0.8761494996203936,,,,,,,,,,,,,,,,,,
2021,5,8150001,12.348387096774195,8150001,tartarugalzinho,AP,0.8761494996203936,,,,,,,,,,,,,,,,,,
2021,5,8151000,9.490322580645161,8151000,tartarugalzinho,AP,0.8761494996203936,,,,,,,,,,,,,,,,,,
2021,5,8250002,20.19677419354839,8250002,calcoene,AP,1.0926055128963368,,,,,,,,,,,,,,,,,,
2021,5,8250003,17.280645161290323,8250003,amapa,AP,0.0,,,,,,,,,,,,,,,,,,
2021,5,8251001,12.735483870967743,8251001,calcoene,AP,1.0926055128963368,,,,,,,,,,,,,,,,,,
2021,5,8251003,17.58709677419355,8251003,calcoene,AP,1.0926055128963368,,,,,,,,,,,,,,,,,,
2021,5,8251004,20.700000000000003,8251004,oiapoque,AP,0.7075687792784962,,,,,,,,,,,,,,,,,,
2021,5,8351002,,8351002,oiapoque,AP,0.7075687792784962,,,,,,,,,,,,,,,,,,
2021,6,51002,4.573333333333333,51002,mazagao,AP,2.4589957439725003,,,,,,,,,,,,,,,,,,
2021,6,51004,7.183333333333334,51004,mazagao,AP,2.4589957439725003,,,,,,,,,,,,,,,,,,
2021,6,52003,13.19,52003,mazagao,AP,2.4589957439725003,,,,,,,,,,,,,,,,,,
2021,6,771001,1.4333333333333333,771001,tarauaca,AC,104.20074458821864,,,,,,,,,,,,,,,,,,
2021,6,772003,2.8766666666666665,772003,tarauaca,AC,104.20074458821864,,,,,,,,,,,,,,,,,,
2021,6,772004,3.2666666666666666,772004,cruzeiro do sul,AC,33.56909102425046,,,,,,,,,,,,,,,,,,
2021,6,773000,3.796666666666667,773000,cruzeiro do sul,AC,33.56909102425046,,,,,,,,,,,,,,,,,,
2021,6,773002,2.06,773002,cruzeiro do sul,AC,33.56909102425046,,,,,,,,,,,,,,,,,,
2021,6,869000,1.9733333333333334,869000,manoel urbano,AC,41.5446369096609,,,,,,,,,,,,,,,,,,
2021,6,870001,1.8533333333333333,870001,tarauaca,AC,104.20074458821864,,,,,,,,,,,,,,,,,,
2021,6,870002,4.236666666666666,870002,feijo,AC,139.01409407209746,AC,0.1484662576687117,994.9779141104294,995.5325153374232,994.8680981595091,1828.6889570552144,27.98159509202454,21.21840490797545,28.467484662576688,26.7601226993865,21.85276073619632,20.44355828220859,73.31901840490798,64.52147239263803,67.70552147239263,165.4478527607362,4.2245398773006135,1.8067484662576687
2021,6,870003,20.183333333333334,870003,feijo,AC,139.01409407209746,AC,0.1484662576687117,994.9779141104294,995.5325153374232,994.8680981595091,1828.6889570552144,27.98159509202454,21.21840490797545,28.467484662576688,26.7601226993865,21.85276073619632,20.44355828220859,73.31901840490798,64.52147239263803,67.70552147239263,165.4478527607362,4.2245398773006135,1.8067484662576687
2021,6,872000,1.4266666666666667,872000,marechal thaumaturgo,AC,6.334785822063035,,,,,,,,,,,,,,,,,,
2021,6,872001,1.1266666666666665,872001,porto walter,AC,5.2619392777184135,,,,,,,,,,,,,,,,,,
2021,6,967005,0.9166666666666665,967005,senador guiomard,AC,20.17449118494824,,,,,,,,,,,,,,,,,,
2021,6,968003,0.4,968003,sena madureira,AC,111.3121235512773,,,,,,,,,,,,,,,,,,
2021,6,968004,0.0,968004,bujari,AC,25.800045628592503,,,,,,,,,,,,,,,,,,
2021,6,968005,0.3733333333333333,968005,sena madureira,AC,111.3121235512773,,,,,,,,,,,,,,,,,,
2021,6,969001,0.9166666666666666,969001,sena madureira,AC,111.3121235512773,,,,,,,,,,,,,,,,,,
2021,6,972000,1.0,972000,marechal thaumaturgo,AC,6.334785822063035,,,,,,,,,,,,,,,,,,
2021,6,1067002,0.0,1067002,placido de castro,AC,15.187550324370024,,,,,,,,,,,,,,,,,,
2021,6,1067003,0.8766666666666666,1067003,capixaba,AC,29.39553060647667,,,,,,,,,,,,,,,,,,
2021,6,1068000,1.49,1068000,xapuri,AC,58.61174689103612,,,,,,,,,,,,,,,,,,
2021,6,1069000,0.0,1069000,assis brasil,AC,17.649863773246008,,,,,,,,,,,,,,,,,,
2021,6,1168001,1.3966666666666667,1168001,brasileia,AC,61.19883739004042,,,,,,,,,,,,,,,,,,
2021,6,8050000,7.56206896551724,8050000,macapa,AP,0.9046514679793142,AP,0.1502762430939226,1009.9475138121549,1010.3127071823204,1009.678453038674,1314.8961325966852,28.202762430939224,23.32486187845304,28.76685082872928,27.5364640883978,23.97403314917128,22.6828729281768,79.58563535911603,72.76795580110497,75.92265193370166,121.42541436464089,4.985635359116022,1.934806629834254
2021,6,8050001,6.5600000000000005,8050001,macapa,AP,0.9046514679793142,AP,0.1502762430939226,1009.9475138121549,1010.3127071823204,1009.678453038674,1314.8961325966852,28.202762430939224,23.32486187845304,28.76685082872928,27.5364640883978,23.97403314917128,22.6828729281768,79.58563535911603,72.76795580110497,75.92265193370166,121.42541436464089,4.985635359116022,1.934806629834254
2021,6,8051010,5.3533333333333335,8051010,macapa,AP,0.9046514679793142,AP,0.1502762430939226,1009.9475138121549,1010.3127071823204,1009.678453038674,1314.8961325966852,28.202762430939224,23.32486187845304,28.76685082872928,27.5364640883978,23.97403314917128,22.6828729281768,79.58563535911603,72.76795580110497,75.92265193370166,121.42541436464089,4.985635359116022,1.934806629834254
2021,6,8051012,4.973333333333333,8051012,porto grande,AP,2.244031974368367,AP,0.0666666666666666,1003.1005847953217,1003.5754385964912,1002.985380116959,2024.881871345029,29.021637426900583,22.928654970760235,29.58245614035088,27.64327485380117,23.67017543859649,22.10116959064328,76.99415204678363,67.19298245614036,70.35672514619883,99.57894736842104,5.241520467836257,2.236842105263158
2021,6,8052000,6.666666666666667,8052000,serra do navio,AP,0.3464159540774594,,,,,,,,,,,,,,,,,,
2021,6,8150000,9.60625,8150000,tartarugalzinho,AP,0.8761494996203936,,,,,,,,,,,,,,,,,,
2021,6,8150001,7.556666666666667,8150001,tartarugalzinho,AP,0.8761494996203936,,,,,,,,,,,,,,,,,,
2021,6,8151000,8.036666666666667,8151000,tartarugalzinho,AP,0.8761494996203936,,,,,,,,,,,,,,,,,,
2021,6,8250002,13.113333333333333,8250002,calcoene,AP,1.0926055128963368,,,,,,,,,,,,,,,,,,
2021,6,8250003,6.736666666666666,8250003,amapa,AP,0.0,,,,,,,,,,,,,,,,,,
2021,6,8251001,5.833333333333333,8251001,calcoene,AP,1.0926055128963368,,,,,,,,,,,,,,,,,,
2021,6,8251003,22.603333333333335,8251003,calcoene,AP,1.0926055128963368,,,,,,,,,,,,,,,,,,
2021,6,8251004,11.59,8251004,oiapoque,AP,0.7075687792784962,,,,,,,,,,,,,,,,,,
2021,6,8351002,34.471428571428575,8351002,oiapoque,AP,0.7075687792784962,,,,,,,,,,,,,,,,,,
2021,7,51002,1.5838709677419356,51002,mazagao,AP,2.4589957439725003,,,,,,,,,,,,,,,,,,
2021,7,51004,10.51290322580645,51004,mazagao,AP,2.4589957439725003,,,,,,,,,,,,,,,,,,
2021,7,52003,10.758064516129032,52003,mazagao,AP,2.4589957439725003,,,,,,,,,,,,,,,,,,
2021,7,771001,1.967741935483871,771001,tarauaca,AC,104.20074458821864,,,,,,,,,,,,,,,,,,
2021,7,772003,2.3451612903225807,772003,tarauaca,AC,104.20074458821864,,,,,,,,,,,,,,,,,,
2021,7,772004,4.238709677419355,772004,cruzeiro do sul,AC,33.56909102425046,,,,,,,,,,,,,,,,,,
2021,7,773000,1.6709677419354838,773000,cruzeiro do sul,AC,33.56909102425046,,,,,,,,,,,,,,,,,,
2021,7,773002,0.9032258064516129,773002,cruzeiro do sul,AC,33.56909102425046,,,,,,,,,,,,,,,,,,
2021,7,869000,0.7451612903225807,869000,manoel urbano,AC,41.5446369096609,,,,,,,,,,,,,,,,,,
2021,7,870001,0.5967741935483871,870001,tarauaca,AC,104.20074458821864,,,,,,,,,,,,,,,,,,
2021,7,870002,4.132258064516129,870002,feijo,AC,139.01409407209746,AC,0.0,998.658695652174,999.0934782608696,998.5282608695652,2042.2,26.195652173913043,16.889130434782608,26.632608695652173,24.597826086956523,17.678260869565218,16.128260869565217,65.5,55.56521739130435,58.0,161.2826086956522,4.006521739130435,1.658695652173913
2021,7,870003,0.5451612903225806,870003,feijo,AC,139.01409407209746,AC,0.0,998.658695652174,999.0934782608696,998.5282608695652,2042.2,26.195652173913043,16.889130434782608,26.632608695652173,24.597826086956523,17.678260869565218,16.128260869565217,65.5,55.56521739130435,58.0,161.2826086956522,4.006521739130435,1.658695652173913
2021,7,872000,2.435483870967742,872000,marechal thaumaturgo,AC,6.334785822063035,,,,,,,,,,,,,,,,,,
2021,7,872001,2.606451612903226,872001,porto walter,AC,5.2619392777184135,,,,,,,,,,,,,,,,,,
2021,7,967005,0.13870967741935483,967005,senador guiomard,AC,20.17449118494824,,,,,,,,,,,,,,,,,,
2021,7,968003,0.5806451612903226,968003,sena madureira,AC,111.3121235512773,,,,,,,,,,,,,,,,,,
2021,7,968004,0.0,968004,bujari,AC,25.800045628592503,,,,,,,,,,,,,,,,,,
2021,7,968005,0.5193548387096775,968005,sena madureira,AC,111.3121235512773,,,,,,,,,,,,,,,,,,
2021,7,969001,0.0,969001,sena madureira,AC,111.3121235512773,,,,,,,,,,,,,,,,,,
2021,7,972000,0.0,972000,marechal thaumaturgo,AC,6.334785822063035,,,,,,,,,,,,,,,,,,
2021,7,1067002,0.36129032258064514,1067002,placido de castro,AC,15.187550324370024,,,,,,,,,,,,,,,,,,
2021,7,1067003,0.34838709677419355,1067003,capixaba,AC,29.39553060647667,,,,,,,,,,,,,,,,,,
2021,7,1068000,0.0,1068000,xapuri,AC,58.61174689103612,,,,,,,,,,,,,,,,,,
2021,7,1069000,0.03870967741935484,1069000,assis brasil,AC,17.649863773246008,,,,,,,,,,,,,,,,,,
2021,7,1168001,0.0,1168001,brasileia,AC,61.19883739004042,,,,,,,,,,,,,,,,,,
2021,7,8050000,10.141935483870967,8050000,macapa,AP,0.9046514679793142,,,,,,,,,,,,,,,,,,
2021,7,8050001,11.97741935483871,8050001,macapa,AP,0.9046514679793142,,,,,,,,,,,,,,,,,,
2021,7,8051010,7.300000000000001,8051010,macapa,AP,0.9046514679793142,,,,,,,,,,,,,,,,,,
2021,7,8051012,8.712903225806452,8051012,porto grande,AP,2.244031974368367,AP,0.0206185567010309,1003.8556701030928,1004.4639175257732,1003.7958762886598,2311.481443298969,29.862886597938143,22.558762886597936,30.2,28.374226804123712,23.47216494845361,21.88556701030928,72.9381443298969,63.75257731958763,65.49484536082474,122.16494845360825,5.072164948453608,2.2969072164948456
2021,7,8052000,7.129032258064516,8052000,serra do navio,AP,0.3464159540774594,,,,,,,,,,,,,,,,,,
2021,7,8150000,7.854545454545455,8150000,tartarugalzinho,AP,0.8761494996203936,,,,,,,,,,,,,,,,,,
2021,7,8150001,2.7451612903225806,8150001,tartarugalzinho,AP,0.8761494996203936,,,,,,,,,,,,,,,,,,
2021,7,8151000,2.061290322580645,8151000,tartarugalzinho,AP,0.8761494996203936,,,,,,,,,,,,,,,,,,
2021,7,8250002,10.02258064516129,8250002,calcoene,AP,1.0926055128963368,,,,,,,,,,,,,,,,,,
2021,7,8250003,12.603225806451615,8250003,amapa,AP,0.0,,,,,,,,,,,,,,,,,,
2021,7,8251001,1.7000000000000002,8251001,calcoene,AP,1.0926055128963368,,,,,,,,,,,,,,,,,,
2021,7,8251003,5.351612903225806,8251003,calcoene,AP,1.0926055128963368,,,,,,,,,,,,,,,,,,
2021,7,8251004,8.167741935483871,8251004,oiapoque,AP,0.7075687792784962,,,,,,,,,,,,,,,,,,
2021,7,8351002,0.0,8351002,oiapoque,AP,0.7075687792784962,,,,,,,,,,,,,,,,,,
2021,8,51002,1.867741935483871,51002,mazagao,AP,2.4589957439725003,,,,,,,,,,,,,,,,,,
2021,8,51004,2.5925925925925926,51004,mazagao,AP,2.4589957439725003,,,,,,,,,,,,,,,,,,
2021,8,52003,7.441935483870967,52003,mazagao,AP,2.4589957439725003,,,,,,,,,,,,,,,,,,
2021,8,771001,3.2903225806451615,771001,tarauaca,AC,104.20074458821864,,,,,,,,,,,,,,,,,,
2021,8,772003,1.7258064516129032,772003,tarauaca,AC,104.20074458821864,,,,,,,,,,,,,,,,,,
2021,8,772004,1.7225806451612902,772004,cruzeiro do sul,AC,33.56909102425046,,,,,,,,,,,,,,,,,,
2021,8,773002,2.990322580645161,773002,cruzeiro do sul,AC,33.56909102425046,,,,,,,,,,,,,,,,,,
2021,8,869000,0.264516129032258,869000,manoel urbano,AC,41.5446369096609,,,,,,,,,,,,,,,,,,
2021,8,870001,6.096774193548387,870001,tarauaca,AC,104.20074458821864,,,,,,,,,,,,,,,,,,
2021,8,870002,2.8548387096774195,870002,feijo,AC,139.01409407209746,,,,,,,,,,,,,,,,,,
2021,8,870003,32.74193548387097,870003,feijo,AC,139.01409407209746,,,,,,,,,,,,,,,,,,
2021,8,872000,0.9903225806451613,872000,marechal thaumaturgo,AC,6.334785822063035,,,,,,,,,,,,,,,,,,
2021,8,872001,0.3548387096774194,872001,porto walter,AC,5.2619392777184135,,,,,,,,,,,,,,,,,,
2021,8,967005,0.25483870967741934,967005,senador guiomard,AC,20.17449118494824,,,,,,,,,,,,,,,,,,
2021,8,968003,1.096774193548387,968003,sena madureira,AC,111.3121235512773,,,,,,,,,,,,,,,,,,
2021,8,968004,6.096774193548387,968004,bujari,AC,25.800045628592503,,,,,,,,,,,,,,,,,,
2021,8,968005,0.0,968005,sena madureira,AC,111.3121235512773,,,,,,,,,,,,,,,,,,
2021,8,969001,0.0,969001,sena madureira,AC,111.3121235512773,,,,,,,,,,,,,,,,,,
2021,8,972000,0.02903225806451613,972000,marechal thaumaturgo,AC,6.334785822063035,,,,,,,,,,,,,,,,,,
2021,8,1067002,0.0,1067002,placido de castro,AC,15.187550324370024,,,,,,,,,,,,,,,,,,
2021,8,1067003,3.370967741935484,1067003,capixaba,AC,29.39553060647667,,,,,,,,,,,,,,,,,,
2021,8,1068000,0.0,1068000,xapuri,AC,58.61174689103612,,,,,,,,,,,,,,,,,,
2021,8,1069000,0.03870967741935484,1069000,assis brasil,AC,17.649863773246008,,,,,,,,,,,,,,,,,,
2021,8,1168001,0.0,1168001,brasileia,AC,61.19883739004042,,,,,,,,,,,,,,,,,,
2021,8,8050000,4.354838709677419,8050000,macapa,AP,0.9046514679793142,,,,,,,,,,,,,,,,,,
2021,8,8050001,9.577419354838709,8050001,macapa,AP,0.9046514679793142,,,,,,,,,,,,,,,,,,
2021,8,8051010,6.112903225806452,8051010,macapa,AP,0.9046514679793142,,,,,,,,,,,,,,,,,,
2021,8,8051012,5.809677419354839,8051012,porto grande,AP,2.244031974368367,AP,0.006060606060606,1003.7060606060606,1004.2818181818184,1003.6666666666666,2668.29696969697,30.67575757575758,22.62121212121212,30.993939393939392,29.25454545454545,23.47878787878788,21.90909090909091,69.24242424242425,60.87878787878788,62.75757575757576,130.54545454545453,5.339393939393939,2.3696969696969696
2021,8,8052000,1.993548387096774,8052000,serra do navio,AP,0.3464159540774594,,,,,,,,,,,,,,,,,,
2021,8,8150000,3.164516129032258,8150000,tartarugalzinho,AP,0.8761494996203936,,,,,,,,,,,,,,,,,,
2021,8,8150001,1.5290322580645161,8150001,tartarugalzinho,AP,0.8761494996203936,,,,,,,,,,,,,,,,,,
2021,8,8151000,1.4258064516129034,8151000,tartarugalzinho,AP,0.8761494996203936,,,,,,,,,,,,,,,,,,
2021,8,8250002,4.816129032258064,8250002,calcoene,AP,1.0926055128963368,,,,,,,,,,,,,,,,,,
2021,8,8250003,7.848387096774193,8250003,amapa,AP,0.0,,,,,,,,,,,,,,,,,,
2021,8,8251001,0.7806451612903226,8251001,calcoene,AP,1.0926055128963368,,,,,,,,,,,,,,,,,,
2021,8,8251003,4.645161290322581,8251003,calcoene,AP,1.0926055128963368,,,,,,,,,,,,,,,,,,
2021,8,8251004,10.780645161290321,8251004,oiapoque,AP,0.7075687792784962,,,,,,,,,,,,,,,,,,
2021,8,8351002,0.3225806451612903,8351002,oiapoque,AP,0.7075687792784962,,,,,,,,,,,,,,,,,,
2021,9,51002,2.45,51002,mazagao,AP,2.4589957439725003,,,,,,,,,,,,,,,,,,
2021,9,51004,0.6966666666666667,51004,mazagao,AP,2.4589957439725003,,,,,,,,,,,,,,,,,,
2021,9,52003,4.8100000000000005,52003,mazagao,AP,2.4589957439725003,,,,,,,,,,,,,,,,,,
2021,9,771001,3.1333333333333333,771001,tarauaca,AC,104.20074458821864,,,,,,,,,,,,,,,,,,
2021,9,772003,3.566666666666667,772003,tarauaca,AC,104.20074458821864,,,,,,,,,,,,,,,,,,
2021,9,772004,3.816666666666667,772004,cruzeiro do sul,AC,33.56909102425046,,,,,,,,,,,,,,,,,,
2021,9,773000,3.5133333333333336,773000,cruzeiro do sul,AC,33.56909102425046,,,,,,,,,,,,,,,,,,
2021,9,773002,0.45666666666666667,773002,cruzeiro do sul,AC,33.56909102425046,,,,,,,,,,,,,,,,,,
2021,9,869000,4.14,869000,manoel urbano,AC,41.5446369096609,,,,,,,,,,,,,,,,,,
2021,9,870001,15.2,870001,tarauaca,AC,104.20074458821864,,,,,,,,,,,,,,,,,,
2021,9,870002,6.239999999999999,870002,feijo,AC,139.01409407209746,,,,,,,,,,,,,,,,,,
2021,9,870003,23.553333333333335,870003,feijo,AC,139.01409407209746,,,,,,,,,,,,,,,,,,
2021,9,872000,5.22,872000,marechal thaumaturgo,AC,6.334785822063035,,,,,,,,,,,,,,,,,,
2021,9,872001,4.39,872001,porto walter,AC,5.2619392777184135,,,,,,,,,,,,,,,,,,
2021,9,967005,1.5966666666666667,967005,senador guiomard,AC,20.17449118494824,,,,,,,,,,,,,,,,,,
2021,9,968003,0.26666666666666666,968003,sena madureira,AC,111.3121235512773,,,,,,,,,,,,,,,,,,
2021,9,968004,1.8933333333333333,968004,bujari,AC,25.800045628592503,,,,,,,,,,,,,,,,,,
2021,9,968005,4.098666666666667,968005,sena madureira,AC,111.3121235512773,,,,,,,,,,,,,,,,,,
2021,9,969001,5.12,969001,sena madureira,AC,111.3121235512773,,,,,,,,,,,,,,,,,,
2021,9,972000,5.863333333333333,972000,marechal thaumaturgo,AC,6.334785822063035,,,,,,,,,,,,,,,,,,
2021,9,1067002,0.9533333333333334,1067002,placido de castro,AC,15.187550324370024,,,,,,,,,,,,,,,,,,
2021,9,1068000,,1068000,xapuri,AC,58.61174689103612,,,,,,,,,,,,,,,,,,
2021,9,1069000,1.4933333333333332,1069000,assis brasil,AC,17.649863773246008,,,,,,,,,,,,,,,,,,
2021,9,1168001,1.14,1168001,brasileia,AC,61.19883739004042,,,,,,,,,,,,,,,,,,
2021,9,8050000,1.5599999999999998,8050000,macapa,AP,0.9046514679793142,,,,,,,,,,,,,,,,,,
2021,9,8050001,1.1333333333333333,8050001,macapa,AP,0.9046514679793142,,,,,,,,,,,,,,,,,,
2021,9,8051010,0.8733333333333333,8051010,macapa,AP,0.9046514679793142,,,,,,,,,,,,,,,,,,
2021,9,8051012,2.943333333333334,8051012,porto grande,AP,2.244031974368367,AP,0.0,1002.7,1003.4,1002.7,2641.4,31.8,20.7,31.8,30.2,21.6,20.3,59.0,51.0,52.0,62.0,4.8,2.3
2021,9,8052000,3.4166666666666665,8052000,serra do navio,AP,0.3464159540774594,,,,,,,,,,,,,,,,,,
2021,9,8150000,0.03333333333333333,8150000,tartarugalzinho,AP,0.8761494996203936,,,,,,,,,,,,,,,,,,
2021,9,8150001,0.0,8150001,tartarugalzinho,AP,0.8761494996203936,,,,,,,,,,,,,,,,,,
2021,9,8151000,0.45666666666666667,8151000,tartarugalzinho,AP,0.8761494996203936,,,,,,,,,,,,,,,,,,
2021,9,8250002,1.4200000000000002,8250002,calcoene,AP,1.0926055128963368,,,,,,,,,,,,,,,,,,
2021,9,8250003,0.7699999999999999,8250003,amapa,AP,0.0,,,,,,,,,,,,,,,,,,
2021,9,8251001,0.0,8251001,calcoene,AP,1.0926055128963368,,,,,,,,,,,,,,,,,,
2021,9,8251003,7.173333333333334,8251003,calcoene,AP,1.0926055128963368,,,,,,,,,,,,,,,,,,
2021,9,8251004,0.6466666666666666,8251004,oiapoque,AP,0.7075687792784962,,,,,,,,,,,,,,,,,,
2021,9,8351002,1.8933333333333333,8351002,oiapoque,AP,0.7075687792784962,,,,,,,,,,,,,,,,,,
2021,10,51002,1.0580645161290323,51002,mazagao,AP,2.4589957439725003,,,,,,,,,,,,,,,,,,
2021,10,51004,1.5032258064516129,51004,mazagao,AP,2.4589957439725003,,,,,,,,,,,,,,,,,,
2021,10,52003,3.625806451612903,52003,mazagao,AP,2.4589957439725003,,,,,,,,,,,,,,,,,,
2021,10,771001,6.580645161290323,771001,tarauaca,AC,104.20074458821864,,,,,,,,,,,,,,,,,,
2021,10,772003,3.161290322580645,772003,tarauaca,AC,104.20074458821864,,,,,,,,,,,,,,,,,,
2021,10,772004,5.948387096774193,772004,cruzeiro do sul,AC,33.56909102425046,,,,,,,,,,,,,,,,,,
2021,10,773000,2.435483870967742,773000,cruzeiro do sul,AC,33.56909102425046,,,,,,,,,,,,,,,,,,
2021,10,773002,1.6838709677419357,773002,cruzeiro do sul,AC,33.56909102425046,,,,,,,,,,,,,,,,,,
2021,10,869000,3.1774193548387095,869000,manoel urbano,AC,41.5446369096609,,,,,,,,,,,,,,,,,,
2021,10,870001,14.433333333333334,870001,tarauaca,AC,104.20074458821864,,,,,,,,,,,,,,,,,,
2021,10,870002,6.52258064516129,870002,feijo,AC,139.01409407209746,,,,,,,,,,,,,,,,,,
2021,10,870003,39.641935483870974,870003,feijo,AC,139.01409407209746,,,,,,,,,,,,,,,,,,
2021,10,872000,1.4516129032258065,872000,marechal thaumaturgo,AC,6.334785822063035,,,,,,,,,,,,,,,,,,
2021,10,872001,3.6903225806451614,872001,porto walter,AC,5.2619392777184135,,,,,,,,,,,,,,,,,,
2021,10,967005,11.251612903225807,967005,senador guiomard,AC,20.17449118494824,,,,,,,,,,,,,,,,,,
2021,10,968003,1.035483870967742,968003,sena madureira,AC,111.3121235512773,,,,,,,,,,,,,,,,,,
2021,10,968004,6.4806451612903215,968004,bujari,AC,25.800045628592503,,,,,,,,,,,,,,,,,,
2021,10,968005,2.361290322580645,968005,sena madureira,AC,111.3121235512773,,,,,,,,,,,,,,,,,,
2021,10,969001,7.951612903225806,969001,sena madureira,AC,111.3121235512773,,,,,,,,,,,,,,,,,,
2021,10,972000,4.158064516129032,972000,marechal thaumaturgo,AC,6.334785822063035,,,,,,,,,,,,,,,,,,
2021,10,1067002,0.30129032258064514,1067002,placido de castro,AC,15.187550324370024,,,,,,,,,,,,,,,,,,
2021,10,1068000,6.643750000000001,1068000,xapuri,AC,58.61174689103612,,,,,,,,,,,,,,,,,,
2021,10,1069000,3.9516129032258065,1069000,assis brasil,AC,17.649863773246008,,,,,,,,,,,,,,,,,,
2021,10,1168001,5.077419354838709,1168001,brasileia,AC,61.19883739004042,,,,,,,,,,,,,,,,,,
2021,10,8050000,0.3870967741935484,8050000,macapa,AP,0.9046514679793142,,,,,,,,,,,,,,,,,,
2021,10,8050001,2.0903225806451613,8050001,macapa,AP,0.9046514679793142,,,,,,,,,,,,,,,,,,
2021,10,8051010,4.896774193548388,8051010,macapa,AP,0.9046514679793142,,,,,,,,,,,,,,,,,,
2021,10,8051012,2.8225806451612905,8051012,porto grande,AP,2.244031974368367,,,,,,,,,,,,,,,,,,
2021,10,8052000,2.3483870967741933,8052000,serra do navio,AP,0.3464159540774594,,,,,,,,,,,,,,,,,,
2021,10,8150000,0.9451612903225807,8150000,tartarugalzinho,AP,0.8761494996203936,,,,,,,,,,,,,,,,,,
2021,10,8150001,0.0,8150001,tartarugalzinho,AP,0.8761494996203936,,,,,,,,,,,,,,,,,,
2021,10,8151000,0.041935483870967745,8151000,tartarugalzinho,AP,0.8761494996203936,,,,,,,,,,,,,,,,,,
2021,10,8250002,5.767741935483872,8250002,calcoene,AP,1.0926055128963368,,,,,,,,,,,,,,,,,,
2021,10,8250003,2.0677419354838706,8250003,amapa,AP,0.0,,,,,,,,,,,,,,,,,,
2021,10,8251001,0.0,8251001,calcoene,AP,1.0926055128963368,,,,,,,,,,,,,,,,,,
2021,10,8251003,9.08,8251003,calcoene,AP,1.0926055128963368,,,,,,,,,,,,,,,,,,
2021,10,8251004,3.035483870967742,8251004,oiapoque,AP,0.7075687792784962,,,,,,,,,,,,,,,,,,
2021,10,8351002,5.280645161290322,8351002,oiapoque,AP,0.7075687792784962,,,,,,,,,,,,,,,,,,
2021,11,51002,1.5166666666666666,51002,mazagao,AP,2.4589957439725003,,,,,,,,,,,,,,,,,,
2021,11,51004,6.406666666666666,51004,mazagao,AP,2.4589957439725003,,,,,,,,,,,,,,,,,,
2021,11,52003,3.3466666666666667,52003,mazagao,AP,2.4589957439725003,,,,,,,,,,,,,,,,,,
2021,11,771001,7.5,771001,tarauaca,AC,104.20074458821864,,,,,,,,,,,,,,,,,,
2021,11,772003,4.916666666666667,772003,tarauaca,AC,104.20074458821864,,,,,,,,,,,,,,,,,,
2021,11,772004,13.486666666666668,772004,cruzeiro do sul,AC,33.56909102425046,,,,,,,,,,,,,,,,,,
2021,11,773000,4.71,773000,cruzeiro do sul,AC,33.56909102425046,,,,,,,,,,,,,,,,,,
2021,11,773002,6.438666666666666,773002,cruzeiro do sul,AC,33.56909102425046,,,,,,,,,,,,,,,,,,
2021,11,869000,10.053333333333335,869000,manoel urbano,AC,41.5446369096609,,,,,,,,,,,,,,,,,,
2021,11,870001,17.233333333333334,870001,tarauaca,AC,104.20074458821864,,,,,,,,,,,,,,,,,,
2021,11,870002,8.133333333333333,870002,feijo,AC,139.01409407209746,,,,,,,,,,,,,,,,,,
2021,11,870003,33.333333333333336,870003,feijo,AC,139.01409407209746,,,,,,,,,,,,,,,,,,
2021,11,872000,2.146666666666667,872000,marechal thaumaturgo,AC,6.334785822063035,,,,,,,,,,,,,,,,,,
2021,11,872001,10.326666666666666,872001,porto walter,AC,5.2619392777184135,,,,,,,,,,,,,,,,,,
2021,11,967005,8.110000000000001,967005,senador guiomard,AC,20.17449118494824,,,,,,,,,,,,,,,,,,
2021,11,968003,2.2066666666666666,968003,sena madureira,AC,111.3121235512773,,,,,,,,,,,,,,,,,,
2021,11,968004,11.016666666666667,968004,bujari,AC,25.800045628592503,,,,,,,,,,,,,,,,,,
2021,11,968005,8.35,968005,sena madureira,AC,111.3121235512773,,,,,,,,,,,,,,,,,,
2021,11,969001,4.89,969001,sena madureira,AC,111.3121235512773,,,,,,,,,,,,,,,,,,
2021,11,972000,7.766666666666667,972000,marechal thaumaturgo,AC,6.334785822063035,,,,,,,,,,,,,,,,,,
2021,11,1067002,13.35,1067002,placido de castro,AC,15.187550324370024,,,,,,,,,,,,,,,,,,
2021,11,1067003,16.36,1067003,capixaba,AC,29.39553060647667,,,,,,,,,,,,,,,,,,
2021,11,1069000,4.6433333333333335,1069000,assis brasil,AC,17.649863773246008,,,,,,,,,,,,,,,,,,
2021,11,1168001,9.663333333333332,1168001,brasileia,AC,61.19883739004042,,,,,,,,,,,,,,,,,,
2021,11,8050000,1.9666666666666666,8050000,macapa,AP,0.9046514679793142,,,,,,,,,,,,,,,,,,
2021,11,8050001,8.796666666666665,8050001,macapa,AP,0.9046514679793142,,,,,,,,,,,,,,,,,,
2021,11,8051010,9.04,8051010,macapa,AP,0.9046514679793142,,,,,,,,,,,,,,,,,,
2021,11,8051012,6.823333333333334,8051012,porto grande,AP,2.244031974368367,,,,,,,,,,,,,,,,,,
2021,11,8052000,3.606666666666667,8052000,serra do navio,AP,0.3464159540774594,,,,,,,,,,,,,,,,,,
2021,11,8150000,3.24,8150000,tartarugalzinho,AP,0.8761494996203936,,,,,,,,,,,,,,,,,,
2021,11,8150001,8.2,8150001,tartarugalzinho,AP,0.8761494996203936,,,,,,,,,,,,,,,,,,
2021,11,8151000,0.4,8151000,tartarugalzinho,AP,0.8761494996203936,,,,,,,,,,,,,,,,,,
2021,11,8250002,8.883333333333333,8250002,calcoene,AP,1.0926055128963368,,,,,,,,,,,,,,,,,,
2021,11,8250003,9.533333333333333,8250003,amapa,AP,0.0,,,,,,,,,,,,,,,,,,
2021,11,8251001,4.203333333333334,8251001,calcoene,AP,1.0926055128963368,,,,,,,,,,,,,,,,,,
2021,11,8251003,10.129999999999999,8251003,calcoene,AP,1.0926055128963368,,,,,,,,,,,,,,,,,,
2021,11,8251004,8.19,8251004,oiapoque,AP,0.7075687792784962,,,,,,,,,,,,,,,,,,
2021,11,8351002,10.616666666666667,8351002,oiapoque,AP,0.7075687792784962,,,,,,,,,,,,,,,,,,
2021,12,51002,2.0870967741935487,51002,mazagao,AP,2.4589957439725003,,,,,,,,,,,,,,,,,,
2021,12,51004,7.03,51004,mazagao,AP,2.4589957439725003,,,,,,,,,,,,,,,,,,
2021,12,52003,8.812903225806451,52003,mazagao,AP,2.4589957439725003,,,,,,,,,,,,,,,,,,
2021,12,771001,9.303225806451612,771001,tarauaca,AC,104.20074458821864,,,,,,,,,,,,,,,,,,
2021,12,772003,4.896774193548388,772003,tarauaca,AC,104.20074458821864,,,,,,,,,,,,,,,,,,
2021,12,772004,12.399354838709677,772004,cruzeiro do sul,AC,33.56909102425046,,,,,,,,,,,,,,,,,,
2021,12,773000,6.193548387096774,773000,cruzeiro do sul,AC,33.56909102425046,,,,,,,,,,,,,,,,,,
2021,12,773002,4.764516129032257,773002,cruzeiro do sul,AC,33.56909102425046,,,,,,,,,,,,,,,,,,
2021,12,869000,13.37741935483871,869000,manoel urbano,AC,41.5446369096609,,,,,,,,,,,,,,,,,,
2021,12,870001,14.516129032258064,870001,tarauaca,AC,104.20074458821864,,,,,,,,,,,,,,,,,,
2021,12,870002,6.938709677419355,870002,feijo,AC,139.01409407209746,,,,,,,,,,,,,,,,,,
2021,12,870003,31.503225806451614,870003,feijo,AC,139.01409407209746,,,,,,,,,,,,,,,,,,
2021,12,872000,2.6903225806451614,872000,marechal thaumaturgo,AC,6.334785822063035,,,,,,,,,,,,,,,,,,
2021,12,872001,16.65806451612903,872001,porto walter,AC,5.2619392777184135,,,,,,,,,,,,,,,,,,
2021,12,967005,10.861290322580645,967005,senador guiomard,AC,20.17449118494824,,,,,,,,,,,,,,,,,,
2021,12,968003,4.061290322580645,968003,sena madureira,AC,111.3121235512773,,,,,,,,,,,,,,,,,,
2021,12,968004,8.912903225806453,968004,bujari,AC,25.800045628592503,,,,,,,,,,,,,,,,,,
2021,12,968005,12.041935483870967,968005,sena madureira,AC,111.3121235512773,,,,,,,,,,,,,,,,,,
2021,12,969001,13.654838709677419,969001,sena madureira,AC,111.3121235512773,,,,,,,,,,,,,,,,,,
2021,12,972000,10.861290322580645,972000,marechal thaumaturgo,AC,6.334785822063035,,,,,,,,,,,,,,,,,,
2021,12,1067003,8.129032258064516,1067003,capixaba,AC,29.39553060647667,,,,,,,,,,,,,,,,,,
2021,12,1069000,7.587096774193548,1069000,assis brasil,AC,17.649863773246008,,,,,,,,,,,,,,,,,,
2021,12,1168001,15.506451612903225,1168001,brasileia,AC,61.19883739004042,,,,,,,,,,,,,,,,,,
2021,12,8050000,2.7645161290322577,8050000,macapa,AP,0.9046514679793142,,,,,,,,,,,,,,,,,,
2021,12,8050001,12.496774193548386,8050001,macapa,AP,0.9046514679793142,,,,,,,,,,,,,,,,,,
2021,12,8051010,11.180645161290323,8051010,macapa,AP,0.9046514679793142,,,,,,,,,,,,,,,,,,
2021,12,8051012,6.851612903225806,8051012,porto grande,AP,2.244031974368367,,,,,,,,,,,,,,,,,,
2021,12,8052000,6.235483870967743,8052000,serra do navio,AP,0.3464159540774594,,,,,,,,,,,,,,,,,,
2021,12,8150000,12.303225806451612,8150000,tartarugalzinho,AP,0.8761494996203936,,,,,,,,,,,,,,,,,,
2021,12,8150001,23.79032258064516,8150001,tartarugalzinho,AP,0.8761494996203936,,,,,,,,,,,,,,,,,,
2021,12,8151000,2.3161290322580643,8151000,tartarugalzinho,AP,0.8761494996203936,,,,,,,,,,,,,,,,,,
2021,12,8250002,14.235483870967743,8250002,calcoene,AP,1.0926055128963368,,,,,,,,,,,,,,,,,,
2021,12,8250003,19.038709677419355,8250003,amapa,AP,0.0,,,,,,,,,,,,,,,,,,
2021,12,8251001,8.480645161290322,8251001,calcoene,AP,1.0926055128963368,,,,,,,,,,,,,,,,,,
2021,12,8251003,6.3566666666666665,8251003,calcoene,AP,1.0926055128963368,,,,,,,,,,,,,,,,,,
2021,12,8251004,22.212903225806453,8251004,oiapoque,AP,0.7075687792784962,,,,,,,,,,,,,,,,,,
2021,12,8351002,24.261290322580646,8351002,oiapoque,AP,0.7075687792784962,,,,,,,,,,,,,,,,,,
2022,1,51002,5.148387096774194,51002,mazagao,AP,2.683423221717192,,,,,,,,,,,,,,,,,,
2022,1,51004,9.338709677419354,51004,mazagao,AP,2.683423221717192,,,,,,,,,,,,,,,,,,
2022,1,52003,10.745161290322581,52003,mazagao,AP,2.683423221717192,,,,,,,,,,,,,,,,,,
2022,1,771001,7.258064516129032,771001,tarauaca,AC,112.72903821004864,,,,,,,,,,,,,,,,,,
2022,1,772003,5.503225806451613,772003,tarauaca,AC,112.72903821004864,,,,,,,,,,,,,,,,,,
2022,1,772004,5.538709677419354,772004,cruzeiro do sul,AC,54.70516999571812,,,,,,,,,,,,,,,,,,
2022,1,773000,7.1,773000,cruzeiro do sul,AC,54.70516999571812,,,,,,,,,,,,,,,,,,
2022,1,773002,3.3806451612903223,773002,cruzeiro do sul,AC,54.70516999571812,,,,,,,,,,,,,,,,,,
2022,1,869000,8.858064516129033,869000,manoel urbano,AC,88.29890639697923,,,,,,,,,,,,,,,,,,
2022,1,870001,15.838709677419354,870001,tarauaca,AC,112.72903821004864,,,,,,,,,,,,,,,,,,
2022,1,870002,5.4,870002,feijo,AC,193.22068437035264,,,,,,,,,,,,,,,,,,
2022,1,870003,20.038709677419355,870003,feijo,AC,193.22068437035264,,,,,,,,,,,,,,,,,,
2022,1,872000,2.2903225806451615,872000,marechal thaumaturgo,AC,9.783353746729588,,,,,,,,,,,,,,,,,,
2022,1,872001,7.609677419354839,872001,porto walter,AC,7.076897971354207,,,,,,,,,,,,,,,,,,
2022,1,967005,6.403225806451613,967005,senador guiomard,AC,16.865520068943784,,,,,,,,,,,,,,,,,,
2022,1,968003,2.7161290322580647,968003,sena madureira,AC,105.80428165337428,,,,,,,,,,,,,,,,,,
2022,1,968004,6.587096774193548,968004,bujari,AC,37.21034201244903,,,,,,,,,,,,,,,,,,
2022,1,968005,5.506451612903225,968005,sena madureira,AC,105.80428165337428,,,,,,,,,,,,,,,,,,
2022,1,969001,9.157142857142857,969001,sena madureira,AC,105.80428165337428,,,,,,,,,,,,,,,,,,
2022,1,972000,2.454838709677419,972000,marechal thaumaturgo,AC,9.783353746729588,,,,,,,,,,,,,,,,,,
2022,1,1067002,0.0,1067002,placido de castro,AC,5.973403217682634,,,,,,,,,,,,,,,,,,
2022,1,1067003,10.070967741935483,1067003,capixaba,AC,31.97729971554715,,,,,,,,,,,,,,,,,,
2022,1,1069000,4.343870967741935,1069000,assis brasil,AC,8.464228214534161,,,,,,,,,,,,,,,,,,
2022,1,1168001,7.203225806451612,1168001,brasileia,AC,30.609303668188332,,,,,,,,,,,,,,,,,,
2022,1,8050000,12.751612903225807,8050000,macapa,AP,0.5198503966419525,,,,,,,,,,,,,,,,,,
2022,1,8050001,22.906451612903226,8050001,macapa,AP,0.5198503966419525,,,,,,,,,,,,,,,,,,
2022,1,8051010,19.770967741935483,8051010,macapa,AP,0.5198503966419525,,,,,,,,,,,,,,,,,,
2022,1,8051012,11.006451612903225,8051012,porto grande,AP,0.6120902881886987,,,,,,,,,,,,,,,,,,
2022,1,8052000,11.46774193548387,8052000,serra do navio,AP,0.171814621510481,,,,,,,,,,,,,,,,,,
2022,1,8150000,18.467741935483872,8150000,tartarugalzinho,AP,0.164620781564558,,,,,,,,,,,,,,,,,,
2022,1,8150001,19.825806451612905,8150001,tartarugalzinho,AP,0.164620781564558,,,,,,,,,,,,,,,,,,
2022,1,8151000,15.619354838709677,8151000,tartarugalzinho,AP,0.164620781564558,,,,,,,,,,,,,,,,,,
2022,1,8250002,19.125806451612902,8250002,calcoene,AP,1.7358017212281156,,,,,,,,,,,,,,,,,,
2022,1,8250003,19.203225806451616,8250003,amapa,AP,0.0,,,,,,,,,,,,,,,,,,
2022,1,8251001,8.303225806451612,8251001,calcoene,AP,1.7358017212281156,,,,,,,,,,,,,,,,,,
2022,1,8251003,9.261290322580646,8251003,calcoene,AP,1.7358017212281156,,,,,,,,,,,,,,,,,,
2022,1,8251004,13.216129032258063,8251004,oiapoque,AP,1.6082344213113164,,,,,,,,,,,,,,,,,,
2022,1,8351002,14.858064516129032,8351002,oiapoque,AP,1.6082344213113164,,,,,,,,,,,,,,,,,,
2022,2,51002,5.75,51002,mazagao,AP,2.683423221717192,,,,,,,,,,,,,,,,,,
2022,2,51004,6.757142857142857,51004,mazagao,AP,2.683423221717192,,,,,,,,,,,,,,,,,,
2022,2,52003,10.967857142857143,52003,mazagao,AP,2.683423221717192,,,,,,,,,,,,,,,,,,
2022,2,771001,19.535714285714285,771001,tarauaca,AC,112.72903821004864,,,,,,,,,,,,,,,,,,
2022,2,772004,14.071428571428571,772004,cruzeiro do sul,AC,54.70516999571812,,,,,,,,,,,,,,,,,,
2022,2,773000,11.632142857142856,773000,cruzeiro do sul,AC,54.70516999571812,,,,,,,,,,,,,,,,,,
2022,2,773002,5.089285714285714,773002,cruzeiro do sul,AC,54.70516999571812,,,,,,,,,,,,,,,,,,
2022,2,869000,10.107142857142858,869000,manoel urbano,AC,88.29890639697923,,,,,,,,,,,,,,,,,,
2022,2,870001,18.785714285714285,870001,tarauaca,AC,112.72903821004864,,,,,,,,,,,,,,,,,,
2022,2,870002,7.892857142857143,870002,feijo,AC,193.22068437035264,,,,,,,,,,,,,,,,,,
2022,2,870003,11.821428571428571,870003,feijo,AC,193.22068437035264,,,,,,,,,,,,,,,,,,
2022,2,872000,2.5357142857142856,872000,marechal thaumaturgo,AC,9.783353746729588,,,,,,,,,,,,,,,,,,
2022,2,872001,21.849999999999998,872001,porto walter,AC,7.076897971354207,,,,,,,,,,,,,,,,,,
2022,2,967005,10.889285714285714,967005,senador guiomard,AC,16.865520068943784,,,,,,,,,,,,,,,,,,
2022,2,968003,3.642857142857143,968003,sena madureira,AC,105.80428165337428,,,,,,,,,,,,,,,,,,
2022,2,968004,7.557142857142857,968004,bujari,AC,37.21034201244903,,,,,,,,,,,,,,,,,,
2022,2,968005,9.007142857142858,968005,sena madureira,AC,105.80428165337428,,,,,,,,,,,,,,,,,,
2022,2,969001,9.789285714285715,969001,sena madureira,AC,105.80428165337428,,,,,,,,,,,,,,,,,,
2022,2,972000,11.125,972000,marechal thaumaturgo,AC,9.783353746729588,,,,,,,,,,,,,,,,,,
2022,2,1067002,0.0,1067002,placido de castro,AC,5.973403217682634,,,,,,,,,,,,,,,,,,
2022,2,1067003,22.532142857142855,1067003,capixaba,AC,31.97729971554715,,,,,,,,,,,,,,,,,,
2022,2,1069000,3.9,1069000,assis brasil,AC,8.464228214534161,,,,,,,,,,,,,,,,,,
2022,2,1168001,11.260714285714286,1168001,brasileia,AC,30.609303668188332,,,,,,,,,,,,,,,,,,
2022,2,8050000,6.978571428571429,8050000,macapa,AP,0.5198503966419525,,,,,,,,,,,,,,,,,,
2022,2,8050001,13.007142857142856,8050001,macapa,AP,0.5198503966419525,,,,,,,,,,,,,,,,,,
2022,2,8051010,15.421428571428573,8051010,macapa,AP,0.5198503966419525,,,,,,,,,,,,,,,,,,
2022,2,8051012,4.310714285714286,8051012,porto grande,AP,0.6120902881886987,,,,,,,,,,,,,,,,,,
2022,2,8052000,7.571428571428571,8052000,serra do navio,AP,0.171814621510481,,,,,,,,,,,,,,,,,,
2022,2,8150000,9.257142857142856,8150000,tartarugalzinho,AP,0.164620781564558,,,,,,,,,,,,,,,,,,
2022,2,8150001,18.29642857142857,8150001,tartarugalzinho,AP,0.164620781564558,,,,,,,,,,,,,,,,,,
2022,2,8151000,8.110714285714286,8151000,tartarugalzinho,AP,0.164620781564558,,,,,,,,,,,,,,,,,,
2022,2,8250002,10.334782608695651,8250002,calcoene,AP,1.7358017212281156,,,,,,,,,,,,,,,,,,
2022,2,8250003,15.885714285714286,8250003,amapa,AP,0.0,,,,,,,,,,,,,,,,,,
2022,2,8251001,10.514285714285714,8251001,calcoene,AP,1.7358017212281156,,,,,,,,,,,,,,,,,,
2022,2,8251003,24.988000000000003,8251003,calcoene,AP,1.7358017212281156,,,,,,,,,,,,,,,,,,
2022,2,8251004,17.960714285714285,8251004,oiapoque,AP,1.6082344213113164,,,,,,,,,,,,,,,,,,
2022,2,8351002,20.035714285714285,8351002,oiapoque,AP,1.6082344213113164,,,,,,,,,,,,,,,,,,
2022,3,51002,8.136666666666667,51002,mazagao,AP,2.683423221717192,,,,,,,,,,,,,,,,,,
2022,3,51004,12.96774193548387,51004,mazagao,AP,2.683423221717192,,,,,,,,,,,,,,,,,,
2022,3,52003,11.870967741935484,52003,mazagao,AP,2.683423221717192,,,,,,,,,,,,,,,,,,
2022,3,771001,9.741935483870968,771001,tarauaca,AC,112.72903821004864,,,,,,,,,,,,,,,,,,
2022,3,772003,7.408387096774193,772003,tarauaca,AC,112.72903821004864,,,,,,,,,,,,,,,,,,
2022,3,772004,6.641935483870968,772004,cruzeiro do sul,AC,54.70516999571812,,,,,,,,,,,,,,,,,,
2022,3,773000,9.067741935483872,773000,cruzeiro do sul,AC,54.70516999571812,,,,,,,,,,,,,,,,,,
2022,3,773002,3.7774193548387096,773002,cruzeiro do sul,AC,54.70516999571812,,,,,,,,,,,,,,,,,,
2022,3,869000,8.919354838709678,869000,manoel urbano,AC,88.29890639697923,,,,,,,,,,,,,,,,,,
2022,3,870001,25.870967741935484,870001,tarauaca,AC,112.72903821004864,,,,,,,,,,,,,,,,,,
2022,3,870002,13.112903225806452,870002,feijo,AC,193.22068437035264,,,,,,,,,,,,,,,,,,
2022,3,870003,6.761290322580645,870003,feijo,AC,193.22068437035264,,,,,,,,,,,,,,,,,,
2022,3,872000,4.035483870967742,872000,marechal thaumaturgo,AC,9.783353746729588,,,,,,,,,,,,,,,,,,
2022,3,872001,18.55483870967742,872001,porto walter,AC,7.076897971354207,,,,,,,,,,,,,,,,,,
2022,3,967005,9.003225806451614,967005,senador guiomard,AC,16.865520068943784,,,,,,,,,,,,,,,,,,
2022,3,968003,4.658064516129032,968003,sena madureira,AC,105.80428165337428,,,,,,,,,,,,,,,,,,
2022,3,968004,13.52258064516129,968004,bujari,AC,37.21034201244903,,,,,,,,,,,,,,,,,,
2022,3,968005,12.999677419354839,968005,sena madureira,AC,105.80428165337428,,,,,,,,,,,,,,,,,,
2022,3,969001,15.848387096774195,969001,sena madureira,AC,105.80428165337428,,,,,,,,,,,,,,,,,,
2022,3,972000,7.880645161290323,972000,marechal thaumaturgo,AC,9.783353746729588,,,,,,,,,,,,,,,,,,
2022,3,1067002,0.0,1067002,placido de castro,AC,5.973403217682634,,,,,,,,,,,,,,,,,,
2022,3,1067003,15.251612903225807,1067003,capixaba,AC,31.97729971554715,,,,,,,,,,,,,,,,,,
2022,3,1069000,1.667741935483871,1069000,assis brasil,AC,8.464228214534161,,,,,,,,,,,,,,,,,,
2022,3,1168001,6.564516129032258,1168001,brasileia,AC,30.609303668188332,,,,,,,,,,,,,,,,,,
2022,3,8050000,25.06451612903226,8050000,macapa,AP,0.5198503966419525,,,,,,,,,,,,,,,,,,
2022,3,8050001,17.686666666666667,8050001,macapa,AP,0.5198503966419525,,,,,,,,,,,,,,,,,,
2022,3,8051010,25.093548387096774,8051010,macapa,AP,0.5198503966419525,,,,,,,,,,,,,,,,,,
2022,3,8051012,11.600000000000001,8051012,porto grande,AP,0.6120902881886987,,,,,,,,,,,,,,,,,,
2022,3,8052000,20.30322580645161,8052000,serra do navio,AP,0.171814621510481,,,,,,,,,,,,,,,,,,
2022,3,8150000,14.77741935483871,8150000,tartarugalzinho,AP,0.164620781564558,,,,,,,,,,,,,,,,,,
2022,3,8150001,23.80322580645161,8150001,tartarugalzinho,AP,0.164620781564558,,,,,,,,,,,,,,,,,,
2022,3,8151000,15.606451612903227,8151000,tartarugalzinho,AP,0.164620781564558,,,,,,,,,,,,,,,,,,
2022,3,8250002,11.254838709677419,8250002,calcoene,AP,1.7358017212281156,,,,,,,,,,,,,,,,,,
2022,3,8250003,30.251612903225805,8250003,amapa,AP,0.0,,,,,,,,,,,,,,,,,,
2022,3,8251001,28.351612903225806,8251001,calcoene,AP,1.7358017212281156,,,,,,,,,,,,,,,,,,
2022,3,8251003,12.182758620689656,8251003,calcoene,AP,1.7358017212281156,,,,,,,,,,,,,,,,,,
2022,3,8251004,24.241935483870968,8251004,oiapoque,AP,1.6082344213113164,,,,,,,,,,,,,,,,,,
2022,3,8351002,25.766666666666666,8351002,oiapoque,AP,1.6082344213113164,,,,,,,,,,,,,,,,,,
2022,4,51002,6.06551724137931,51002,mazagao,AP,2.683423221717192,,,,,,,,,,,,,,,,,,
2022,4,51004,7.1,51004,mazagao,AP,2.683423221717192,,,,,,,,,,,,,,,,,,
2022,4,52003,15.373333333333333,52003,mazagao,AP,2.683423221717192,,,,,,,,,,,,,,,,,,
2022,4,771001,5.1,771001,tarauaca,AC,112.72903821004864,,,,,,,,,,,,,,,,,,
2022,4,772003,8.313333333333334,772003,tarauaca,AC,112.72903821004864,,,,,,,,,,,,,,,,,,
2022,4,772004,15.490666666666666,772004,cruzeiro do sul,AC,54.70516999571812,,,,,,,,,,,,,,,,,,
2022,4,773000,9.3,773000,cruzeiro do sul,AC,54.70516999571812,,,,,,,,,,,,,,,,,,
2022,4,773002,2.086666666666667,773002,cruzeiro do sul,AC,54.70516999571812,,,,,,,,,,,,,,,,,,
2022,4,869000,7.4,869000,manoel urbano,AC,88.29890639697923,,,,,,,,,,,,,,,,,,
2022,4,870001,11.2,870001,tarauaca,AC,112.72903821004864,,,,,,,,,,,,,,,,,,
2022,4,870002,5.866666666666666,870002,feijo,AC,193.22068437035264,,,,,,,,,,,,,,,,,,
2022,4,870003,2.2724137931034485,870003,feijo,AC,193.22068437035264,,,,,,,,,,,,,,,,,,
2022,4,872000,4.738666666666666,872000,marechal thaumaturgo,AC,9.783353746729588,,,,,,,,,,,,,,,,,,
2022,4,872001,4.65,872001,porto walter,AC,7.076897971354207,,,,,,,,,,,,,,,,,,
2022,4,967005,7.1899999999999995,967005,senador guiomard,AC,16.865520068943784,,,,,,,,,,,,,,,,,,
2022,4,968003,1.3866666666666667,968003,sena madureira,AC,105.80428165337428,,,,,,,,,,,,,,,,,,
2022,4,968004,1.9300000000000002,968004,bujari,AC,37.21034201244903,,,,,,,,,,,,,,,,,,
2022,4,968005,2.1366666666666663,968005,sena madureira,AC,105.80428165337428,,,,,,,,,,,,,,,,,,
2022,4,969001,10.433333333333332,969001,sena madureira,AC,105.80428165337428,,,,,,,,,,,,,,,,,,
2022,4,972000,12.19,972000,marechal thaumaturgo,AC,9.783353746729588,,,,,,,,,,,,,,,,,,
2022,4,1067002,0.0,1067002,placido de castro,AC,5.973403217682634,,,,,,,,,,,,,,,,,,
2022,4,1067003,1.2433333333333332,1067003,capixaba,AC,31.97729971554715,,,,,,,,,,,,,,,,,,
2022,4,1069000,1.56,1069000,assis brasil,AC,8.464228214534161,,,,,,,,,,,,,,,,,,
2022,4,1168001,1.15,1168001,brasileia,AC,30.609303668188332,,,,,,,,,,,,,,,,,,
2022,4,8050000,15.75,8050000,macapa,AP,0.5198503966419525,AP,0.5564766839378238,1009.020207253886,1009.4062176165804,1008.710621761658,1277.889378238342,27.53445595854922,23.41891191709845,28.07642487046632,26.897668393782386,24.01036269430052,22.85854922279793,82.90673575129534,76.0440414507772,79.19430051813471,113.40673575129534,4.995336787564767,1.879274611398964
2022,4,8050001,27.990000000000002,8050001,macapa,AP,0.5198503966419525,AP,0.5564766839378238,1009.020207253886,1009.4062176165804,1008.710621761658,1277.889378238342,27.53445595854922,23.41891191709845,28.07642487046632,26.897668393782386,24.01036269430052,22.85854922279793,82.90673575129534,76.0440414507772,79.19430051813471,113.40673575129534,4.995336787564767,1.879274611398964
2022,4,8051010,24.94,8051010,macapa,AP,0.5198503966419525,AP,0.5564766839378238,1009.020207253886,1009.4062176165804,1008.710621761658,1277.889378238342,27.53445595854922,23.41891191709845,28.07642487046632,26.897668393782386,24.01036269430052,22.85854922279793,82.90673575129534,76.0440414507772,79.19430051813471,113.40673575129534,4.995336787564767,1.879274611398964
2022,4,8051012,7.3533333333333335,8051012,porto grande,AP,0.6120902881886987,AP,0.4180821917808219,1001.0328767123287,1001.4057534246576,1000.7197260273972,1141.9810958904109,26.548219178082192,23.38712328767123,27.16657534246575,25.81890410958904,23.86,22.88958904109589,87.09041095890412,80.36986301369863,83.58904109589041,128.36986301369862,4.683561643835616,1.9024657534246567
2022,4,8052000,6.65,8052000,serra do navio,AP,0.171814621510481,,,,,,,,,,,,,,,,,,
2022,4,8150000,26.563333333333333,8150000,tartarugalzinho,AP,0.164620781564558,,,,,,,,,,,,,,,,,,
2022,4,8150001,12.616666666666667,8150001,tartarugalzinho,AP,0.164620781564558,,,,,,,,,,,,,,,,,,
2022,4,8151000,9.586666666666666,8151000,tartarugalzinho,AP,0.164620781564558,,,,,,,,,,,,,,,,,,
2022,4,8250003,17.626666666666665,8250003,amapa,AP,0.0,,,,,,,,,,,,,,,,,,
2022,4,8251001,16.086666666666666,8251001,calcoene,AP,1.7358017212281156,,,,,,,,,,,,,,,,,,
2022,4,8251003,12.886666666666667,8251003,calcoene,AP,1.7358017212281156,,,,,,,,,,,,,,,,,,
2022,4,8251004,17.223333333333336,8251004,oiapoque,AP,1.6082344213113164,AP,0.3005347593582887,1009.5807486631016,1010.0508021390374,1009.4262032085562,1358.4577540106952,27.771657754010697,24.28021390374332,28.75561497326204,26.788235294117644,25.313903743315507,23.435294117647057,89.02139037433155,75.82352941176471,82.14438502673796,106.62032085561498,4.51283422459893,1.325668449197861
2022,4,8351002,30.031578947368423,8351002,oiapoque,AP,1.6082344213113164,AP,0.3005347593582887,1009.5807486631016,1010.0508021390374,1009.4262032085562,1358.4577540106952,27.771657754010697,24.28021390374332,28.75561497326204,26.788235294117644,25.313903743315507,23.435294117647057,89.02139037433155,75.82352941176471,82.14438502673796,106.62032085561498,4.51283422459893,1.325668449197861
2022,5,51002,3.1225806451612903,51002,mazagao,AP,2.683423221717192,,,,,,,,,,,,,,,,,,
2022,5,51004,11.093548387096773,51004,mazagao,AP,2.683423221717192,,,,,,,,,,,,,,,,,,
2022,5,52003,18.251612903225805,52003,mazagao,AP,2.683423221717192,,,,,,,,,,,,,,,,,,
2022,5,771001,4.32258064516129,771001,tarauaca,AC,112.72903821004864,,,,,,,,,,,,,,,,,,
2022,5,772003,3.0064516129032257,772003,tarauaca,AC,112.72903821004864,,,,,,,,,,,,,,,,,,
2022,5,772004,5.877419354838709,772004,cruzeiro do sul,AC,54.70516999571812,,,,,,,,,,,,,,,,,,
2022,5,773000,10.041935483870969,773000,cruzeiro do sul,AC,54.70516999571812,,,,,,,,,,,,,,,,,,
2022,5,773002,1.1387096774193548,773002,cruzeiro do sul,AC,54.70516999571812,,,,,,,,,,,,,,,,,,
2022,5,869000,3.670967741935484,869000,manoel urbano,AC,88.29890639697923,,,,,,,,,,,,,,,,,,
2022,5,870001,20.838709677419356,870001,tarauaca,AC,112.72903821004864,,,,,,,,,,,,,,,,,,
2022,5,870002,6.929032258064517,870002,feijo,AC,193.22068437035264,,,,,,,,,,,,,,,,,,
2022,5,870003,2.458064516129032,870003,feijo,AC,193.22068437035264,,,,,,,,,,,,,,,,,,
2022,5,872000,2.6048387096774195,872000,marechal thaumaturgo,AC,9.783353746729588,,,,,,,,,,,,,,,,,,
2022,5,872001,5.296774193548388,872001,porto walter,AC,7.076897971354207,,,,,,,,,,,,,,,,,,
2022,5,967005,2.490322580645161,967005,senador guiomard,AC,16.865520068943784,,,,,,,,,,,,,,,,,,
2022,5,968003,0.9,968003,sena madureira,AC,105.80428165337428,,,,,,,,,,,,,,,,,,
2022,5,968004,8.948387096774193,968004,bujari,AC,37.21034201244903,,,,,,,,,,,,,,,,,,
2022,5,968005,3.264516129032258,968005,sena madureira,AC,105.80428165337428,,,,,,,,,,,,,,,,,,
2022,5,969001,4.919354838709677,969001,sena madureira,AC,105.80428165337428,,,,,,,,,,,,,,,,,,
2022,5,972000,5.65483870967742,972000,marechal thaumaturgo,AC,9.783353746729588,,,,,,,,,,,,,,,,,,
2022,5,1067002,0.0,1067002,placido de castro,AC,5.973403217682634,,,,,,,,,,,,,,,,,,
2022,5,1067003,1.7580645161290323,1067003,capixaba,AC,31.97729971554715,,,,,,,,,,,,,,,,,,
2022,5,1069000,0.5225806451612903,1069000,assis brasil,AC,8.464228214534161,,,,,,,,,,,,,,,,,,
2022,5,1168001,1.4064516129032258,1168001,brasileia,AC,30.609303668188332,,,,,,,,,,,,,,,,,,
2022,5,8050000,10.47741935483871,8050000,macapa,AP,0.5198503966419525,AP,0.4216748768472906,1010.5783251231528,1010.9283251231528,1010.2844827586208,1175.6108374384237,27.416995073891623,23.44014778325124,27.98916256157636,26.73768472906404,24.02709359605912,22.91453201970443,83.60344827586206,76.51724137931035,79.72660098522168,127.99507389162562,4.81256157635468,1.873891625615764
2022,5,8050001,20.32903225806452,8050001,macapa,AP,0.5198503966419525,AP,0.4216748768472906,1010.5783251231528,1010.9283251231528,1010.2844827586208,1175.6108374384237,27.416995073891623,23.44014778325124,27.98916256157636,26.73768472906404,24.02709359605912,22.91453201970443,83.60344827586206,76.51724137931035,79.72660098522168,127.99507389162562,4.81256157635468,1.873891625615764
2022,5,8051010,24.55806451612903,8051010,macapa,AP,0.5198503966419525,AP,0.4216748768472906,1010.5783251231528,1010.9283251231528,1010.2844827586208,1175.6108374384237,27.416995073891623,23.44014778325124,27.98916256157636,26.73768472906404,24.02709359605912,22.91453201970443,83.60344827586206,76.51724137931035,79.72660098522168,127.99507389162562,4.81256157635468,1.873891625615764
2022,5,8051012,10.058064516129033,8051012,porto grande,AP,0.6120902881886987,AP,0.4517412935323383,1002.6159203980098,1002.970895522388,1002.3211442786068,1150.079850746269,26.4410447761194,23.35597014925373,27.13980099502488,25.641293532338302,23.872139303482587,22.808706467661693,87.5223880597015,80.35820895522389,83.8905472636816,132.99751243781094,4.551990049751244,1.8022388059701493
2022,5,8052000,7.180645161290323,8052000,serra do navio,AP,0.171814621510481,,,,,,,,,,,,,,,,,,
2022,5,8150000,10.616129032258065,8150000,tartarugalzinho,AP,0.164620781564558,,,,,,,,,,,,,,,,,,
2022,5,8150001,9.35483870967742,8150001,tartarugalzinho,AP,0.164620781564558,,,,,,,,,,,,,,,,,,
2022,5,8151000,7.370967741935484,8151000,tartarugalzinho,AP,0.164620781564558,,,,,,,,,,,,,,,,,,
2022,5,8250003,21.006451612903227,8250003,amapa,AP,0.0,,,,,,,,,,,,,,,,,,
2022,5,8251001,15.929032258064517,8251001,calcoene,AP,1.7358017212281156,,,,,,,,,,,,,,,,,,
2022,5,8251003,10.55483870967742,8251003,calcoene,AP,1.7358017212281156,,,,,,,,,,,,,,,,,,
2022,5,8251004,17.548387096774192,8251004,oiapoque,AP,1.6082344213113164,AP,0.3533898305084746,1010.8241525423728,1011.263559322034,1010.6546610169491,1385.5733050847457,27.80084745762712,24.27415254237288,28.833898305084748,26.941101694915258,25.32372881355932,23.46737288135593,88.23728813559322,75.9322033898305,82.1822033898305,104.61016949152544,4.175,1.2741525423728812
2022,5,8351002,39.84705882352941,8351002,oiapoque,AP,1.6082344213113164,AP,0.3533898305084746,1010.8241525423728,1011.263559322034,1010.6546610169491,1385.5733050847457,27.80084745762712,24.27415254237288,28.833898305084748,26.941101694915258,25.32372881355932,23.46737288135593,88.23728813559322,75.9322033898305,82.1822033898305,104.61016949152544,4.175,1.2741525423728812
2022,6,51002,1.9666666666666666,51002,mazagao,AP,2.683423221717192,,,,,,,,,,,,,,,,,,
2022,6,51004,4.633333333333334,51004,mazagao,AP,2.683423221717192,,,,,,,,,,,,,,,,,,
2022,6,52003,7.716666666666667,52003,mazagao,AP,2.683423221717192,,,,,,,,,,,,,,,,,,
2022,6,771001,1.2,771001,tarauaca,AC,112.72903821004864,,,,,,,,,,,,,,,,,,
2022,6,772003,2.2766666666666664,772003,tarauaca,AC,112.72903821004864,,,,,,,,,,,,,,,,,,
2022,6,772004,2.106666666666667,772004,cruzeiro do sul,AC,54.70516999571812,,,,,,,,,,,,,,,,,,
2022,6,773000,4.54,773000,cruzeiro do sul,AC,54.70516999571812,,,,,,,,,,,,,,,,,,
2022,6,773002,1.2333333333333334,773002,cruzeiro do sul,AC,54.70516999571812,,,,,,,,,,,,,,,,,,
2022,6,869000,0.83,869000,manoel urbano,AC,88.29890639697923,,,,,,,,,,,,,,,,,,
2022,6,870001,2.3333333333333335,870001,tarauaca,AC,112.72903821004864,,,,,,,,,,,,,,,,,,
2022,6,870002,3.73,870002,feijo,AC,193.22068437035264,,,,,,,,,,,,,,,,,,
2022,6,870003,2.1899999999999995,870003,feijo,AC,193.22068437035264,,,,,,,,,,,,,,,,,,
2022,6,872000,2.1599999999999997,872000,marechal thaumaturgo,AC,9.783353746729588,,,,,,,,,,,,,,,,,,
2022,6,872001,3.216666666666667,872001,porto walter,AC,7.076897971354207,,,,,,,,,,,,,,,,,,
2022,6,967005,0.9233333333333335,967005,senador guiomard,AC,16.865520068943784,,,,,,,,,,,,,,,,,,
2022,6,968003,0.73,968003,sena madureira,AC,105.80428165337428,,,,,,,,,,,,,,,,,,
2022,6,968004,2.04,968004,bujari,AC,37.21034201244903,,,,,,,,,,,,,,,,,,
2022,6,968005,1.4746666666666666,968005,sena madureira,AC,105.80428165337428,,,,,,,,,,,,,,,,,,
2022,6,969001,1.01,969001,sena madureira,AC,105.80428165337428,,,,,,,,,,,,,,,,,,
2022,6,972000,2.3133333333333335,972000,marechal thaumaturgo,AC,9.783353746729588,,,,,,,,,,,,,,,,,,
2022,6,1067002,0.2966666666666667,1067002,placido de castro,AC,5.973403217682634,,,,,,,,,,,,,,,,,,
2022,6,1067003,2.7733333333333334,1067003,capixaba,AC,31.97729971554715,,,,,,,,,,,,,,,,,,
2022,6,1068000,0.5933333333333334,1068000,xapuri,AC,77.13762752223575,,,,,,,,,,,,,,,,,,
2022,6,1069000,3.0333333333333337,1069000,assis brasil,AC,8.464228214534161,,,,,,,,,,,,,,,,,,
2022,6,1168001,0.7966666666666666,1168001,brasileia,AC,30.609303668188332,,,,,,,,,,,,,,,,,,
2022,6,8050000,7.739999999999999,8050000,macapa,AP,0.5198503966419525,AP,0.4306122448979592,1010.0594387755102,1010.4025510204082,1009.786224489796,1442.4132653061224,28.12168367346939,22.79234693877552,28.734183673469385,27.302040816326528,23.488520408163264,22.11377551020408,78.53826530612245,70.47193877551021,74.01275510204081,141.95663265306123,4.718622448979592,1.86530612244898
2022,6,8050001,8.916666666666666,8050001,macapa,AP,0.5198503966419525,AP,0.4306122448979592,1010.0594387755102,1010.4025510204082,1009.786224489796,1442.4132653061224,28.12168367346939,22.79234693877552,28.734183673469385,27.302040816326528,23.488520408163264,22.11377551020408,78.53826530612245,70.47193877551021,74.01275510204081,141.95663265306123,4.718622448979592,1.86530612244898
2022,6,8051010,23.18,8051010,macapa,AP,0.5198503966419525,AP,0.4306122448979592,1010.0594387755102,1010.4025510204082,1009.786224489796,1442.4132653061224,28.12168367346939,22.79234693877552,28.734183673469385,27.302040816326528,23.488520408163264,22.11377551020408,78.53826530612245,70.47193877551021,74.01275510204081,141.95663265306123,4.718622448979592,1.86530612244898
2022,6,8051012,4.826666666666667,8051012,porto grande,AP,0.6120902881886987,AP,0.3553846153846153,1002.077435897436,1002.4246153846152,1001.7984615384617,1315.830512820513,27.01358974358974,22.793333333333333,27.80076923076923,26.015641025641028,23.362820512820512,22.11435897435897,83.25384615384615,75.06410256410257,78.88717948717948,157.45128205128205,4.32,1.6584615384615384
2022,6,8052000,3.9433333333333334,8052000,serra do navio,AP,0.171814621510481,,,,,,,,,,,,,,,,,,
2022,6,8150000,7.363333333333333,8150000,tartarugalzinho,AP,0.164620781564558,,,,,,,,,,,,,,,,,,
2022,6,8150001,6.1899999999999995,8150001,tartarugalzinho,AP,0.164620781564558,,,,,,,,,,,,,,,,,,
2022,6,8151000,3.2199999999999998,8151000,tartarugalzinho,AP,0.164620781564558,,,,,,,,,,,,,,,,,,
2022,6,8250003,10.453333333333335,8250003,amapa,AP,0.0,,,,,,,,,,,,,,,,,,
2022,6,8251001,6.656666666666666,8251001,calcoene,AP,1.7358017212281156,,,,,,,,,,,,,,,,,,
2022,6,8251003,40.19,8251003,calcoene,AP,1.7358017212281156,,,,,,,,,,,,,,,,,,
2022,6,8251004,10.246666666666666,8251004,oiapoque,AP,1.6082344213113164,AP,0.08,1009.1,1009.55,1009.03,1388.91,27.64,24.57,28.62,26.59,25.58,23.89,91.0,77.5,83.8,150.1,2.9,0.97
2022,6,8351002,8.893333333333334,8351002,oiapoque,AP,1.6082344213113164,AP,0.08,1009.1,1009.55,1009.03,1388.91,27.64,24.57,28.62,26.59,25.58,23.89,91.0,77.5,83.8,150.1,2.9,0.97
2022,7,51002,1.803225806451613,51002,mazagao,AP,2.683423221717192,,,,,,,,,,,,,,,,,,
2022,7,51004,6.1967741935483875,51004,mazagao,AP,2.683423221717192,,,,,,,,,,,,,,,,,,
2022,7,52003,3.306451612903226,52003,mazagao,AP,2.683423221717192,,,,,,,,,,,,,,,,,,
2022,7,771001,3.096774193548387,771001,tarauaca,AC,112.72903821004864,,,,,,,,,,,,,,,,,,
2022,7,772003,0.9935483870967742,772003,tarauaca,AC,112.72903821004864,,,,,,,,,,,,,,,,,,
2022,7,772004,4.577419354838709,772004,cruzeiro do sul,AC,54.70516999571812,,,,,,,,,,,,,,,,,,
2022,7,773000,4.474193548387096,773000,cruzeiro do sul,AC,54.70516999571812,,,,,,,,,,,,,,,,,,
2022,7,773002,1.696774193548387,773002,cruzeiro do sul,AC,54.70516999571812,,,,,,,,,,,,,,,,,,
2022,7,869000,1.4322580645161291,869000,manoel urbano,AC,88.29890639697923,,,,,,,,,,,,,,,,,,
2022,7,870001,4.096774193548387,870001,tarauaca,AC,112.72903821004864,,,,,,,,,,,,,,,,,,
2022,7,870002,0.332258064516129,870002,feijo,AC,193.22068437035264,,,,,,,,,,,,,,,,,,
2022,7,870003,0.4032258064516129,870003,feijo,AC,193.22068437035264,,,,,,,,,,,,,,,,,,
2022,7,872000,3.3133333333333335,872000,marechal thaumaturgo,AC,9.783353746729588,,,,,,,,,,,,,,,,,,
2022,7,872001,4.366666666666666,872001,porto walter,AC,7.076897971354207,,,,,,,,,,,,,,,,,,
2022,7,967005,0.0967741935483871,967005,senador guiomard,AC,16.865520068943784,,,,,,,,,,,,,,,,,,
2022,7,968003,1.0258064516129033,968003,sena madureira,AC,105.80428165337428,,,,,,,,,,,,,,,,,,
2022,7,968004,0.0,968004,bujari,AC,37.21034201244903,,,,,,,,,,,,,,,,,,
2022,7,969001,0.0,969001,sena madureira,AC,105.80428165337428,,,,,,,,,,,,,,,,,,
2022,7,972000,0.9870967741935485,972000,marechal thaumaturgo,AC,9.783353746729588,,,,,,,,,,,,,,,,,,
2022,7,1067002,0.0,1067002,placido de castro,AC,5.973403217682634,,,,,,,,,,,,,,,,,,
2022,7,1067003,0.23870967741935484,1067003,capixaba,AC,31.97729971554715,,,,,,,,,,,,,,,,,,
2022,7,1068000,0.36129032258064514,1068000,xapuri,AC,77.13762752223575,,,,,,,,,,,,,,,,,,
2022,7,1069000,0.09032258064516129,1069000,assis brasil,AC,8.464228214534161,,,,,,,,,,,,,,,,,,
2022,7,1168001,0.6000000000000001,1168001,brasileia,AC,30.609303668188332,,,,,,,,,,,,,,,,,,
2022,7,8050000,6.406451612903226,8050000,macapa,AP,0.5198503966419525,AP,0.446078431372549,1010.5235294117648,1010.8602941176472,1010.2723039215686,1417.735294117647,28.23333333333333,23.03529411764706,28.849019607843136,27.41004901960784,23.734803921568627,22.421323529411765,79.02450980392157,71.23774509803921,74.51960784313725,123.33333333333331,5.123039215686274,1.9683823529411768
2022,7,8050001,12.406451612903227,8050001,macapa,AP,0.5198503966419525,AP,0.446078431372549,1010.5235294117648,1010.8602941176472,1010.2723039215686,1417.735294117647,28.23333333333333,23.03529411764706,28.849019607843136,27.41004901960784,23.734803921568627,22.421323529411765,79.02450980392157,71.23774509803921,74.51960784313725,123.33333333333331,5.123039215686274,1.9683823529411768
2022,7,8051010,18.838709677419356,8051010,macapa,AP,0.5198503966419525,AP,0.446078431372549,1010.5235294117648,1010.8602941176472,1010.2723039215686,1417.735294117647,28.23333333333333,23.03529411764706,28.849019607843136,27.41004901960784,23.734803921568627,22.421323529411765,79.02450980392157,71.23774509803921,74.51960784313725,123.33333333333331,5.123039215686274,1.9683823529411768
2022,7,8051012,5.503225806451613,8051012,porto grande,AP,0.6120902881886987,AP,0.4292803970223325,1002.5508684863524,1002.8803970223324,1002.297270471464,1310.740446650124,26.96650124069479,22.982630272952854,27.782133995037224,25.982382133995035,23.604466501240697,22.31166253101737,84.23821339950372,75.91066997518611,79.89578163771712,147.1563275434243,4.706947890818859,1.8260545905707195
2022,7,8052000,5.170967741935484,8052000,serra do navio,AP,0.171814621510481,,,,,,,,,,,,,,,,,,
2022,7,8150000,11.19032258064516,8150000,tartarugalzinho,AP,0.164620781564558,,,,,,,,,,,,,,,,,,
2022,7,8150001,3.4193548387096775,8150001,tartarugalzinho,AP,0.164620781564558,,,,,,,,,,,,,,,,,,
2022,7,8151000,2.9322580645161294,8151000,tartarugalzinho,AP,0.164620781564558,,,,,,,,,,,,,,,,,,
2022,7,8250003,8.312903225806451,8250003,amapa,AP,0.0,,,,,,,,,,,,,,,,,,
2022,7,8251001,1.5642857142857143,8251001,calcoene,AP,1.7358017212281156,,,,,,,,,,,,,,,,,,
2022,7,8251003,33.83181818181818,8251003,calcoene,AP,1.7358017212281156,,,,,,,,,,,,,,,,,,
2022,7,8251004,5.077419354838709,8251004,oiapoque,AP,1.6082344213113164,,,,,,,,,,,,,,,,,,
2022,7,8351002,7.551612903225807,8351002,oiapoque,AP,1.6082344213113164,,,,,,,,,,,,,,,,,,
2022,8,51002,0.9741935483870968,51002,mazagao,AP,2.683423221717192,,,,,,,,,,,,,,,,,,
2022,8,51004,1.3387096774193548,51004,mazagao,AP,2.683423221717192,,,,,,,,,,,,,,,,,,
2022,8,52003,2.364516129032258,52003,mazagao,AP,2.683423221717192,,,,,,,,,,,,,,,,,,
2022,8,771001,1.8387096774193548,771001,tarauaca,AC,112.72903821004864,,,,,,,,,,,,,,,,,,
2022,8,772003,3.97741935483871,772003,tarauaca,AC,112.72903821004864,,,,,,,,,,,,,,,,,,
2022,8,772004,6.470967741935484,772004,cruzeiro do sul,AC,54.70516999571812,,,,,,,,,,,,,,,,,,
2022,8,773000,2.4967741935483874,773000,cruzeiro do sul,AC,54.70516999571812,,,,,,,,,,,,,,,,,,
2022,8,773002,0.8933333333333333,773002,cruzeiro do sul,AC,54.70516999571812,,,,,,,,,,,,,,,,,,
2022,8,869000,0.7064516129032258,869000,manoel urbano,AC,88.29890639697923,,,,,,,,,,,,,,,,,,
2022,8,870001,0.9806451612903225,870001,tarauaca,AC,112.72903821004864,,,,,,,,,,,,,,,,,,
2022,8,870002,0.43225806451612897,870002,feijo,AC,193.22068437035264,,,,,,,,,,,,,,,,,,
2022,8,870003,0.22580645161290322,870003,feijo,AC,193.22068437035264,,,,,,,,,,,,,,,,,,
2022,8,872000,1.0258064516129033,872000,marechal thaumaturgo,AC,9.783353746729588,,,,,,,,,,,,,,,,,,
2022,8,872001,1.5741935483870966,872001,porto walter,AC,7.076897971354207,,,,,,,,,,,,,,,,,,
2022,8,967005,1.5903225806451613,967005,senador guiomard,AC,16.865520068943784,,,,,,,,,,,,,,,,,,
2022,8,968003,0.2129032258064516,968003,sena madureira,AC,105.80428165337428,,,,,,,,,,,,,,,,,,
2022,8,968004,0.8896774193548388,968004,bujari,AC,37.21034201244903,,,,,,,,,,,,,,,,,,
2022,8,969001,0.8677419354838709,969001,sena madureira,AC,105.80428165337428,,,,,,,,,,,,,,,,,,
2022,8,972000,0.6709677419354838,972000,marechal thaumaturgo,AC,9.783353746729588,,,,,,,,,,,,,,,,,,
2022,8,1067002,0.1832258064516129,1067002,placido de castro,AC,5.973403217682634,,,,,,,,,,,,,,,,,,
2022,8,1067003,1.9774193548387096,1067003,capixaba,AC,31.97729971554715,,,,,,,,,,,,,,,,,,
2022,8,1068000,3.0935483870967744,1068000,xapuri,AC,77.13762752223575,,,,,,,,,,,,,,,,,,
2022,8,1069000,1.4258064516129034,1069000,assis brasil,AC,8.464228214534161,,,,,,,,,,,,,,,,,,
2022,8,1168001,1.5032258064516129,1168001,brasileia,AC,30.609303668188332,,,,,,,,,,,,,,,,,,
2022,8,8050000,4.719354838709678,8050000,macapa,AP,0.5198503966419525,AP,0.0699507389162561,1010.2913793103448,1010.6327586206896,1010.034236453202,1723.0083743842365,29.52093596059113,22.73940886699508,30.10024630541872,28.69679802955665,23.46527093596059,22.079802955665023,72.73152709359606,65.06896551724138,68.1576354679803,98.0591133004926,5.622906403940887,2.2699507389162563
2022,8,8050001,0.17419354838709677,8050001,macapa,AP,0.5198503966419525,AP,0.0699507389162561,1010.2913793103448,1010.6327586206896,1010.034236453202,1723.0083743842365,29.52093596059113,22.73940886699508,30.10024630541872,28.69679802955665,23.46527093596059,22.079802955665023,72.73152709359606,65.06896551724138,68.1576354679803,98.0591133004926,5.622906403940887,2.2699507389162563
2022,8,8051010,9.90967741935484,8051010,macapa,AP,0.5198503966419525,AP,0.0699507389162561,1010.2913793103448,1010.6327586206896,1010.034236453202,1723.0083743842365,29.52093596059113,22.73940886699508,30.10024630541872,28.69679802955665,23.46527093596059,22.079802955665023,72.73152709359606,65.06896551724138,68.1576354679803,98.0591133004926,5.622906403940887,2.2699507389162563
2022,8,8051012,4.212903225806452,8051012,porto grande,AP,0.6120902881886987,AP,0.1568238213399503,1002.2903225806452,1002.6491315136476,1002.0307692307692,1528.3032258064516,28.35806451612903,22.691315136476423,29.19925558312655,27.285607940446653,23.39875930521092,21.96079404466501,77.77915632754342,68.848635235732,72.81141439205955,135.01736972704714,4.885359801488834,1.92605459057072
2022,8,8052000,2.7774193548387096,8052000,serra do navio,AP,0.171814621510481,,,,,,,,,,,,,,,,,,
2022,8,8150000,2.6903225806451614,8150000,tartarugalzinho,AP,0.164620781564558,,,,,,,,,,,,,,,,,,
2022,8,8150001,0.23548387096774193,8150001,tartarugalzinho,AP,0.164620781564558,,,,,,,,,,,,,,,,,,
2022,8,8151000,0.5064516129032258,8151000,tartarugalzinho,AP,0.164620781564558,,,,,,,,,,,,,,,,,,
2022,8,8250003,4.070967741935483,8250003,amapa,AP,0.0,,,,,,,,,,,,,,,,,,
2022,8,8251001,1.2935483870967743,8251001,calcoene,AP,1.7358017212281156,,,,,,,,,,,,,,,,,,
2022,8,8251003,28.585714285714285,8251003,calcoene,AP,1.7358017212281156,,,,,,,,,,,,,,,,,,
2022,8,8251004,2.3741935483870966,8251004,oiapoque,AP,1.6082344213113164,,,,,,,,,,,,,,,,,,
2022,8,8351002,0.0,8351002,oiapoque,AP,1.6082344213113164,,,,,,,,,,,,,,,,,,
2022,9,51002,0.9266666666666666,51002,mazagao,AP,2.683423221717192,,,,,,,,,,,,,,,,,,
2022,9,51004,0.3266666666666667,51004,mazagao,AP,2.683423221717192,,,,,,,,,,,,,,,,,,
2022,9,52003,1.8933333333333333,52003,mazagao,AP,2.683423221717192,,,,,,,,,,,,,,,,,,
2022,9,771001,3.533333333333333,771001,tarauaca,AC,112.72903821004864,,,,,,,,,,,,,,,,,,
2022,9,772003,2.783333333333333,772003,tarauaca,AC,112.72903821004864,,,,,,,,,,,,,,,,,,
2022,9,772004,1.9833333333333334,772004,cruzeiro do sul,AC,54.70516999571812,,,,,,,,,,,,,,,,,,
2022,9,773000,6.966666666666667,773000,cruzeiro do sul,AC,54.70516999571812,,,,,,,,,,,,,,,,,,
2022,9,773002,1.8300000000000003,773002,cruzeiro do sul,AC,54.70516999571812,,,,,,,,,,,,,,,,,,
2022,9,869000,1.3633333333333333,869000,manoel urbano,AC,88.29890639697923,,,,,,,,,,,,,,,,,,
2022,9,870001,10.333333333333334,870001,tarauaca,AC,112.72903821004864,,,,,,,,,,,,,,,,,,
2022,9,870002,0.182,870002,feijo,AC,193.22068437035264,,,,,,,,,,,,,,,,,,
2022,9,870003,1.2466666666666668,870003,feijo,AC,193.22068437035264,,,,,,,,,,,,,,,,,,
2022,9,872000,3.7133333333333334,872000,marechal thaumaturgo,AC,9.783353746729588,,,,,,,,,,,,,,,,,,
2022,9,872001,3.8633333333333337,872001,porto walter,AC,7.076897971354207,,,,,,,,,,,,,,,,,,
2022,9,967005,1.2366666666666666,967005,senador guiomard,AC,16.865520068943784,,,,,,,,,,,,,,,,,,
2022,9,968003,0.5,968003,sena madureira,AC,105.80428165337428,,,,,,,,,,,,,,,,,,
2022,9,968004,0.39333333333333337,968004,bujari,AC,37.21034201244903,,,,,,,,,,,,,,,,,,
2022,9,969001,0.5266666666666667,969001,sena madureira,AC,105.80428165337428,,,,,,,,,,,,,,,,,,
2022,9,972000,1.37,972000,marechal thaumaturgo,AC,9.783353746729588,,,,,,,,,,,,,,,,,,
2022,9,1067002,0.0,1067002,placido de castro,AC,5.973403217682634,,,,,,,,,,,,,,,,,,
2022,9,1067003,3.2633333333333336,1067003,capixaba,AC,31.97729971554715,,,,,,,,,,,,,,,,,,
2022,9,1068000,1.7533333333333334,1068000,xapuri,AC,77.13762752223575,,,,,,,,,,,,,,,,,,
2022,9,1069000,3.38,1069000,assis brasil,AC,8.464228214534161,,,,,,,,,,,,,,,,,,
2022,9,1168001,4.1033333333333335,1168001,brasileia,AC,30.609303668188332,,,,,,,,,,,,,,,,,,
2022,9,8050000,0.47,8050000,macapa,AP,0.5198503966419525,AP,0.04321608040201,1009.8301507537687,1010.1701005025126,1009.5557788944724,1882.877135678392,30.238190954773867,22.51809045226131,30.81306532663317,29.400251256281404,23.200502512562814,21.85829145728644,68.80150753768844,61.69597989949749,64.50502512562814,79.75879396984925,6.858542713567839,2.8874371859296484
2022,9,8050001,0.01,8050001,macapa,AP,0.5198503966419525,AP,0.04321608040201,1009.8301507537687,1010.1701005025126,1009.5557788944724,1882.877135678392,30.238190954773867,22.51809045226131,30.81306532663317,29.400251256281404,23.200502512562814,21.85829145728644,68.80150753768844,61.69597989949749,64.50502512562814,79.75879396984925,6.858542713567839,2.8874371859296484
2022,9,8051010,1.3800000000000001,8051010,macapa,AP,0.5198503966419525,AP,0.04321608040201,1009.8301507537687,1010.1701005025126,1009.5557788944724,1882.877135678392,30.238190954773867,22.51809045226131,30.81306532663317,29.400251256281404,23.200502512562814,21.85829145728644,68.80150753768844,61.69597989949749,64.50502512562814,79.75879396984925,6.858542713567839,2.8874371859296484
2022,9,8051012,2.4066666666666667,8051012,porto grande,AP,0.6120902881886987,AP,0.061025641025641,1001.7046153846154,1002.0735897435898,1001.441282051282,1666.2766666666666,29.79076923076923,21.847179487179485,30.702820512820512,28.622307692307693,22.62,21.11589743589744,69.73589743589744,60.746153846153845,64.45128205128205,107.1923076923077,5.870769230769231,2.377179487179488
2022,9,8052000,2.2333333333333334,8052000,serra do navio,AP,0.171814621510481,,,,,,,,,,,,,,,,,,
2022,9,8150000,0.19,8150000,tartarugalzinho,AP,0.164620781564558,,,,,,,,,,,,,,,,,,
2022,9,8150001,0.0,8150001,tartarugalzinho,AP,0.164620781564558,,,,,,,,,,,,,,,,,,
2022,9,8151000,0.10666666666666667,8151000,tartarugalzinho,AP,0.164620781564558,,,,,,,,,,,,,,,,,,
2022,9,8250002,0.49333333333333335,8250002,calcoene,AP,1.7358017212281156,,,,,,,,,,,,,,,,,,
2022,9,8250003,0.22,8250003,amapa,AP,0.0,,,,,,,,,,,,,,,,,,
2022,9,8251001,0.4,8251001,calcoene,AP,1.7358017212281156,,,,,,,,,,,,,,,,,,
2022,9,8251003,8.98,8251003,calcoene,AP,1.7358017212281156,,,,,,,,,,,,,,,,,,
2022,9,8251004,0.38999999999999996,8251004,oiapoque,AP,1.6082344213113164,,,,,,,,,,,,,,,,,,
2022,9,8351002,0.0,8351002,oiapoque,AP,1.6082344213113164,,,,,,,,,,,,,,,,,,
2022,10,51002,0.2806451612903226,51002,mazagao,AP,2.683423221717192,,,,,,,,,,,,,,,,,,
2022,10,51004,0.31935483870967746,51004,mazagao,AP,2.683423221717192,,,,,,,,,,,,,,,,,,
2022,10,52003,0.0,52003,mazagao,AP,2.683423221717192,,,,,,,,,,,,,,,,,,
2022,10,771001,5.258064516129032,771001,tarauaca,AC,112.72903821004864,,,,,,,,,,,,,,,,,,
2022,10,772003,6.503225806451613,772003,tarauaca,AC,112.72903821004864,,,,,,,,,,,,,,,,,,
2022,10,772004,7.941935483870968,772004,cruzeiro do sul,AC,54.70516999571812,,,,,,,,,,,,,,,,,,
2022,10,773000,3.2483870967741937,773000,cruzeiro do sul,AC,54.70516999571812,,,,,,,,,,,,,,,,,,
2022,10,773002,1.0,773002,cruzeiro do sul,AC,54.70516999571812,,,,,,,,,,,,,,,,,,
2022,10,869000,6.383870967741935,869000,manoel urbano,AC,88.29890639697923,,,,,,,,,,,,,,,,,,
2022,10,870001,2.148387096774193,870001,tarauaca,AC,112.72903821004864,,,,,,,,,,,,,,,,,,
2022,10,870002,5.0,870002,feijo,AC,193.22068437035264,,,,,,,,,,,,,,,,,,
2022,10,870003,4.409677419354838,870003,feijo,AC,193.22068437035264,,,,,,,,,,,,,,,,,,
2022,10,872000,7.119354838709677,872000,marechal thaumaturgo,AC,9.783353746729588,,,,,,,,,,,,,,,,,,
2022,10,872001,10.048387096774194,872001,porto walter,AC,7.076897971354207,,,,,,,,,,,,,,,,,,
2022,10,967005,5.229032258064516,967005,senador guiomard,AC,16.865520068943784,,,,,,,,,,,,,,,,,,
2022,10,968003,1.3709677419354838,968003,sena madureira,AC,105.80428165337428,,,,,,,,,,,,,,,,,,
2022,10,968004,6.090322580645162,968004,bujari,AC,37.21034201244903,,,,,,,,,,,,,,,,,,
2022,10,969001,9.600000000000001,969001,sena madureira,AC,105.80428165337428,,,,,,,,,,,,,,,,,,
2022,10,972000,2.7,972000,marechal thaumaturgo,AC,9.783353746729588,,,,,,,,,,,,,,,,,,
2022,10,1067002,8.151612903225805,1067002,placido de castro,AC,5.973403217682634,,,,,,,,,,,,,,,,,,
2022,10,1067003,6.232258064516128,1067003,capixaba,AC,31.97729971554715,,,,,,,,,,,,,,,,,,
2022,10,1068000,3.7225806451612904,1068000,xapuri,AC,77.13762752223575,,,,,,,,,,,,,,,,,,
2022,10,1069000,4.570967741935483,1069000,assis brasil,AC,8.464228214534161,,,,,,,,,,,,,,,,,,
2022,10,1168001,4.541935483870968,1168001,brasileia,AC,30.609303668188332,,,,,,,,,,,,,,,,,,
2022,10,8050000,0.4129032258064516,8050000,macapa,AP,0.5198503966419525,AP,0.0179551122194513,1008.6955112219453,1009.0613466334164,1008.413216957606,1861.765087281796,30.70947630922693,22.50997506234414,31.329675810473816,29.854862842892768,23.129675810473817,21.9142144638404,66.75810473815461,59.84788029925187,62.583541147132166,83.69576059850374,7.423690773067332,3.1798004987531168
2022,10,8050001,0.3290322580645161,8050001,macapa,AP,0.5198503966419525,AP,0.0179551122194513,1008.6955112219453,1009.0613466334164,1008.413216957606,1861.765087281796,30.70947630922693,22.50997506234414,31.329675810473816,29.854862842892768,23.129675810473817,21.9142144638404,66.75810473815461,59.84788029925187,62.583541147132166,83.69576059850374,7.423690773067332,3.1798004987531168
2022,10,8051010,0.5516129032258065,8051010,macapa,AP,0.5198503966419525,AP,0.0179551122194513,1008.6955112219453,1009.0613466334164,1008.413216957606,1861.765087281796,30.70947630922693,22.50997506234414,31.329675810473816,29.854862842892768,23.129675810473817,21.9142144638404,66.75810473815461,59.84788029925187,62.583541147132166,83.69576059850374,7.423690773067332,3.1798004987531168
2022,10,8051012,2.4000000000000004,8051012,porto grande,AP,0.6120902881886987,AP,0.0230576441102756,1000.5949874686718,1000.980701754386,1000.3020050125314,1642.90350877193,30.50250626566416,21.733834586466163,31.44611528822055,29.318045112781952,22.416040100250623,21.061654135338348,66.56140350877193,57.88471177944862,61.46115288220551,98.18796992481202,6.442105263157895,2.699749373433584
2022,10,8052000,4.325806451612903,8052000,serra do navio,AP,0.171814621510481,,,,,,,,,,,,,,,,,,
2022,10,8150000,1.0741935483870966,8150000,tartarugalzinho,AP,0.164620781564558,,,,,,,,,,,,,,,,,,
2022,10,8150001,0.5483870967741935,8150001,tartarugalzinho,AP,0.164620781564558,,,,,,,,,,,,,,,,,,
2022,10,8151000,0.14516129032258066,8151000,tartarugalzinho,AP,0.164620781564558,,,,,,,,,,,,,,,,,,
2022,10,8250002,0.6322580645161291,8250002,calcoene,AP,1.7358017212281156,,,,,,,,,,,,,,,,,,
2022,10,8250003,0.7645161290322581,8250003,amapa,AP,0.0,,,,,,,,,,,,,,,,,,
2022,10,8251001,2.1258064516129034,8251001,calcoene,AP,1.7358017212281156,,,,,,,,,,,,,,,,,,
2022,10,8251003,17.872,8251003,calcoene,AP,1.7358017212281156,,,,,,,,,,,,,,,,,,
2022,10,8251004,4.619354838709677,8251004,oiapoque,AP,1.6082344213113164,,,,,,,,,,,,,,,,,,
2022,10,8351002,0.041935483870967745,8351002,oiapoque,AP,1.6082344213113164,,,,,,,,,,,,,,,,,,
2022,11,51002,0.8466666666666666,51002,mazagao,AP,2.683423221717192,,,,,,,,,,,,,,,,,,
2022,11,51004,3.503333333333333,51004,mazagao,AP,2.683423221717192,,,,,,,,,,,,,,,,,,
2022,11,52003,7.646666666666666,52003,mazagao,AP,2.683423221717192,,,,,,,,,,,,,,,,,,
2022,11,771001,5.383333333333334,771001,tarauaca,AC,112.72903821004864,,,,,,,,,,,,,,,,,,
2022,11,772003,5.2,772003,tarauaca,AC,112.72903821004864,,,,,,,,,,,,,,,,,,
2022,11,772004,8.096666666666668,772004,cruzeiro do sul,AC,54.70516999571812,,,,,,,,,,,,,,,,,,
2022,11,773000,4.986666666666666,773000,cruzeiro do sul,AC,54.70516999571812,,,,,,,,,,,,,,,,,,
2022,11,773002,2.01,773002,cruzeiro do sul,AC,54.70516999571812,,,,,,,,,,,,,,,,,,
2022,11,869000,4.706666666666666,869000,manoel urbano,AC,88.29890639697923,,,,,,,,,,,,,,,,,,
2022,11,870001,1.2866666666666666,870001,tarauaca,AC,112.72903821004864,,,,,,,,,,,,,,,,,,
2022,11,870002,7.5,870002,feijo,AC,193.22068437035264,,,,,,,,,,,,,,,,,,
2022,11,870003,4.786666666666666,870003,feijo,AC,193.22068437035264,,,,,,,,,,,,,,,,,,
2022,11,872000,4.076666666666666,872000,marechal thaumaturgo,AC,9.783353746729588,,,,,,,,,,,,,,,,,,
2022,11,872001,5.4366666666666665,872001,porto walter,AC,7.076897971354207,,,,,,,,,,,,,,,,,,
2022,11,967005,3.8533333333333335,967005,senador guiomard,AC,16.865520068943784,,,,,,,,,,,,,,,,,,
2022,11,968003,1.9266666666666665,968003,sena madureira,AC,105.80428165337428,,,,,,,,,,,,,,,,,,
2022,11,968004,6.166666666666667,968004,bujari,AC,37.21034201244903,,,,,,,,,,,,,,,,,,
2022,11,969001,4.793333333333334,969001,sena madureira,AC,105.80428165337428,,,,,,,,,,,,,,,,,,
2022,11,972000,5.489999999999999,972000,marechal thaumaturgo,AC,9.783353746729588,,,,,,,,,,,,,,,,,,
2022,11,1067002,4.4766666666666675,1067002,placido de castro,AC,5.973403217682634,,,,,,,,,,,,,,,,,,
2022,11,1067003,11.520000000000001,1067003,capixaba,AC,31.97729971554715,,,,,,,,,,,,,,,,,,
2022,11,1068000,2.52,1068000,xapuri,AC,77.13762752223575,,,,,,,,,,,,,,,,,,
2022,11,1069000,6.433333333333334,1069000,assis brasil,AC,8.464228214534161,,,,,,,,,,,,,,,,,,
2022,11,1168001,4.306666666666667,1168001,brasileia,AC,30.609303668188332,,,,,,,,,,,,,,,,,,
2022,11,8050000,0.9299999999999999,8050000,macapa,AP,0.5198503966419525,AP,0.1052083333333333,1008.4864583333332,1008.8609375,1008.2091145833332,1696.75703125,29.63463541666667,22.584635416666668,30.2703125,28.750520833333336,23.28802083333333,21.86927083333333,71.6875,63.888020833333336,67.11979166666667,119.828125,6.106510416666667,2.4908854166666665
2022,11,8050001,4.38,8050001,macapa,AP,0.5198503966419525,AP,0.1052083333333333,1008.4864583333332,1008.8609375,1008.2091145833332,1696.75703125,29.63463541666667,22.584635416666668,30.2703125,28.750520833333336,23.28802083333333,21.86927083333333,71.6875,63.888020833333336,67.11979166666667,119.828125,6.106510416666667,2.4908854166666665
2022,11,8051010,8.373333333333333,8051010,macapa,AP,0.5198503966419525,AP,0.1052083333333333,1008.4864583333332,1008.8609375,1008.2091145833332,1696.75703125,29.63463541666667,22.584635416666668,30.2703125,28.750520833333336,23.28802083333333,21.86927083333333,71.6875,63.888020833333336,67.11979166666667,119.828125,6.106510416666667,2.4908854166666665
2022,11,8051012,1.8233333333333333,8051012,porto grande,AP,0.6120902881886987,AP,0.1295039164490861,1000.4890339425588,1000.870496083551,1000.1903394255876,1458.2798955613575,28.68198433420366,22.47441253263708,29.519582245430808,27.61514360313316,23.10182767624021,21.809138381201045,75.73368146214099,67.14099216710183,70.911227154047,142.8746736292428,5.372584856396866,2.212532637075718
2022,11,8052000,9.893333333333334,8052000,serra do navio,AP,0.171814621510481,,,,,,,,,,,,,,,,,,
2022,11,8150000,8.620000000000001,8150000,tartarugalzinho,AP,0.164620781564558,,,,,,,,,,,,,,,,,,
2022,11,8150001,3.0933333333333333,8150001,tartarugalzinho,AP,0.164620781564558,,,,,,,,,,,,,,,,,,
2022,11,8151000,4.233333333333333,8151000,tartarugalzinho,AP,0.164620781564558,,,,,,,,,,,,,,,,,,
2022,11,8250002,5.34,8250002,calcoene,AP,1.7358017212281156,,,,,,,,,,,,,,,,,,
2022,11,8250003,17.9,8250003,amapa,AP,0.0,,,,,,,,,,,,,,,,,,
2022,11,8251001,4.093333333333333,8251001,calcoene,AP,1.7358017212281156,,,,,,,,,,,,,,,,,,
2022,11,8251003,5.3999999999999995,8251003,calcoene,AP,1.7358017212281156,,,,,,,,,,,,,,,,,,
2022,11,8251004,5.756666666666666,8251004,oiapoque,AP,1.6082344213113164,,,,,,,,,,,,,,,,,,
2022,11,8351002,0.0,8351002,oiapoque,AP,1.6082344213113164,,,,,,,,,,,,,,,,,,
2022,12,51002,1.3806451612903226,51002,mazagao,AP,2.683423221717192,,,,,,,,,,,,,,,,,,
2022,12,51004,3.4193548387096775,51004,mazagao,AP,2.683423221717192,,,,,,,,,,,,,,,,,,
2022,12,52003,6.638709677419355,52003,mazagao,AP,2.683423221717192,,,,,,,,,,,,,,,,,,
2022,12,771001,10.696774193548388,771001,tarauaca,AC,112.72903821004864,,,,,,,,,,,,,,,,,,
2022,12,772003,4.712903225806452,772003,tarauaca,AC,112.72903821004864,,,,,,,,,,,,,,,,,,
2022,12,772004,17.612903225806452,772004,cruzeiro do sul,AC,54.70516999571812,,,,,,,,,,,,,,,,,,
2022,12,773000,2.42258064516129,773000,cruzeiro do sul,AC,54.70516999571812,,,,,,,,,,,,,,,,,,
2022,12,773002,0.8258064516129032,773002,cruzeiro do sul,AC,54.70516999571812,,,,,,,,,,,,,,,,,,
2022,12,869000,8.087096774193547,869000,manoel urbano,AC,88.29890639697923,,,,,,,,,,,,,,,,,,
2022,12,870001,1.7451612903225806,870001,tarauaca,AC,112.72903821004864,,,,,,,,,,,,,,,,,,
2022,12,870002,7.506451612903225,870002,feijo,AC,193.22068437035264,,,,,,,,,,,,,,,,,,
2022,12,870003,7.751612903225807,870003,feijo,AC,193.22068437035264,,,,,,,,,,,,,,,,,,
2022,12,872000,4.72516129032258,872000,marechal thaumaturgo,AC,9.783353746729588,,,,,,,,,,,,,,,,,,
2022,12,872001,4.254838709677419,872001,porto walter,AC,7.076897971354207,,,,,,,,,,,,,,,,,,
2022,12,967005,10.793548387096775,967005,senador guiomard,AC,16.865520068943784,,,,,,,,,,,,,,,,,,
2022,12,968003,1.7483870967741937,968003,sena madureira,AC,105.80428165337428,,,,,,,,,,,,,,,,,,
2022,12,968004,8.161290322580644,968004,bujari,AC,37.21034201244903,,,,,,,,,,,,,,,,,,
2022,12,969001,7.561538461538462,969001,sena madureira,AC,105.80428165337428,,,,,,,,,,,,,,,,,,
2022,12,972000,3.129032258064516,972000,marechal thaumaturgo,AC,9.783353746729588,,,,,,,,,,,,,,,,,,
2022,12,1067002,13.958064516129031,1067002,placido de castro,AC,5.973403217682634,,,,,,,,,,,,,,,,,,
2022,12,1067003,16.393548387096775,1067003,capixaba,AC,31.97729971554715,,,,,,,,,,,,,,,,,,
2022,12,1068000,7.112903225806452,1068000,xapuri,AC,77.13762752223575,,,,,,,,,,,,,,,,,,
2022,12,1069000,5.529032258064516,1069000,assis brasil,AC,8.464228214534161,,,,,,,,,,,,,,,,,,
2022,12,1168001,7.62258064516129,1168001,brasileia,AC,30.609303668188332,,,,,,,,,,,,,,,,,,
2022,12,8050000,2.458064516129032,8050000,macapa,AP,0.5198503966419525,AP,0.1568238213399503,1008.5935483870968,1008.9535980148884,1008.3104218362282,1419.5632754342432,28.158808933002483,22.83647642679901,28.782133995037224,27.37617866004963,23.47196029776676,22.23870967741936,78.08684863523573,70.77667493796525,73.97766749379653,113.3002481389578,5.9526054590570725,2.292059553349876
2022,12,8050001,10.98709677419355,8050001,macapa,AP,0.5198503966419525,AP,0.1568238213399503,1008.5935483870968,1008.9535980148884,1008.3104218362282,1419.5632754342432,28.158808933002483,22.83647642679901,28.782133995037224,27.37617866004963,23.47196029776676,22.23870967741936,78.08684863523573,70.77667493796525,73.97766749379653,113.3002481389578,5.9526054590570725,2.292059553349876
2022,12,8051010,16.283870967741937,8051010,macapa,AP,0.5198503966419525,AP,0.1568238213399503,1008.5935483870968,1008.9535980148884,1008.3104218362282,1419.5632754342432,28.158808933002483,22.83647642679901,28.782133995037224,27.37617866004963,23.47196029776676,22.23870967741936,78.08684863523573,70.77667493796525,73.97766749379653,113.3002481389578,5.9526054590570725,2.292059553349876
2022,12,8051012,3.9516129032258065,8051012,porto grande,AP,0.6120902881886987,AP,0.6780246913580248,1000.657037037037,1001.0229629629628,1000.3582716049382,1189.0345679012346,26.90172839506173,22.904444444444444,27.68641975308642,25.9679012345679,23.46617283950617,22.26888888888889,84.08395061728395,76.15061728395062,80.00987654320987,138.2641975308642,5.02395061728395,1.997037037037037
2022,12,8052000,7.287096774193548,8052000,serra do navio,AP,0.171814621510481,,,,,,,,,,,,,,,,,,
2022,12,8150000,11.683870967741935,8150000,tartarugalzinho,AP,0.164620781564558,,,,,,,,,,,,,,,,,,
2022,12,8150001,16.60967741935484,8150001,tartarugalzinho,AP,0.164620781564558,,,,,,,,,,,,,,,,,,
2022,12,8151000,4.054838709677419,8151000,tartarugalzinho,AP,0.164620781564558,,,,,,,,,,,,,,,,,,
2022,12,8250002,14.53225806451613,8250002,calcoene,AP,1.7358017212281156,,,,,,,,,,,,,,,,,,
2022,12,8250003,19.567741935483873,8250003,amapa,AP,0.0,,,,,,,,,,,,,,,,,,
2022,12,8251001,5.996774193548387,8251001,calcoene,AP,1.7358017212281156,,,,,,,,,,,,,,,,,,
2022,12,8251003,23.557692307692307,8251003,calcoene,AP,1.7358017212281156,,,,,,,,,,,,,,,,,,
2022,12,8251004,15.346666666666668,8251004,oiapoque,AP,1.6082344213113164,,,,,,,,,,,,,,,,,,
2022,12,8351002,4.141935483870968,8351002,oiapoque,AP,1.6082344213113164,,,,,,,,,,,,,,,,,,
2023,1,51002,3.6516129032258067,51002,mazagao,AP,3.6271355204149938,,,,,,,,,,,,,,,,,,
2023,1,51004,6.629032258064516,51004,mazagao,AP,3.6271355204149938,,,,,,,,,,,,,,,,,,
2023,1,52003,11.277419354838708,52003,mazagao,AP,3.6271355204149938,,,,,,,,,,,,,,,,,,
2023,1,771001,9.290322580645162,771001,tarauaca,AC,48.37720277187904,,,,,,,,,,,,,,,,,,
2023,1,772003,9.570967741935483,772003,tarauaca,AC,48.37720277187904,,,,,,,,,,,,,,,,,,
2023,1,772004,8.493548387096775,772004,cruzeiro do sul,AC,28.062517722786577,,,,,,,,,,,,,,,,,,
2023,1,773000,11.27741935483871,773000,cruzeiro do sul,AC,28.062517722786577,,,,,,,,,,,,,,,,,,
2023,1,773002,2.061290322580645,773002,cruzeiro do sul,AC,28.062517722786577,,,,,,,,,,,,,,,,,,
2023,1,869000,7.767741935483871,869000,manoel urbano,AC,30.42843266636413,,,,,,,,,,,,,,,,,,
2023,1,870001,2.616129032258064,870001,tarauaca,AC,48.37720277187904,,,,,,,,,,,,,,,,,,
2023,1,870002,18.335483870967742,870002,feijo,AC,62.86281044270762,,,,,,,,,,,,,,,,,,
2023,1,870003,6.783870967741936,870003,feijo,AC,62.86281044270762,,,,,,,,,,,,,,,,,,
2023,1,872000,26.429032258064513,872000,marechal thaumaturgo,AC,10.833011139250688,,,,,,,,,,,,,,,,,,
2023,1,872001,13.5,872001,porto walter,AC,10.565053257018937,,,,,,,,,,,,,,,,,,
2023,1,967005,7.870967741935484,967005,senador guiomard,AC,6.231865809073919,,,,,,,,,,,,,,,,,,
2023,1,968003,2.2580645161290325,968003,sena madureira,AC,53.04724033157452,,,,,,,,,,,,,,,,,,
2023,1,968004,10.129032258064516,968004,bujari,AC,15.990267940224838,,,,,,,,,,,,,,,,,,
2023,1,968005,8.122580645161289,968005,sena madureira,AC,53.04724033157452,,,,,,,,,,,,,,,,,,
2023,1,969001,15.185714285714285,969001,sena madureira,AC,53.04724033157452,,,,,,,,,,,,,,,,,,
2023,1,972000,9.341935483870968,972000,marechal thaumaturgo,AC,10.833011139250688,,,,,,,,,,,,,,,,,,
2023,1,1067002,0.7419354838709677,1067002,placido de castro,AC,3.1380724567075866,,,,,,,,,,,,,,,,,,
2023,1,1067003,7.393548387096775,1067003,capixaba,AC,12.048030554317355,,,,,,,,,,,,,,,,,,
2023,1,1068000,4.809677419354839,1068000,xapuri,AC,25.813809023416287,,,,,,,,,,,,,,,,,,
2023,1,1069000,2.5806451612903225,1069000,assis brasil,AC,7.38167391120742,,,,,,,,,,,,,,,,,,
2023,1,1168001,10.848387096774195,1168001,brasileia,AC,22.513555836276957,,,,,,,,,,,,,,,,,,
2023,1,8050000,6.051612903225807,8050000,macapa,AP,1.4726494356179969,AP,0.3066666666666667,1009.7775308641976,1010.1538271604938,1009.4772839506172,1294.3187654320986,27.34716049382716,22.882469135802467,27.932592592592595,26.61185185185185,23.483950617283952,22.29555555555556,81.65432098765432,74.720987654321,77.7432098765432,119.67407407407408,5.57604938271605,2.066172839506173
2023,1,8050001,6.867741935483871,8050001,macapa,AP,1.4726494356179969,AP,0.3066666666666667,1009.7775308641976,1010.1538271604938,1009.4772839506172,1294.3187654320986,27.34716049382716,22.882469135802467,27.932592592592595,26.61185185185185,23.483950617283952,22.29555555555556,81.65432098765432,74.720987654321,77.7432098765432,119.67407407407408,5.57604938271605,2.066172839506173
2023,1,8051010,18.551612903225806,8051010,macapa,AP,1.4726494356179969,AP,0.3066666666666667,1009.7775308641976,1010.1538271604938,1009.4772839506172,1294.3187654320986,27.34716049382716,22.882469135802467,27.932592592592595,26.61185185185185,23.483950617283952,22.29555555555556,81.65432098765432,74.720987654321,77.7432098765432,119.67407407407408,5.57604938271605,2.066172839506173
2023,1,8051012,6.261290322580645,8051012,porto grande,AP,1.186032146934382,AP,0.545409429280397,1001.8344913151363,1002.2126550868488,1001.5200992555832,1171.6987593052108,26.26625310173697,22.688337468982628,26.98610421836228,25.42456575682382,23.244665012406948,22.115632754342432,85.56575682382135,78.43672456575682,81.82630272952854,161.6029776674938,5.250124069478908,2.0647642679900744
2023,1,8052000,8.687096774193549,8052000,serra do navio,AP,0.1942712878315456,,,,,,,,,,,,,,,,,,
2023,1,8150000,6.17741935483871,8150000,tartarugalzinho,AP,1.8448719359427197,,,,,,,,,,,,,,,,,,
2023,1,8150001,17.370967741935484,8150001,tartarugalzinho,AP,1.8448719359427197,,,,,,,,,,,,,,,,,,
2023,1,8151000,5.016129032258065,8151000,tartarugalzinho,AP,1.8448719359427197,,,,,,,,,,,,,,,,,,
2023,1,8250002,23.95862068965517,8250002,calcoene,AP,2.10571145783037,,,,,,,,,,,,,,,,,,
2023,1,8250003,12.5,8250003,amapa,AP,0.0,,,,,,,,,,,,,,,,,,
2023,1,8251001,9.593548387096773,8251001,calcoene,AP,2.10571145783037,,,,,,,,,,,,,,,,,,
2023,1,8251003,31.68095238095238,8251003,calcoene,AP,2.10571145783037,,,,,,,,,,,,,,,,,,
2023,1,8251004,16.486666666666668,8251004,oiapoque,AP,0.7701139155257662,,,,,,,,,,,,,,,,,,
2023,1,8351002,13.1,8351002,oiapoque,AP,0.7701139155257662,,,,,,,,,,,,,,,,,,
2023,2,51002,3.475,51002,mazagao,AP,3.6271355204149938,,,,,,,,,,,,,,,,,,
2023,2,51004,6.682142857142857,51004,mazagao,AP,3.6271355204149938,,,,,,,,,,,,,,,,,,
2023,2,52003,8.52142857142857,52003,mazagao,AP,3.6271355204149938,,,,,,,,,,,,,,,,,,
2023,2,771001,10.164285714285715,771001,tarauaca,AC,48.37720277187904,,,,,,,,,,,,,,,,,,
2023,2,772003,12.985714285714284,772003,tarauaca,AC,48.37720277187904,,,,,,,,,,,,,,,,,,
2023,2,772004,13.764285714285716,772004,cruzeiro do sul,AC,28.062517722786577,,,,,,,,,,,,,,,,,,
2023,2,773000,4.939285714285715,773000,cruzeiro do sul,AC,28.062517722786577,,,,,,,,,,,,,,,,,,
2023,2,773002,7.7178571428571425,773002,cruzeiro do sul,AC,28.062517722786577,,,,,,,,,,,,,,,,,,
2023,2,869000,7.167857142857143,869000,manoel urbano,AC,30.42843266636413,,,,,,,,,,,,,,,,,,
2023,2,870001,14.785714285714286,870001,tarauaca,AC,48.37720277187904,,,,,,,,,,,,,,,,,,
2023,2,870002,13.346428571428572,870002,feijo,AC,62.86281044270762,,,,,,,,,,,,,,,,,,
2023,2,870003,5.675,870003,feijo,AC,62.86281044270762,,,,,,,,,,,,,,,,,,
2023,2,872000,4.1571428571428575,872000,marechal thaumaturgo,AC,10.833011139250688,,,,,,,,,,,,,,,,,,
2023,2,872001,7.525,872001,porto walter,AC,10.565053257018937,,,,,,,,,,,,,,,,,,
2023,2,967005,10.839285714285714,967005,senador guiomard,AC,6.231865809073919,,,,,,,,,,,,,,,,,,
2023,2,968003,2.6607142857142856,968003,sena madureira,AC,53.04724033157452,,,,,,,,,,,,,,,,,,
2023,2,968004,11.839285714285714,968004,bujari,AC,15.990267940224838,,,,,,,,,,,,,,,,,,
2023,2,968005,5.333214285714286,968005,sena madureira,AC,53.04724033157452,,,,,,,,,,,,,,,,,,
2023,2,969001,18.25,969001,sena madureira,AC,53.04724033157452,,,,,,,,,,,,,,,,,,
2023,2,972000,8.499999999999998,972000,marechal thaumaturgo,AC,10.833011139250688,,,,,,,,,,,,,,,,,,
2023,2,1067002,36.892307692307696,1067002,placido de castro,AC,3.1380724567075866,,,,,,,,,,,,,,,,,,
2023,2,1067003,11.5,1067003,capixaba,AC,12.048030554317355,,,,,,,,,,,,,,,,,,
2023,2,1068000,7.846428571428571,1068000,xapuri,AC,25.813809023416287,,,,,,,,,,,,,,,,,,
2023,2,1069000,11.296428571428573,1069000,assis brasil,AC,7.38167391120742,,,,,,,,,,,,,,,,,,
2023,2,1168001,7.607142857142857,1168001,brasileia,AC,22.513555836276957,,,,,,,,,,,,,,,,,,
2023,2,8050000,15.799999999999999,8050000,macapa,AP,1.4726494356179969,AP,0.4708791208791208,1009.6796703296704,1010.0554945054944,1009.3678571428572,1210.8065934065933,26.957417582417584,23.10686813186813,27.47472527472528,26.30082417582417,23.68653846153846,22.589285714285715,84.07142857142857,77.78846153846153,80.53846153846153,118.989010989011,5.331318681318681,1.9684065934065933
2023,2,8050001,20.857142857142858,8050001,macapa,AP,1.4726494356179969,AP,0.4708791208791208,1009.6796703296704,1010.0554945054944,1009.3678571428572,1210.8065934065933,26.957417582417584,23.10686813186813,27.47472527472528,26.30082417582417,23.68653846153846,22.589285714285715,84.07142857142857,77.78846153846153,80.53846153846153,118.989010989011,5.331318681318681,1.9684065934065933
2023,2,8051010,24.364285714285717,8051010,macapa,AP,1.4726494356179969,AP,0.4708791208791208,1009.6796703296704,1010.0554945054944,1009.3678571428572,1210.8065934065933,26.957417582417584,23.10686813186813,27.47472527472528,26.30082417582417,23.68653846153846,22.589285714285715,84.07142857142857,77.78846153846153,80.53846153846153,118.989010989011,5.331318681318681,1.9684065934065933
2023,2,8051012,5.557142857142857,8051012,porto grande,AP,1.186032146934382,AP,0.7923076923076923,1001.74010989011,1002.1096153846156,1001.4230769230768,1031.487087912088,25.727197802197804,23.057967032967035,26.40521978021978,24.962362637362634,23.590934065934068,22.56950549450549,89.30494505494505,82.83241758241758,85.94505494505495,139.51098901098902,4.997802197802198,1.977472527472528
2023,2,8052000,16.15,8052000,serra do navio,AP,0.1942712878315456,,,,,,,,,,,,,,,,,,
2023,2,8150000,18.394444444444446,8150000,tartarugalzinho,AP,1.8448719359427197,,,,,,,,,,,,,,,,,,
2023,2,8150001,35.39,8150001,tartarugalzinho,AP,1.8448719359427197,,,,,,,,,,,,,,,,,,
2023,2,8151000,8.275,8151000,tartarugalzinho,AP,1.8448719359427197,,,,,,,,,,,,,,,,,,
2023,2,8250002,17.157142857142855,8250002,calcoene,AP,2.10571145783037,,,,,,,,,,,,,,,,,,
2023,2,8250003,23.807142857142857,8250003,amapa,AP,0.0,,,,,,,,,,,,,,,,,,
2023,2,8251001,10.267857142857142,8251001,calcoene,AP,2.10571145783037,,,,,,,,,,,,,,,,,,
2023,2,8251003,54.8235294117647,8251003,calcoene,AP,2.10571145783037,,,,,,,,,,,,,,,,,,
2023,2,8251004,24.085714285714285,8251004,oiapoque,AP,0.7701139155257662,,,,,,,,,,,,,,,,,,
2023,2,8351002,25.823076923076922,8351002,oiapoque,AP,0.7701139155257662,,,,,,,,,,,,,,,,,,
2023,3,51002,3.1838709677419357,51002,mazagao,AP,3.6271355204149938,,,,,,,,,,,,,,,,,,
2023,3,51004,4.584,51004,mazagao,AP,3.6271355204149938,,,,,,,,,,,,,,,,,,
2023,3,52003,8.658064516129032,52003,mazagao,AP,3.6271355204149938,,,,,,,,,,,,,,,,,,
2023,3,771001,7.300000000000001,771001,tarauaca,AC,48.37720277187904,,,,,,,,,,,,,,,,,,
2023,3,772003,7.612903225806452,772003,tarauaca,AC,48.37720277187904,,,,,,,,,,,,,,,,,,
2023,3,772004,7.961290322580646,772004,cruzeiro do sul,AC,28.062517722786577,,,,,,,,,,,,,,,,,,
2023,3,773000,8.119354838709677,773000,cruzeiro do sul,AC,28.062517722786577,,,,,,,,,,,,,,,,,,
2023,3,773002,3.8290322580645157,773002,cruzeiro do sul,AC,28.062517722786577,,,,,,,,,,,,,,,,,,
2023,3,869000,8.464516129032258,869000,manoel urbano,AC,30.42843266636413,,,,,,,,,,,,,,,,,,
2023,3,870001,21.838709677419356,870001,tarauaca,AC,48.37720277187904,,,,,,,,,,,,,,,,,,
2023,3,870002,2.3548387096774195,870002,feijo,AC,62.86281044270762,,,,,,,,,,,,,,,,,,
2023,3,870003,7.803225806451613,870003,feijo,AC,62.86281044270762,,,,,,,,,,,,,,,,,,
2023,3,872000,10.458064516129031,872000,marechal thaumaturgo,AC,10.833011139250688,,,,,,,,,,,,,,,,,,
2023,3,872001,16.73548387096774,872001,porto walter,AC,10.565053257018937,,,,,,,,,,,,,,,,,,
2023,3,967005,9.993548387096775,967005,senador guiomard,AC,6.231865809073919,,,,,,,,,,,,,,,,,,
2023,3,968003,2.6806451612903226,968003,sena madureira,AC,53.04724033157452,,,,,,,,,,,,,,,,,,
2023,3,968004,15.016129032258064,968004,bujari,AC,15.990267940224838,,,,,,,,,,,,,,,,,,
2023,3,968005,7.886206896551725,968005,sena madureira,AC,53.04724033157452,,,,,,,,,,,,,,,,,,
2023,3,969001,17.004,969001,sena madureira,AC,53.04724033157452,,,,,,,,,,,,,,,,,,
2023,3,972000,11.07258064516129,972000,marechal thaumaturgo,AC,10.833011139250688,,,,,,,,,,,,,,,,,,
2023,3,1067002,9.196774193548388,1067002,placido de castro,AC,3.1380724567075866,,,,,,,,,,,,,,,,,,
2023,3,1067003,13.27741935483871,1067003,capixaba,AC,12.048030554317355,,,,,,,,,,,,,,,,,,
2023,3,1068000,8.135483870967741,1068000,xapuri,AC,25.813809023416287,,,,,,,,,,,,,,,,,,
2023,3,1069000,,1069000,assis brasil,AC,7.38167391120742,,,,,,,,,,,,,,,,,,
2023,3,1168001,7.229032258064516,1168001,brasileia,AC,22.513555836276957,,,,,,,,,,,,,,,,,,
2023,3,8050000,10.603225806451613,8050000,macapa,AP,1.4726494356179969,AP,0.4866336633663366,1009.9668316831684,1010.3376237623764,1009.659405940594,1174.7913366336634,27.196287128712868,23.109653465346533,27.817821782178218,26.470544554455447,23.684900990099013,22.59381188118812,83.13861386138613,76.03960396039604,79.3069306930693,118.9059405940594,5.723267326732673,1.9985148514851483
2023,3,8050001,18.219354838709677,8050001,macapa,AP,1.4726494356179969,AP,0.4866336633663366,1009.9668316831684,1010.3376237623764,1009.659405940594,1174.7913366336634,27.196287128712868,23.109653465346533,27.817821782178218,26.470544554455447,23.684900990099013,22.59381188118812,83.13861386138613,76.03960396039604,79.3069306930693,118.9059405940594,5.723267326732673,1.9985148514851483
2023,3,8051010,23.796774193548387,8051010,macapa,AP,1.4726494356179969,AP,0.4866336633663366,1009.9668316831684,1010.3376237623764,1009.659405940594,1174.7913366336634,27.196287128712868,23.109653465346533,27.817821782178218,26.470544554455447,23.684900990099013,22.59381188118812,83.13861386138613,76.03960396039604,79.3069306930693,118.9059405940594,5.723267326732673,1.9985148514851483
2023,3,8051012,8.887096774193548,8051012,porto grande,AP,1.186032146934382,AP,0.5160493827160494,1002.0486419753088,1002.421975308642,1001.7365432098763,1146.4501234567902,26.26617283950617,22.88864197530864,27.0,25.45555555555556,23.43283950617284,22.36617283950617,86.26666666666667,79.2641975308642,82.65185185185184,131.03456790123457,5.47358024691358,2.16641975308642
2023,3,8052000,7.877419354838709,8052000,serra do navio,AP,0.1942712878315456,,,,,,,,,,,,,,,,,,
2023,3,8150000,19.23225806451613,8150000,tartarugalzinho,AP,1.8448719359427197,,,,,,,,,,,,,,,,,,
2023,3,8150001,12.229032258064517,8150001,tartarugalzinho,AP,1.8448719359427197,,,,,,,,,,,,,,,,,,
2023,3,8151000,10.070967741935483,8151000,tartarugalzinho,AP,1.8448719359427197,,,,,,,,,,,,,,,,,,
2023,3,8250002,11.52258064516129,8250002,calcoene,AP,2.10571145783037,,,,,,,,,,,,,,,,,,
2023,3,8250003,17.051612903225806,8250003,amapa,AP,0.0,,,,,,,,,,,,,,,,,,
2023,3,8251001,7.17741935483871,8251001,calcoene,AP,2.10571145783037,,,,,,,,,,,,,,,,,,
2023,3,8251003,7.382758620689655,8251003,calcoene,AP,2.10571145783037,,,,,,,,,,,,,,,,,,
2023,3,8251004,8.448387096774193,8251004,oiapoque,AP,0.7701139155257662,,,,,,,,,,,,,,,,,,
2023,3,8351002,6.819354838709677,8351002,oiapoque,AP,0.7701139155257662,,,,,,,,,,,,,,,,,,
2023,4,51002,0.8933333333333332,51002,mazagao,AP,3.6271355204149938,,,,,,,,,,,,,,,,,,
2023,4,51004,5.95,51004,mazagao,AP,3.6271355204149938,,,,,,,,,,,,,,,,,,
2023,4,52003,13.946666666666665,52003,mazagao,AP,3.6271355204149938,,,,,,,,,,,,,,,,,,
2023,4,771001,9.5,771001,tarauaca,AC,48.37720277187904,,,,,,,,,,,,,,,,,,
2023,4,772003,14.016666666666667,772003,tarauaca,AC,48.37720277187904,,,,,,,,,,,,,,,,,,
2023,4,772004,8.693333333333333,772004,cruzeiro do sul,AC,28.062517722786577,,,,,,,,,,,,,,,,,,
2023,4,773000,11.7,773000,cruzeiro do sul,AC,28.062517722786577,,,,,,,,,,,,,,,,,,
2023,4,773002,7.586666666666667,773002,cruzeiro do sul,AC,28.062517722786577,,,,,,,,,,,,,,,,,,
2023,4,869000,9.05,869000,manoel urbano,AC,30.42843266636413,,,,,,,,,,,,,,,,,,
2023,4,872000,8.616666666666667,872000,marechal thaumaturgo,AC,10.833011139250688,,,,,,,,,,,,,,,,,,
2023,4,872001,18.03666666666667,872001,porto walter,AC,10.565053257018937,,,,,,,,,,,,,,,,,,
2023,4,967005,3.5366666666666666,967005,senador guiomard,AC,6.231865809073919,,,,,,,,,,,,,,,,,,
2023,4,968003,2.1666666666666665,968003,sena madureira,AC,53.04724033157452,,,,,,,,,,,,,,,,,,
2023,4,968004,6.0,968004,bujari,AC,15.990267940224838,,,,,,,,,,,,,,,,,,
2023,4,968005,9.886666666666667,968005,sena madureira,AC,53.04724033157452,,,,,,,,,,,,,,,,,,
2023,4,972000,8.443333333333333,972000,marechal thaumaturgo,AC,10.833011139250688,,,,,,,,,,,,,,,,,,
2023,4,1067002,2.6866666666666665,1067002,placido de castro,AC,3.1380724567075866,,,,,,,,,,,,,,,,,,
2023,4,1067003,3.2,1067003,capixaba,AC,12.048030554317355,,,,,,,,,,,,,,,,,,
2023,4,1068000,0.36666666666666664,1068000,xapuri,AC,25.813809023416287,,,,,,,,,,,,,,,,,,
2023,4,1069000,1.1833333333333333,1069000,assis brasil,AC,7.38167391120742,,,,,,,,,,,,,,,,,,
2023,4,1168001,1.5166666666666666,1168001,brasileia,AC,22.513555836276957,,,,,,,,,,,,,,,,,,
2023,4,8050000,11.296666666666669,8050000,macapa,AP,1.4726494356179969,AP,0.4977099236641221,1009.1615776081424,1009.5498727735368,1008.8541984732824,1336.8860050890585,28.07404580152672,23.24452926208652,28.68727735368957,27.3234096692112,23.902544529262087,22.6323155216285,80.23664122137404,72.82697201017811,76.13486005089058,136.53180661577608,5.241730279898219,1.9753180661577607
2023,4,8050001,15.586666666666666,8050001,macapa,AP,1.4726494356179969,AP,0.4977099236641221,1009.1615776081424,1009.5498727735368,1008.8541984732824,1336.8860050890585,28.07404580152672,23.24452926208652,28.68727735368957,27.3234096692112,23.902544529262087,22.6323155216285,80.23664122137404,72.82697201017811,76.13486005089058,136.53180661577608,5.241730279898219,1.9753180661577607
2023,4,8051010,18.5,8051010,macapa,AP,1.4726494356179969,AP,0.4977099236641221,1009.1615776081424,1009.5498727735368,1008.8541984732824,1336.8860050890585,28.07404580152672,23.24452926208652,28.68727735368957,27.3234096692112,23.902544529262087,22.6323155216285,80.23664122137404,72.82697201017811,76.13486005089058,136.53180661577608,5.241730279898219,1.9753180661577607
2023,4,8051012,6.593333333333334,8051012,porto grande,AP,1.186032146934382,AP,0.6071794871794872,1001.2192307692308,1001.6153846153846,1000.9089743589744,1240.8510256410257,27.01230769230769,23.24205128205128,27.7274358974359,26.165641025641023,23.794615384615383,22.673076923076923,84.6948717948718,77.41794871794872,80.85641025641026,155.05897435897435,4.9192307692307695,1.9638461538461536
2023,4,8052000,4.930000000000001,8052000,serra do navio,AP,0.1942712878315456,,,,,,,,,,,,,,,,,,
2023,4,8150000,15.113333333333333,8150000,tartarugalzinho,AP,1.8448719359427197,,,,,,,,,,,,,,,,,,
2023,4,8150001,10.013333333333332,8150001,tartarugalzinho,AP,1.8448719359427197,,,,,,,,,,,,,,,,,,
2023,4,8151000,12.213333333333333,8151000,tartarugalzinho,AP,1.8448719359427197,,,,,,,,,,,,,,,,,,
2023,4,8250002,17.15666666666667,8250002,calcoene,AP,2.10571145783037,,,,,,,,,,,,,,,,,,
2023,4,8250003,16.82,8250003,amapa,AP,0.0,,,,,,,,,,,,,,,,,,
2023,4,8251001,7.543333333333334,8251001,calcoene,AP,2.10571145783037,,,,,,,,,,,,,,,,,,
2023,4,8251003,37.270370370370365,8251003,calcoene,AP,2.10571145783037,,,,,,,,,,,,,,,,,,
2023,4,8251004,15.613333333333333,8251004,oiapoque,AP,0.7701139155257662,,,,,,,,,,,,,,,,,,
2023,4,8351002,8.97,8351002,oiapoque,AP,0.7701139155257662,,,,,,,,,,,,,,,,,,
2023,5,51002,0.2709677419354839,51002,mazagao,AP,3.6271355204149938,,,,,,,,,,,,,,,,,,
2023,5,51004,5.829032258064516,51004,mazagao,AP,3.6271355204149938,,,,,,,,,,,,,,,,,,
2023,5,52003,15.586666666666668,52003,mazagao,AP,3.6271355204149938,,,,,,,,,,,,,,,,,,
2023,5,771001,4.451612903225806,771001,tarauaca,AC,48.37720277187904,,,,,,,,,,,,,,,,,,
2023,5,772003,5.7545161290322575,772003,tarauaca,AC,48.37720277187904,,,,,,,,,,,,,,,,,,
2023,5,772004,3.9806451612903224,772004,cruzeiro do sul,AC,28.062517722786577,,,,,,,,,,,,,,,,,,
2023,5,773000,4.554838709677419,773000,cruzeiro do sul,AC,28.062517722786577,,,,,,,,,,,,,,,,,,
2023,5,773002,2.103225806451613,773002,cruzeiro do sul,AC,28.062517722786577,,,,,,,,,,,,,,,,,,
2023,5,869000,5.961290322580646,869000,manoel urbano,AC,30.42843266636413,,,,,,,,,,,,,,,,,,
2023,5,872000,0.30483870967741933,872000,marechal thaumaturgo,AC,10.833011139250688,,,,,,,,,,,,,,,,,,
2023,5,872001,7.858064516129032,872001,porto walter,AC,10.565053257018937,,,,,,,,,,,,,,,,,,
2023,5,967005,3.1225806451612903,967005,senador guiomard,AC,6.231865809073919,,,,,,,,,,,,,,,,,,
2023,5,968003,2.138709677419355,968003,sena madureira,AC,53.04724033157452,,,,,,,,,,,,,,,,,,
2023,5,968004,2.7161290322580647,968004,bujari,AC,15.990267940224838,,,,,,,,,,,,,,,,,,
2023,5,968005,3.5387096774193547,968005,sena madureira,AC,53.04724033157452,,,,,,,,,,,,,,,,,,
2023,5,972000,3.3225806451612905,972000,marechal thaumaturgo,AC,10.833011139250688,,,,,,,,,,,,,,,,,,
2023,5,1067002,0.0,1067002,placido de castro,AC,3.1380724567075866,,,,,,,,,,,,,,,,,,
2023,5,1067003,1.6,1067003,capixaba,AC,12.048030554317355,,,,,,,,,,,,,,,,,,
2023,5,1068000,1.7935483870967743,1068000,xapuri,AC,25.813809023416287,,,,,,,,,,,,,,,,,,
2023,5,1069000,0.9806451612903225,1069000,assis brasil,AC,7.38167391120742,,,,,,,,,,,,,,,,,,
2023,5,1168001,4.564516129032258,1168001,brasileia,AC,22.513555836276957,,,,,,,,,,,,,,,,,,
2023,5,8050000,12.245161290322581,8050000,macapa,AP,1.4726494356179969,AP,0.407,1009.988,1010.3575,1009.68575,1276.14275,28.429250000000003,24.049,29.00525,27.7465,24.6165,23.4575,81.78,75.0,78.1575,119.3575,5.1275,1.96025
2023,5,8050001,14.938709677419356,8050001,macapa,AP,1.4726494356179969,AP,0.407,1009.988,1010.3575,1009.68575,1276.14275,28.429250000000003,24.049,29.00525,27.7465,24.6165,23.4575,81.78,75.0,78.1575,119.3575,5.1275,1.96025
2023,5,8051010,18.048387096774192,8051010,macapa,AP,1.4726494356179969,AP,0.407,1009.988,1010.3575,1009.68575,1276.14275,28.429250000000003,24.049,29.00525,27.7465,24.6165,23.4575,81.78,75.0,78.1575,119.3575,5.1275,1.96025
2023,5,8051012,7.948387096774193,8051012,porto grande,AP,1.186032146934382,AP,0.5432098765432098,1002.0441975308644,1002.4165432098764,1001.740987654321,1198.7913580246914,27.404938271604937,23.83604938271605,28.177283950617284,26.52716049382716,24.392345679012344,23.26271604938272,85.9753086419753,78.4074074074074,82.02222222222223,133.77777777777777,4.699012345679012,1.83679012345679
2023,5,8052000,8.283870967741937,8052000,serra do navio,AP,0.1942712878315456,,,,,,,,,,,,,,,,,,
2023,5,8150000,9.974193548387097,8150000,tartarugalzinho,AP,1.8448719359427197,,,,,,,,,,,,,,,,,,
2023,5,8150001,12.725806451612904,8150001,tartarugalzinho,AP,1.8448719359427197,,,,,,,,,,,,,,,,,,
2023,5,8151000,10.412903225806453,8151000,tartarugalzinho,AP,1.8448719359427197,,,,,,,,,,,,,,,,,,
2023,5,8250002,11.106451612903227,8250002,calcoene,AP,2.10571145783037,,,,,,,,,,,,,,,,,,
2023,5,8250003,16.770967741935483,8250003,amapa,AP,0.0,,,,,,,,,,,,,,,,,,
2023,5,8251001,8.296774193548387,8251001,calcoene,AP,2.10571145783037,,,,,,,,,,,,,,,,,,
2023,5,8251003,9.970967741935485,8251003,calcoene,AP,2.10571145783037,,,,,,,,,,,,,,,,,,
2023,5,8251004,19.06451612903226,8251004,oiapoque,AP,0.7701139155257662,,,,,,,,,,,,,,,,,,
2023,5,8351002,10.564516129032258,8351002,oiapoque,AP,0.7701139155257662,,,,,,,,,,,,,,,,,,
2023,6,51002,0.6400000000000001,51002,mazagao,AP,3.6271355204149938,,,,,,,,,,,,,,,,,,
2023,6,51004,7.38,51004,mazagao,AP,3.6271355204149938,,,,,,,,,,,,,,,,,,
2023,6,52003,12.793333333333333,52003,mazagao,AP,3.6271355204149938,,,,,,,,,,,,,,,,,,
2023,6,771001,1.2333333333333334,771001,tarauaca,AC,48.37720277187904,,,,,,,,,,,,,,,,,,
2023,6,772003,1.5743333333333331,772003,tarauaca,AC,48.37720277187904,,,,,,,,,,,,,,,,,,
2023,6,772004,1.7533333333333334,772004,cruzeiro do sul,AC,28.062517722786577,,,,,,,,,,,,,,,,,,
2023,6,773000,8.283333333333333,773000,cruzeiro do sul,AC,28.062517722786577,,,,,,,,,,,,,,,,,,
2023,6,773002,0.8466666666666666,773002,cruzeiro do sul,AC,28.062517722786577,,,,,,,,,,,,,,,,,,
2023,6,869000,0.6933333333333334,869000,manoel urbano,AC,30.42843266636413,,,,,,,,,,,,,,,,,,
2023,6,872000,0.17366666666666666,872000,marechal thaumaturgo,AC,10.833011139250688,,,,,,,,,,,,,,,,,,
2023,6,872001,3.246666666666667,872001,porto walter,AC,10.565053257018937,,,,,,,,,,,,,,,,,,
2023,6,967005,1.0466666666666666,967005,senador guiomard,AC,6.231865809073919,,,,,,,,,,,,,,,,,,
2023,6,968003,0.24666666666666667,968003,sena madureira,AC,53.04724033157452,,,,,,,,,,,,,,,,,,
2023,6,968004,0.5566666666666666,968004,bujari,AC,15.990267940224838,,,,,,,,,,,,,,,,,,
2023,6,968005,0.7900000000000001,968005,sena madureira,AC,53.04724033157452,,,,,,,,,,,,,,,,,,
2023,6,972000,0.9133333333333333,972000,marechal thaumaturgo,AC,10.833011139250688,,,,,,,,,,,,,,,,,,
2023,6,1067002,0.03333333333333333,1067002,placido de castro,AC,3.1380724567075866,,,,,,,,,,,,,,,,,,
2023,6,1067003,0.98,1067003,capixaba,AC,12.048030554317355,,,,,,,,,,,,,,,,,,
2023,6,1068000,0.16999999999999998,1068000,xapuri,AC,25.813809023416287,,,,,,,,,,,,,,,,,,
2023,6,1069000,0.0,1069000,assis brasil,AC,7.38167391120742,,,,,,,,,,,,,,,,,,
2023,6,1168001,0.39333333333333337,1168001,brasileia,AC,22.513555836276957,,,,,,,,,,,,,,,,,,
2023,6,8050000,7.3566666666666665,8050000,macapa,AP,1.4726494356179969,AP,0.3552162849872773,1011.0129770992364,1011.351145038168,1010.7569974554708,1416.4834605597964,28.80508905852417,23.47226463104326,29.470737913486005,28.01399491094148,24.205089058524173,22.80687022900764,78.46819338422392,70.5852417302799,74.10687022900764,132.69211195928753,5.114503816793893,1.957760814249364
2023,6,8050001,2.3066666666666666,8050001,macapa,AP,1.4726494356179969,AP,0.3552162849872773,1011.0129770992364,1011.351145038168,1010.7569974554708,1416.4834605597964,28.80508905852417,23.47226463104326,29.470737913486005,28.01399491094148,24.205089058524173,22.80687022900764,78.46819338422392,70.5852417302799,74.10687022900764,132.69211195928753,5.114503816793893,1.957760814249364
2023,6,8051010,12.736666666666668,8051010,macapa,AP,1.4726494356179969,AP,0.3552162849872773,1011.0129770992364,1011.351145038168,1010.7569974554708,1416.4834605597964,28.80508905852417,23.47226463104326,29.470737913486005,28.01399491094148,24.205089058524173,22.80687022900764,78.46819338422392,70.5852417302799,74.10687022900764,132.69211195928753,5.114503816793893,1.957760814249364
2023,6,8051012,5.3566666666666665,8051012,porto grande,AP,1.186032146934382,AP,0.3723076923076923,1003.022564102564,1003.3651282051284,1002.7705128205127,1325.154358974359,27.65794871794872,23.505897435897435,28.488205128205127,26.63769230769231,24.18025641025641,22.836666666666662,83.83846153846154,75.47179487179487,79.26666666666667,142.3230769230769,4.621794871794871,1.7697435897435898
2023,6,8052000,4.543333333333334,8052000,serra do navio,AP,0.1942712878315456,,,,,,,,,,,,,,,,,,
2023,6,8150000,5.868965517241379,8150000,tartarugalzinho,AP,1.8448719359427197,,,,,,,,,,,,,,,,,,
2023,6,8150001,5.346666666666667,8150001,tartarugalzinho,AP,1.8448719359427197,,,,,,,,,,,,,,,,,,
2023,6,8151000,0.81,8151000,tartarugalzinho,AP,1.8448719359427197,,,,,,,,,,,,,,,,,,
2023,6,8250002,4.623333333333333,8250002,calcoene,AP,2.10571145783037,,,,,,,,,,,,,,,,,,
2023,6,8250003,7.626666666666666,8250003,amapa,AP,0.0,,,,,,,,,,,,,,,,,,
2023,6,8251001,4.38,8251001,calcoene,AP,2.10571145783037,,,,,,,,,,,,,,,,,,
2023,6,8251003,42.666666666666664,8251003,calcoene,AP,2.10571145783037,,,,,,,,,,,,,,,,,,
2023,6,8251004,10.223333333333333,8251004,oiapoque,AP,0.7701139155257662,,,,,,,,,,,,,,,,,,
2023,6,8351002,3.23,8351002,oiapoque,AP,0.7701139155257662,,,,,,,,,,,,,,,,,,
2023,7,51002,4.109677419354839,51002,mazagao,AP,3.6271355204149938,,,,,,,,,,,,,,,,,,
2023,7,52003,6.435483870967742,52003,mazagao,AP,3.6271355204149938,,,,,,,,,,,,,,,,,,
2023,7,771001,0.0,771001,tarauaca,AC,48.37720277187904,,,,,,,,,,,,,,,,,,
2023,7,772003,0.8145161290322581,772003,tarauaca,AC,48.37720277187904,,,,,,,,,,,,,,,,,,
2023,7,772004,0.532258064516129,772004,cruzeiro do sul,AC,28.062517722786577,,,,,,,,,,,,,,,,,,
2023,7,773000,1.5870967741935482,773000,cruzeiro do sul,AC,28.062517722786577,,,,,,,,,,,,,,,,,,
2023,7,773002,1.861290322580645,773002,cruzeiro do sul,AC,28.062517722786577,,,,,,,,,,,,,,,,,,
2023,7,869000,0.0,869000,manoel urbano,AC,30.42843266636413,,,,,,,,,,,,,,,,,,
2023,7,870001,4.193548387096774,870001,tarauaca,AC,48.37720277187904,,,,,,,,,,,,,,,,,,
2023,7,870003,4.435483870967742,870003,feijo,AC,62.86281044270762,,,,,,,,,,,,,,,,,,
2023,7,872000,0.03903225806451613,872000,marechal thaumaturgo,AC,10.833011139250688,,,,,,,,,,,,,,,,,,
2023,7,872001,1.8225806451612903,872001,porto walter,AC,10.565053257018937,,,,,,,,,,,,,,,,,,
2023,7,967005,0.30000000000000004,967005,senador guiomard,AC,6.231865809073919,,,,,,,,,,,,,,,,,,
2023,7,968003,0.0,968003,sena madureira,AC,53.04724033157452,,,,,,,,,,,,,,,,,,
2023,7,968004,0.9612903225806452,968004,bujari,AC,15.990267940224838,,,,,,,,,,,,,,,,,,
2023,7,968005,0.0,968005,sena madureira,AC,53.04724033157452,,,,,,,,,,,,,,,,,,
2023,7,969001,0.2,969001,sena madureira,AC,53.04724033157452,,,,,,,,,,,,,,,,,,
2023,7,972000,1.5290322580645161,972000,marechal thaumaturgo,AC,10.833011139250688,,,,,,,,,,,,,,,,,,
2023,7,1067002,0.0,1067002,placido de castro,AC,3.1380724567075866,,,,,,,,,,,,,,,,,,
2023,7,1067003,0.025806451612903226,1067003,capixaba,AC,12.048030554317355,,,,,,,,,,,,,,,,,,
2023,7,1068000,0.0,1068000,xapuri,AC,25.813809023416287,,,,,,,,,,,,,,,,,,
2023,7,1069000,0.23548387096774193,1069000,assis brasil,AC,7.38167391120742,,,,,,,,,,,,,,,,,,
2023,7,1168001,0.0,1168001,brasileia,AC,22.513555836276957,,,,,,,,,,,,,,,,,,
2023,7,8050000,1.7838709677419355,8050000,macapa,AP,1.4726494356179969,AP,0.2155717761557177,1011.4099756690996,1011.7333333333332,1011.1705596107056,1562.6430656934308,29.24720194647202,23.20778588807785,29.8316301703163,28.457177615571776,23.9043795620438,22.57250608272506,75.2749391727494,68.01946472019465,71.03649635036497,101.56204379562044,5.794160583941606,2.289537712895377
2023,7,8050001,2.232258064516129,8050001,macapa,AP,1.4726494356179969,AP,0.2155717761557177,1011.4099756690996,1011.7333333333332,1011.1705596107056,1562.6430656934308,29.24720194647202,23.20778588807785,29.8316301703163,28.457177615571776,23.9043795620438,22.57250608272506,75.2749391727494,68.01946472019465,71.03649635036497,101.56204379562044,5.794160583941606,2.289537712895377
2023,7,8051010,10.603225806451613,8051010,macapa,AP,1.4726494356179969,AP,0.2155717761557177,1011.4099756690996,1011.7333333333332,1011.1705596107056,1562.6430656934308,29.24720194647202,23.20778588807785,29.8316301703163,28.457177615571776,23.9043795620438,22.57250608272506,75.2749391727494,68.01946472019465,71.03649635036497,101.56204379562044,5.794160583941606,2.289537712895377
2023,7,8051012,3.3612903225806448,8051012,porto grande,AP,1.186032146934382,AP,0.2564356435643564,1003.4341584158416,1003.7584158415842,1003.1839108910892,1410.3408415841584,28.13391089108911,23.209653465346538,28.962128712871287,27.118316831683167,23.91163366336633,22.543564356435645,80.53465346534654,72.17079207920793,75.94059405940594,131.57673267326732,4.966584158415841,1.9705445544554456
2023,7,8052000,3.329032258064516,8052000,serra do navio,AP,0.1942712878315456,,,,,,,,,,,,,,,,,,
2023,7,8150000,2.674193548387097,8150000,tartarugalzinho,AP,1.8448719359427197,,,,,,,,,,,,,,,,,,
2023,7,8150001,3.070967741935484,8150001,tartarugalzinho,AP,1.8448719359427197,,,,,,,,,,,,,,,,,,
2023,7,8151000,1.932258064516129,8151000,tartarugalzinho,AP,1.8448719359427197,,,,,,,,,,,,,,,,,,
2023,7,8250003,6.054838709677419,8250003,amapa,AP,0.0,,,,,,,,,,,,,,,,,,
2023,7,8251001,0.10967741935483871,8251001,calcoene,AP,2.10571145783037,,,,,,,,,,,,,,,,,,
2023,7,8251003,9.887096774193548,8251003,calcoene,AP,2.10571145783037,,,,,,,,,,,,,,,,,,
2023,7,8251004,4.996774193548387,8251004,oiapoque,AP,0.7701139155257662,,,,,,,,,,,,,,,,,,
2023,7,8351002,6.135483870967742,8351002,oiapoque,AP,0.7701139155257662,,,,,,,,,,,,,,,,,,
2023,8,51002,0.7225806451612903,51002,mazagao,AP,3.6271355204149938,,,,,,,,,,,,,,,,,,
2023,8,52003,0.8161290322580645,52003,mazagao,AP,3.6271355204149938,,,,,,,,,,,,,,,,,,
2023,8,771001,0.967741935483871,771001,tarauaca,AC,48.37720277187904,,,,,,,,,,,,,,,,,,
2023,8,772003,0.8193548387096775,772003,tarauaca,AC,48.37720277187904,,,,,,,,,,,,,,,,,,
2023,8,772004,4.696774193548387,772004,cruzeiro do sul,AC,28.062517722786577,,,,,,,,,,,,,,,,,,
2023,8,773000,0.8612903225806451,773000,cruzeiro do sul,AC,28.062517722786577,,,,,,,,,,,,,,,,,,
2023,8,773002,1.2483870967741937,773002,cruzeiro do sul,AC,28.062517722786577,,,,,,,,,,,,,,,,,,
2023,8,869000,4.432258064516129,869000,manoel urbano,AC,30.42843266636413,,,,,,,,,,,,,,,,,,
2023,8,870001,0.7516129032258064,870001,tarauaca,AC,48.37720277187904,,,,,,,,,,,,,,,,,,
2023,8,870002,3.1870967741935483,870002,feijo,AC,62.86281044270762,,,,,,,,,,,,,,,,,,
2023,8,870003,0.03225806451612903,870003,feijo,AC,62.86281044270762,,,,,,,,,,,,,,,,,,
2023,8,872000,0.16774193548387098,872000,marechal thaumaturgo,AC,10.833011139250688,,,,,,,,,,,,,,,,,,
2023,8,872001,1.6483870967741936,872001,porto walter,AC,10.565053257018937,,,,,,,,,,,,,,,,,,
2023,8,967005,1.4516129032258065,967005,senador guiomard,AC,6.231865809073919,,,,,,,,,,,,,,,,,,
2023,8,968003,0.5,968003,sena madureira,AC,53.04724033157452,,,,,,,,,,,,,,,,,,
2023,8,968004,0.864516129032258,968004,bujari,AC,15.990267940224838,,,,,,,,,,,,,,,,,,
2023,8,968005,3.7516129032258068,968005,sena madureira,AC,53.04724033157452,,,,,,,,,,,,,,,,,,
2023,8,969001,1.896774193548387,969001,sena madureira,AC,53.04724033157452,,,,,,,,,,,,,,,,,,
2023,8,972000,1.0290322580645161,972000,marechal thaumaturgo,AC,10.833011139250688,,,,,,,,,,,,,,,,,,
2023,8,1067002,0.0,1067002,placido de castro,AC,3.1380724567075866,,,,,,,,,,,,,,,,,,
2023,8,1067003,1.435483870967742,1067003,capixaba,AC,12.048030554317355,,,,,,,,,,,,,,,,,,
2023,8,1068000,0.8999999999999999,1068000,xapuri,AC,25.813809023416287,,,,,,,,,,,,,,,,,,
2023,8,1069000,0.0,1069000,assis brasil,AC,7.38167391120742,,,,,,,,,,,,,,,,,,
2023,8,1168001,0.3225806451612903,1168001,brasileia,AC,22.513555836276957,,,,,,,,,,,,,,,,,,
2023,8,8050000,0.8580645161290323,8050000,macapa,AP,1.4726494356179969,AP,0.0592592592592592,1010.4698765432098,1010.795061728395,1010.2424691358024,1777.8972839506173,30.345432098765432,23.13679012345679,30.886172839506173,29.518024691358026,23.834567901234568,22.48197530864197,70.89876543209877,63.641975308641975,66.50617283950618,88.01234567901234,6.100493827160493,2.4851851851851854
2023,8,8050001,0.46451612903225803,8050001,macapa,AP,1.4726494356179969,AP,0.0592592592592592,1010.4698765432098,1010.795061728395,1010.2424691358024,1777.8972839506173,30.345432098765432,23.13679012345679,30.886172839506173,29.518024691358026,23.834567901234568,22.48197530864197,70.89876543209877,63.641975308641975,66.50617283950618,88.01234567901234,6.100493827160493,2.4851851851851854
2023,8,8051010,3.454838709677419,8051010,macapa,AP,1.4726494356179969,AP,0.0592592592592592,1010.4698765432098,1010.795061728395,1010.2424691358024,1777.8972839506173,30.345432098765432,23.13679012345679,30.886172839506173,29.518024691358026,23.834567901234568,22.48197530864197,70.89876543209877,63.641975308641975,66.50617283950618,88.01234567901234,6.100493827160493,2.4851851851851854
2023,8,8051012,2.6166666666666667,8051012,porto grande,AP,1.186032146934382,AP,0.0749379652605459,1002.4419354838708,1002.7861042183622,1002.2126550868488,1593.899255583127,29.73523573200992,22.70198511166253,30.54665012406948,28.63424317617866,23.44863523573201,22.040446650124068,72.71960297766749,64.3498759305211,67.68734491315136,111.54590570719604,5.255334987593052,2.109181141439206
2023,8,8052000,1.364516129032258,8052000,serra do navio,AP,0.1942712878315456,,,,,,,,,,,,,,,,,,
2023,8,8150000,0.4741935483870968,8150000,tartarugalzinho,AP,1.8448719359427197,,,,,,,,,,,,,,,,,,
2023,8,8150001,0.9838709677419355,8150001,tartarugalzinho,AP,1.8448719359427197,,,,,,,,,,,,,,,,,,
2023,8,8151000,0.43548387096774194,8151000,tartarugalzinho,AP,1.8448719359427197,,,,,,,,,,,,,,,,,,
2023,8,8250003,0.5258064516129033,8250003,amapa,AP,0.0,,,,,,,,,,,,,,,,,,
2023,8,8251001,0.012903225806451613,8251001,calcoene,AP,2.10571145783037,,,,,,,,,,,,,,,,,,
2023,8,8251003,3.9037037037037035,8251003,calcoene,AP,2.10571145783037,,,,,,,,,,,,,,,,,,
2023,8,8251004,1.8483870967741935,8251004,oiapoque,AP,0.7701139155257662,,,,,,,,,,,,,,,,,,
2023,8,8351002,0.4,8351002,oiapoque,AP,0.7701139155257662,,,,,,,,,,,,,,,,,,
2023,9,51002,3.7866666666666666,51002,mazagao,AP,3.6271355204149938,,,,,,,,,,,,,,,,,,
2023,9,52003,0.0,52003,mazagao,AP,3.6271355204149938,,,,,,,,,,,,,,,,,,
2023,9,771001,0.36333333333333334,771001,tarauaca,AC,48.37720277187904,,,,,,,,,,,,,,,,,,
2023,9,772003,5.123333333333333,772003,tarauaca,AC,48.37720277187904,,,,,,,,,,,,,,,,,,
2023,9,772004,3.7866666666666666,772004,cruzeiro do sul,AC,28.062517722786577,,,,,,,,,,,,,,,,,,
2023,9,773000,1.0366666666666666,773000,cruzeiro do sul,AC,28.062517722786577,,,,,,,,,,,,,,,,,,
2023,9,773002,2.756666666666667,773002,cruzeiro do sul,AC,28.062517722786577,,,,,,,,,,,,,,,,,,
2023,9,869000,1.9600000000000002,869000,manoel urbano,AC,30.42843266636413,,,,,,,,,,,,,,,,,,
2023,9,870002,6.926666666666667,870002,feijo,AC,62.86281044270762,,,,,,,,,,,,,,,,,,
2023,9,870003,0.42066666666666663,870003,feijo,AC,62.86281044270762,,,,,,,,,,,,,,,,,,
2023,9,872000,4.1466666666666665,872000,marechal thaumaturgo,AC,10.833011139250688,,,,,,,,,,,,,,,,,,
2023,9,872001,3.5366666666666666,872001,porto walter,AC,10.565053257018937,,,,,,,,,,,,,,,,,,
2023,9,967005,0.48333333333333334,967005,senador guiomard,AC,6.231865809073919,,,,,,,,,,,,,,,,,,
2023,9,968003,0.44666666666666666,968003,sena madureira,AC,53.04724033157452,,,,,,,,,,,,,,,,,,
2023,9,968004,7.113333333333333,968004,bujari,AC,15.990267940224838,,,,,,,,,,,,,,,,,,
2023,9,968005,4.156666666666667,968005,sena madureira,AC,53.04724033157452,,,,,,,,,,,,,,,,,,
2023,9,969001,2.273333333333333,969001,sena madureira,AC,53.04724033157452,,,,,,,,,,,,,,,,,,
2023,9,972000,1.6933333333333336,972000,marechal thaumaturgo,AC,10.833011139250688,,,,,,,,,,,,,,,,,,
2023,9,1067002,0.0,1067002,placido de castro,AC,3.1380724567075866,,,,,,,,,,,,,,,,,,
2023,9,1067003,2.933333333333333,1067003,capixaba,AC,12.048030554317355,,,,,,,,,,,,,,,,,,
2023,9,1068000,3.8066666666666666,1068000,xapuri,AC,25.813809023416287,,,,,,,,,,,,,,,,,,
2023,9,1069000,0.0,1069000,assis brasil,AC,7.38167391120742,,,,,,,,,,,,,,,,,,
2023,9,1168001,0.24666666666666667,1168001,brasileia,AC,22.513555836276957,,,,,,,,,,,,,,,,,,
2023,9,8050000,0.26333333333333336,8050000,macapa,AP,1.4726494356179969,AP,0.0644501278772378,1009.7547314578004,1010.0887468030692,1009.4846547314578,1887.096930946292,30.938874680306903,22.85524296675192,31.5383631713555,30.07595907928389,23.45703324808184,22.21278772378517,67.21739130434783,60.37595907928389,63.186700767263424,76.54987212276215,7.18542199488491,3.0595907928388746
2023,9,8050001,0.0,8050001,macapa,AP,1.4726494356179969,AP,0.0644501278772378,1009.7547314578004,1010.0887468030692,1009.4846547314578,1887.096930946292,30.938874680306903,22.85524296675192,31.5383631713555,30.07595907928389,23.45703324808184,22.21278772378517,67.21739130434783,60.37595907928389,63.186700767263424,76.54987212276215,7.18542199488491,3.0595907928388746
2023,9,8051010,0.27666666666666667,8051010,macapa,AP,1.4726494356179969,AP,0.0644501278772378,1009.7547314578004,1010.0887468030692,1009.4846547314578,1887.096930946292,30.938874680306903,22.85524296675192,31.5383631713555,30.07595907928389,23.45703324808184,22.21278772378517,67.21739130434783,60.37595907928389,63.186700767263424,76.54987212276215,7.18542199488491,3.0595907928388746
2023,9,8051012,2.7800000000000002,8051012,porto grande,AP,1.186032146934382,AP,0.023076923076923,1001.6161538461538,1001.9784615384616,1001.3464102564102,1649.8528205128205,31.0774358974359,21.63846153846153,31.97410256410256,29.854615384615386,22.33897435897436,20.955641025641025,64.71794871794872,56.44358974358974,59.54102564102564,94.14871794871794,6.269230769230769,2.5589743589743588
2023,9,8052000,1.8733333333333335,8052000,serra do navio,AP,0.1942712878315456,,,,,,,,,,,,,,,,,,
2023,9,8150000,0.0,8150000,tartarugalzinho,AP,1.8448719359427197,,,,,,,,,,,,,,,,,,
2023,9,8150001,0.30333333333333334,8150001,tartarugalzinho,AP,1.8448719359427197,,,,,,,,,,,,,,,,,,
2023,9,8151000,0.26333333333333336,8151000,tartarugalzinho,AP,1.8448719359427197,,,,,,,,,,,,,,,,,,
2023,9,8250003,0.03666666666666667,8250003,amapa,AP,0.0,,,,,,,,,,,,,,,,,,
2023,9,8251001,0.0,8251001,calcoene,AP,2.10571145783037,,,,,,,,,,,,,,,,,,
2023,9,8251003,1.5133333333333332,8251003,calcoene,AP,2.10571145783037,,,,,,,,,,,,,,,,,,
2023,9,8251004,0.16999999999999998,8251004,oiapoque,AP,0.7701139155257662,,,,,,,,,,,,,,,,,,
2023,9,8351002,0.15,8351002,oiapoque,AP,0.7701139155257662,,,,,,,,,,,,,,,,,,
2023,10,51002,0.585,51002,mazagao,AP,3.6271355204149938,,,,,,,,,,,,,,,,,,
2023,10,52003,0.6290322580645161,52003,mazagao,AP,3.6271355204149938,,,,,,,,,,,,,,,,,,
2023,10,771001,0.36129032258064514,771001,tarauaca,AC,48.37720277187904,,,,,,,,,,,,,,,,,,
2023,10,772003,4.890322580645161,772003,tarauaca,AC,48.37720277187904,,,,,,,,,,,,,,,,,,
2023,10,772004,1.6387096774193548,772004,cruzeiro do sul,AC,28.062517722786577,,,,,,,,,,,,,,,,,,
2023,10,773000,0.8096774193548387,773000,cruzeiro do sul,AC,28.062517722786577,,,,,,,,,,,,,,,,,,
2023,10,773002,3.3129032258064512,773002,cruzeiro do sul,AC,28.062517722786577,,,,,,,,,,,,,,,,,,
2023,10,869000,2.761290322580645,869000,manoel urbano,AC,30.42843266636413,,,,,,,,,,,,,,,,,,
2023,10,870001,0.8838709677419355,870001,tarauaca,AC,48.37720277187904,,,,,,,,,,,,,,,,,,
2023,10,870002,8.009677419354839,870002,feijo,AC,62.86281044270762,,,,,,,,,,,,,,,,,,
2023,10,870003,7.317741935483871,870003,feijo,AC,62.86281044270762,,,,,,,,,,,,,,,,,,
2023,10,872000,4.003225806451613,872000,marechal thaumaturgo,AC,10.833011139250688,,,,,,,,,,,,,,,,,,
2023,10,872001,2.170967741935484,872001,porto walter,AC,10.565053257018937,,,,,,,,,,,,,,,,,,
2023,10,967005,3.4096774193548387,967005,senador guiomard,AC,6.231865809073919,,,,,,,,,,,,,,,,,,
2023,10,968003,1.0516129032258066,968003,sena madureira,AC,53.04724033157452,,,,,,,,,,,,,,,,,,
2023,10,968004,3.232258064516129,968004,bujari,AC,15.990267940224838,,,,,,,,,,,,,,,,,,
2023,10,968005,1.0290322580645161,968005,sena madureira,AC,53.04724033157452,,,,,,,,,,,,,,,,,,
2023,10,969001,2.596774193548387,969001,sena madureira,AC,53.04724033157452,,,,,,,,,,,,,,,,,,
2023,10,972000,2.2483870967741932,972000,marechal thaumaturgo,AC,10.833011139250688,,,,,,,,,,,,,,,,,,
2023,10,1067002,0.0,1067002,placido de castro,AC,3.1380724567075866,,,,,,,,,,,,,,,,,,
2023,10,1067003,5.080645161290323,1067003,capixaba,AC,12.048030554317355,,,,,,,,,,,,,,,,,,
2023,10,1068000,0.45161290322580644,1068000,xapuri,AC,25.813809023416287,,,,,,,,,,,,,,,,,,
2023,10,1069000,3.4451612903225803,1069000,assis brasil,AC,7.38167391120742,,,,,,,,,,,,,,,,,,
2023,10,1168001,2.638709677419355,1168001,brasileia,AC,22.513555836276957,,,,,,,,,,,,,,,,,,
2023,10,8050000,0.0,8050000,macapa,AP,1.4726494356179969,AP,0.0345679012345679,1008.843950617284,1009.1787654320988,1008.5664197530864,1910.8535802469128,31.28148148148148,22.68617283950617,31.912345679012347,30.383456790123454,23.320987654320987,22.05185185185185,65.63456790123456,58.6395061728395,61.38765432098766,79.48395061728395,7.337777777777778,3.1049382716049383
2023,10,8050001,0.0,8050001,macapa,AP,1.4726494356179969,AP,0.0345679012345679,1008.843950617284,1009.1787654320988,1008.5664197530864,1910.8535802469128,31.28148148148148,22.68617283950617,31.912345679012347,30.383456790123454,23.320987654320987,22.05185185185185,65.63456790123456,58.6395061728395,61.38765432098766,79.48395061728395,7.337777777777778,3.1049382716049383
2023,10,8051010,0.0,8051010,macapa,AP,1.4726494356179969,AP,0.0345679012345679,1008.843950617284,1009.1787654320988,1008.5664197530864,1910.8535802469128,31.28148148148148,22.68617283950617,31.912345679012347,30.383456790123454,23.320987654320987,22.05185185185185,65.63456790123456,58.6395061728395,61.38765432098766,79.48395061728395,7.337777777777778,3.1049382716049383
2023,10,8051012,2.532258064516129,8051012,porto grande,AP,1.186032146934382,AP,0.0765,1000.66825,1001.04075,1000.374,1661.89275,31.600250000000003,21.37075,32.51725,30.33525,22.1115,20.71825,62.2175,53.9025,56.9775,93.2225,6.3972500000000005,2.611
2023,10,8052000,2.364516129032258,8052000,serra do navio,AP,0.1942712878315456,,,,,,,,,,,,,,,,,,
2023,10,8150000,0.15161290322580645,8150000,tartarugalzinho,AP,1.8448719359427197,,,,,,,,,,,,,,,,,,
2023,10,8150001,0.016129032258064516,8150001,tartarugalzinho,AP,1.8448719359427197,,,,,,,,,,,,,,,,,,
2023,10,8151000,0.01935483870967742,8151000,tartarugalzinho,AP,1.8448719359427197,,,,,,,,,,,,,,,,,,
2023,10,8250003,0.4129032258064516,8250003,amapa,AP,0.0,,,,,,,,,,,,,,,,,,
2023,10,8251001,0.2161290322580645,8251001,calcoene,AP,2.10571145783037,,,,,,,,,,,,,,,,,,
2023,10,8251003,0.19677419354838707,8251003,calcoene,AP,2.10571145783037,,,,,,,,,,,,,,,,,,
2023,10,8251004,0.832258064516129,8251004,oiapoque,AP,0.7701139155257662,,,,,,,,,,,,,,,,,,
2023,10,8351002,0.7774193548387097,8351002,oiapoque,AP,0.7701139155257662,,,,,,,,,,,,,,,,,,
2023,11,51002,,51002,mazagao,AP,3.6271355204149938,,,,,,,,,,,,,,,,,,
2023,11,52003,3.7766666666666664,52003,mazagao,AP,3.6271355204149938,,,,,,,,,,,,,,,,,,
2023,11,771001,8.646666666666667,771001,tarauaca,AC,48.37720277187904,,,,,,,,,,,,,,,,,,
2023,11,772003,3.8433333333333333,772003,tarauaca,AC,48.37720277187904,,,,,,,,,,,,,,,,,,
2023,11,772004,5.7266666666666675,772004,cruzeiro do sul,AC,28.062517722786577,,,,,,,,,,,,,,,,,,
2023,11,773000,2.386666666666667,773000,cruzeiro do sul,AC,28.062517722786577,,,,,,,,,,,,,,,,,,
2023,11,773002,14.84,773002,cruzeiro do sul,AC,28.062517722786577,,,,,,,,,,,,,,,,,,
2023,11,869000,7.163333333333333,869000,manoel urbano,AC,30.42843266636413,,,,,,,,,,,,,,,,,,
2023,11,870001,14.0,870001,tarauaca,AC,48.37720277187904,,,,,,,,,,,,,,,,,,
2023,11,870002,4.392666666666667,870002,feijo,AC,62.86281044270762,,,,,,,,,,,,,,,,,,
2023,11,870003,6.573333333333333,870003,feijo,AC,62.86281044270762,,,,,,,,,,,,,,,,,,
2023,11,872000,5.826666666666667,872000,marechal thaumaturgo,AC,10.833011139250688,,,,,,,,,,,,,,,,,,
2023,11,872001,6.510000000000001,872001,porto walter,AC,10.565053257018937,,,,,,,,,,,,,,,,,,
2023,11,967005,5.356666666666667,967005,senador guiomard,AC,6.231865809073919,,,,,,,,,,,,,,,,,,
2023,11,968003,1.4333333333333333,968003,sena madureira,AC,53.04724033157452,,,,,,,,,,,,,,,,,,
2023,11,968004,6.553333333333334,968004,bujari,AC,15.990267940224838,,,,,,,,,,,,,,,,,,
2023,11,968005,2.816666666666667,968005,sena madureira,AC,53.04724033157452,,,,,,,,,,,,,,,,,,
2023,11,969001,6.846666666666667,969001,sena madureira,AC,53.04724033157452,,,,,,,,,,,,,,,,,,
2023,11,972000,4.416666666666667,972000,marechal thaumaturgo,AC,10.833011139250688,,,,,,,,,,,,,,,,,,
2023,11,1067002,0.0,1067002,placido de castro,AC,3.1380724567075866,,,,,,,,,,,,,,,,,,
2023,11,1067003,8.09,1067003,capixaba,AC,12.048030554317355,,,,,,,,,,,,,,,,,,
2023,11,1068000,8.316666666666666,1068000,xapuri,AC,25.813809023416287,,,,,,,,,,,,,,,,,,
2023,11,1069000,7.819999999999999,1069000,assis brasil,AC,7.38167391120742,,,,,,,,,,,,,,,,,,
2023,11,1168001,0.9333333333333333,1168001,brasileia,AC,22.513555836276957,,,,,,,,,,,,,,,,,,
2023,11,8050000,0.10666666666666667,8050000,macapa,AP,1.4726494356179969,AP,0.0172151898734177,1008.4151898734176,1008.7607594936708,1008.1255696202531,1730.0091139240506,31.14987341772152,22.710632911392405,31.777215189873417,30.30278481012658,23.35417721518987,22.07443037974684,66.18987341772151,59.21772151898734,62.05569620253164,84.0886075949367,7.411645569620253,3.0855696202531644
2023,11,8050001,0.0,8050001,macapa,AP,1.4726494356179969,AP,0.0172151898734177,1008.4151898734176,1008.7607594936708,1008.1255696202531,1730.0091139240506,31.14987341772152,22.710632911392405,31.777215189873417,30.30278481012658,23.35417721518987,22.07443037974684,66.18987341772151,59.21772151898734,62.05569620253164,84.0886075949367,7.411645569620253,3.0855696202531644
2023,11,8051010,1.2066666666666668,8051010,macapa,AP,1.4726494356179969,AP,0.0172151898734177,1008.4151898734176,1008.7607594936708,1008.1255696202531,1730.0091139240506,31.14987341772152,22.710632911392405,31.777215189873417,30.30278481012658,23.35417721518987,22.07443037974684,66.18987341772151,59.21772151898734,62.05569620253164,84.0886075949367,7.411645569620253,3.0855696202531644
2023,11,8051012,2.5500000000000003,8051012,porto grande,AP,1.186032146934382,AP,0.0822916666666666,1000.3838541666668,1000.7546875,1000.0739583333334,1362.63828125,30.59140625,21.84296875,31.46171875,29.38515625,22.546354166666664,21.196875,67.3046875,58.9296875,62.1796875,104.91927083333331,6.342708333333333,2.5536458333333334
2023,11,8052000,3.3466666666666667,8052000,serra do navio,AP,0.1942712878315456,,,,,,,,,,,,,,,,,,
2023,11,8150000,1.32,8150000,tartarugalzinho,AP,1.8448719359427197,,,,,,,,,,,,,,,,,,
2023,11,8150001,1.7666666666666666,8150001,tartarugalzinho,AP,1.8448719359427197,,,,,,,,,,,,,,,,,,
2023,11,8151000,0.39,8151000,tartarugalzinho,AP,1.8448719359427197,,,,,,,,,,,,,,,,,,
2023,11,8250003,2.51,8250003,amapa,AP,0.0,,,,,,,,,,,,,,,,,,
2023,11,8251001,0.0,8251001,calcoene,AP,2.10571145783037,,,,,,,,,,,,,,,,,,
2023,11,8251003,2.39,8251003,calcoene,AP,2.10571145783037,,,,,,,,,,,,,,,,,,
2023,11,8251004,0.5733333333333334,8251004,oiapoque,AP,0.7701139155257662,AP,0.0,1009.04,1009.4333333333332,1008.8666666666668,962.9666666666668,28.24,22.973333333333336,29.40666666666667,27.7,23.90666666666667,22.040000000000003,78.53333333333333,68.2,74.66666666666667,113.0,4.573333333333333,1.3
2023,11,8351002,2.8233333333333333,8351002,oiapoque,AP,0.7701139155257662,AP,0.0,1009.04,1009.4333333333332,1008.8666666666668,962.9666666666668,28.24,22.973333333333336,29.40666666666667,27.7,23.90666666666667,22.040000000000003,78.53333333333333,68.2,74.66666666666667,113.0,4.573333333333333,1.3
2023,12,51002,,51002,mazagao,AP,3.6271355204149938,,,,,,,,,,,,,,,,,,
2023,12,52003,8.922580645161291,52003,mazagao,AP,3.6271355204149938,,,,,,,,,,,,,,,,,,
2023,12,771001,8.561290322580644,771001,tarauaca,AC,48.37720277187904,,,,,,,,,,,,,,,,,,
2023,12,772003,7.461290322580646,772003,tarauaca,AC,48.37720277187904,,,,,,,,,,,,,,,,,,
2023,12,772004,5.883870967741935,772004,cruzeiro do sul,AC,28.062517722786577,,,,,,,,,,,,,,,,,,
2023,12,773000,6.300000000000001,773000,cruzeiro do sul,AC,28.062517722786577,,,,,,,,,,,,,,,,,,
2023,12,773002,6.329032258064516,773002,cruzeiro do sul,AC,28.062517722786577,,,,,,,,,,,,,,,,,,
2023,12,869000,9.719354838709679,869000,manoel urbano,AC,30.42843266636413,,,,,,,,,,,,,,,,,,
2023,12,870001,13.290322580645162,870001,tarauaca,AC,48.37720277187904,,,,,,,,,,,,,,,,,,
2023,12,870002,8.443225806451613,870002,feijo,AC,62.86281044270762,AC,0.3207272727272727,991.3581818181818,991.8196363636364,991.0614545454546,1271.6592727272728,27.59490909090909,24.125818181818182,28.24109090909091,26.844,24.69781818181818,23.606181818181817,86.21454545454546,79.08363636363636,82.40727272727273,220.25454545454545,3.995636363636363,1.6843636363636365
2023,12,870003,8.370967741935484,870003,feijo,AC,62.86281044270762,AC,0.3207272727272727,991.3581818181818,991.8196363636364,991.0614545454546,1271.6592727272728,27.59490909090909,24.125818181818182,28.24109090909091,26.844,24.69781818181818,23.606181818181817,86.21454545454546,79.08363636363636,82.40727272727273,220.25454545454545,3.995636363636363,1.6843636363636365
2023,12,872000,9.37741935483871,872000,marechal thaumaturgo,AC,10.833011139250688,,,,,,,,,,,,,,,,,,
2023,12,872001,6.874193548387097,872001,porto walter,AC,10.565053257018937,,,,,,,,,,,,,,,,,,
2023,12,967005,6.083870967741936,967005,senador guiomard,AC,6.231865809073919,,,,,,,,,,,,,,,,,,
2023,12,968003,5.47741935483871,968003,sena madureira,AC,53.04724033157452,,,,,,,,,,,,,,,,,,
2023,12,968004,7.648387096774194,968004,bujari,AC,15.990267940224838,,,,,,,,,,,,,,,,,,
2023,12,968005,12.070967741935483,968005,sena madureira,AC,53.04724033157452,,,,,,,,,,,,,,,,,,
2023,12,969001,12.192307692307692,969001,sena madureira,AC,53.04724033157452,,,,,,,,,,,,,,,,,,
2023,12,972000,9.161290322580646,972000,marechal thaumaturgo,AC,10.833011139250688,,,,,,,,,,,,,,,,,,
2023,12,1067002,2.638709677419355,1067002,placido de castro,AC,3.1380724567075866,,,,,,,,,,,,,,,,,,
2023,12,1067003,8.358064516129033,1067003,capixaba,AC,12.048030554317355,,,,,,,,,,,,,,,,,,
2023,12,1068000,6.683870967741935,1068000,xapuri,AC,25.813809023416287,,,,,,,,,,,,,,,,,,
2023,12,1069000,8.416129032258064,1069000,assis brasil,AC,7.38167391120742,,,,,,,,,,,,,,,,,,
2023,12,1168001,8.406451612903227,1168001,brasileia,AC,22.513555836276957,,,,,,,,,,,,,,,,,,
2023,12,8050000,1.3096774193548388,8050000,macapa,AP,1.4726494356179969,AP,0.2987654320987654,1008.4955555555556,1008.8464197530864,1008.2088888888889,1539.2553086419753,29.655555555555555,23.462222222222223,30.25432098765432,28.85111111111112,24.15185185185185,22.872345679012344,75.06666666666666,67.91604938271605,70.76049382716049,101.13086419753088,6.575061728395062,2.547901234567901
2023,12,8050001,3.2451612903225806,8050001,macapa,AP,1.4726494356179969,AP,0.2987654320987654,1008.4955555555556,1008.8464197530864,1008.2088888888889,1539.2553086419753,29.655555555555555,23.462222222222223,30.25432098765432,28.85111111111112,24.15185185185185,22.872345679012344,75.06666666666666,67.91604938271605,70.76049382716049,101.13086419753088,6.575061728395062,2.547901234567901
2023,12,8051010,11.86774193548387,8051010,macapa,AP,1.4726494356179969,AP,0.2987654320987654,1008.4955555555556,1008.8464197530864,1008.2088888888889,1539.2553086419753,29.655555555555555,23.462222222222223,30.25432098765432,28.85111111111112,24.15185185185185,22.872345679012344,75.06666666666666,67.91604938271605,70.76049382716049,101.13086419753088,6.575061728395062,2.547901234567901
2023,12,8051012,12.43913043478261,8051012,porto grande,AP,1.186032146934382,AP,0.1994987468671679,1000.571679197995,1000.934837092732,1000.2754385964912,1353.167418546366,29.039598997493734,20.4874686716792,29.87368421052632,28.02606516290727,21.227568922305764,19.876441102756893,66.3483709273183,58.69172932330827,61.87218045112782,117.9874686716792,5.8578947368421055,2.351629072681704
2023,12,8052000,4.758064516129032,8052000,serra do navio,AP,0.1942712878315456,,,,,,,,,,,,,,,,,,
2023,12,8150000,4.137037037037037,8150000,tartarugalzinho,AP,1.8448719359427197,,,,,,,,,,,,,,,,,,
2023,12,8150001,8.635483870967741,8150001,tartarugalzinho,AP,1.8448719359427197,,,,,,,,,,,,,,,,,,
2023,12,8151000,0.05161290322580645,8151000,tartarugalzinho,AP,1.8448719359427197,,,,,,,,,,,,,,,,,,
2023,12,8250003,7.367741935483871,8250003,amapa,AP,0.0,,,,,,,,,,,,,,,,,,
2023,12,8251001,7.0,8251001,calcoene,AP,2.10571145783037,,,,,,,,,,,,,,,,,,
2023,12,8251003,7.393548387096774,8251003,calcoene,AP,2.10571145783037,,,,,,,,,,,,,,,,,,
2023,12,8251004,7.387096774193548,8251004,oiapoque,AP,0.7701139155257662,AP,0.4549180327868852,1009.1534153005464,1009.426912568306,1008.8748633879782,606.8967213114754,26.15273224043716,24.198360655737705,26.802049180327867,25.57308743169399,24.76571038251366,23.72909836065574,93.00273224043715,87.0915300546448,90.0915300546448,107.51639344262296,2.705464480874317,0.7866120218579234
2023,12,8351002,9.365517241379312,8351002,oiapoque,AP,0.7701139155257662,AP,0.4549180327868852,1009.1534153005464,1009.426912568306,1008.8748633879782,606.8967213114754,26.15273224043716,24.198360655737705,26.802049180327867,25.57308743169399,24.76571038251366,23.72909836065574,93.00273224043715,87.0915300546448,90.0915300546448,107.51639344262296,2.705464480874317,0.7866120218579234
2024,1,51002,,51002,mazagao,AP,0.0,,,,,,,,,,,,,,,,,,
2024,1,51004,6.567741935483871,51004,mazagao,AP,0.0,,,,,,,,,,,,,,,,,,
2024,1,52003,10.283870967741937,52003,mazagao,AP,0.0,,,,,,,,,,,,,,,,,,
2024,1,771001,10.01290322580645,771001,tarauaca,AC,45.287562951075046,,,,,,,,,,,,,,,,,,
2024,1,772003,9.648387096774194,772003,tarauaca,AC,45.287562951075046,,,,,,,,,,,,,,,,,,
2024,1,772004,9.09032258064516,772004,cruzeiro do sul,AC,14.888997338765266,,,,,,,,,,,,,,,,,,
2024,1,773000,7.758064516129032,773000,cruzeiro do sul,AC,14.888997338765266,,,,,,,,,,,,,,,,,,
2024,1,773002,2.896774193548387,773002,cruzeiro do sul,AC,14.888997338765266,,,,,,,,,,,,,,,,,,
2024,1,869000,8.193548387096774,869000,manoel urbano,AC,24.449994950246147,,,,,,,,,,,,,,,,,,
2024,1,870001,17.35483870967742,870001,tarauaca,AC,45.287562951075046,,,,,,,,,,,,,,,,,,
2024,1,870002,8.547419354838711,870002,feijo,AC,75.68581328042136,,,,,,,,,,,,,,,,,,
2024,1,870003,7.816129032258065,870003,feijo,AC,75.68581328042136,,,,,,,,,,,,,,,,,,
2024,1,872000,5.193548387096774,872000,marechal thaumaturgo,AC,9.109852680527766,,,,,,,,,,,,,,,,,,
2024,1,872001,8.825806451612904,872001,porto walter,AC,6.589483663979894,,,,,,,,,,,,,,,,,,
2024,1,967005,7.525806451612904,967005,senador guiomard,AC,7.169648548204812,,,,,,,,,,,,,,,,,,
2024,1,968003,2.967741935483871,968003,sena madureira,AC,43.7463123380297,,,,,,,,,,,,,,,,,,
2024,1,968004,6.658064516129032,968004,bujari,AC,18.791181238843315,,,,,,,,,,,,,,,,,,
2024,1,968005,9.254838709677419,968005,sena madureira,AC,43.7463123380297,,,,,,,,,,,,,,,,,,
2024,1,969001,7.223076923076923,969001,sena madureira,AC,43.7463123380297,,,,,,,,,,,,,,,,,,
2024,1,972000,4.229032258064516,972000,marechal thaumaturgo,AC,9.109852680527766,,,,,,,,,,,,,,,,,,
2024,1,1067002,9.01290322580645,1067002,placido de castro,AC,2.036490919277682,,,,,,,,,,,,,,,,,,
2024,1,1067003,6.687096774193548,1067003,capixaba,AC,6.727539717031945,,,,,,,,,,,,,,,,,,
2024,1,1068000,4.838709677419355,1068000,xapuri,AC,22.72450396076147,,,,,,,,,,,,,,,,,,
2024,1,1069000,9.016129032258064,1069000,assis brasil,AC,6.151406532918419,,,,,,,,,,,,,,,,,,
2024,1,1168001,7.670967741935484,1168001,brasileia,AC,19.10948109126525,,,,,,,,,,,,,,,,,,
2024,1,8050000,5.7451612903225815,8050000,macapa,AP,0.0,,,,,,,,,,,,,,,,,,
2024,1,8050001,15.906451612903227,8050001,macapa,AP,0.0,,,,,,,,,,,,,,,,,,
2024,1,8051010,21.22258064516129,8051010,macapa,AP,0.0,,,,,,,,,,,,,,,,,,
2024,1,8051012,6.460714285714286,8051012,porto grande,AP,0.0,,,,,,,,,,,,,,,,,,
2024,1,8052000,8.758064516129032,8052000,serra do navio,AP,0.0,,,,,,,,,,,,,,,,,,
2024,1,8150000,9.680645161290323,8150000,tartarugalzinho,AP,0.0,,,,,,,,,,,,,,,,,,
2024,1,8150001,15.419354838709678,8150001,tartarugalzinho,AP,0.0,,,,,,,,,,,,,,,,,,
2024,1,8151000,4.693548387096774,8151000,tartarugalzinho,AP,0.0,,,,,,,,,,,,,,,,,,
2024,1,8250002,16.15483870967742,8250002,calcoene,AP,0.0,,,,,,,,,,,,,,,,,,
2024,1,8250003,25.53548387096774,8250003,amapa,AP,0.0,,,,,,,,,,,,,,,,,,
2024,1,8251001,13.706451612903226,8251001,calcoene,AP,0.0,,,,,,,,,,,,,,,,,,
2024,1,8251003,16.89032258064516,8251003,calcoene,AP,0.0,,,,,,,,,,,,,,,,,,
2024,1,8251004,15.922580645161291,8251004,oiapoque,AP,0.0,,,,,,,,,,,,,,,,,,
2024,1,8351002,16.832,8351002,oiapoque,AP,0.0,,,,,,,,,,,,,,,,,,
2024,2,51002,,51002,mazagao,AP,0.0,,,,,,,,,,,,,,,,,,
2024,2,51004,8.013793103448275,51004,mazagao,AP,0.0,,,,,,,,,,,,,,,,,,
2024,2,52003,9.955172413793104,52003,mazagao,AP,0.0,,,,,,,,,,,,,,,,,,
2024,2,771001,10.689655172413794,771001,tarauaca,AC,45.287562951075046,,,,,,,,,,,,,,,,,,
2024,2,772004,10.786206896551725,772004,cruzeiro do sul,AC,14.888997338765266,,,,,,,,,,,,,,,,,,
2024,2,773000,7.275862068965517,773000,cruzeiro do sul,AC,14.888997338765266,,,,,,,,,,,,,,,,,,
2024,2,773002,9.172413793103448,773002,cruzeiro do sul,AC,14.888997338765266,,,,,,,,,,,,,,,,,,
2024,2,869000,6.279310344827586,869000,manoel urbano,AC,24.449994950246147,,,,,,,,,,,,,,,,,,
2024,2,870001,13.03448275862069,870001,tarauaca,AC,45.287562951075046,,,,,,,,,,,,,,,,,,
2024,2,870002,16.05862068965517,870002,feijo,AC,75.68581328042136,,,,,,,,,,,,,,,,,,
2024,2,870003,6.306896551724138,870003,feijo,AC,75.68581328042136,,,,,,,,,,,,,,,,,,
2024,2,872000,3.2658620689655176,872000,marechal thaumaturgo,AC,9.109852680527766,,,,,,,,,,,,,,,,,,
2024,2,872001,25.651724137931033,872001,porto walter,AC,6.589483663979894,,,,,,,,,,,,,,,,,,
2024,2,967005,13.175862068965518,967005,senador guiomard,AC,7.169648548204812,,,,,,,,,,,,,,,,,,
2024,2,968003,4.810344827586207,968003,sena madureira,AC,43.7463123380297,,,,,,,,,,,,,,,,,,
2024,2,968004,10.548275862068964,968004,bujari,AC,18.791181238843315,,,,,,,,,,,,,,,,,,
2024,2,968005,11.155172413793103,968005,sena madureira,AC,43.7463123380297,,,,,,,,,,,,,,,,,,
2024,2,969001,11.791666666666666,969001,sena madureira,AC,43.7463123380297,,,,,,,,,,,,,,,,,,
2024,2,972000,11.972413793103447,972000,marechal thaumaturgo,AC,9.109852680527766,,,,,,,,,,,,,,,,,,
2024,2,1067002,12.96206896551724,1067002,placido de castro,AC,2.036490919277682,,,,,,,,,,,,,,,,,,
2024,2,1067003,11.60689655172414,1067003,capixaba,AC,6.727539717031945,,,,,,,,,,,,,,,,,,
2024,2,1068000,5.058620689655172,1068000,xapuri,AC,22.72450396076147,,,,,,,,,,,,,,,,,,
2024,2,1069000,11.137931034482758,1069000,assis brasil,AC,6.151406532918419,,,,,,,,,,,,,,,,,,
2024,2,1168001,9.478571428571428,1168001,brasileia,AC,19.10948109126525,,,,,,,,,,,,,,,,,,
2024,2,8050000,10.213793103448275,8050000,macapa,AP,0.0,,,,,,,,,,,,,,,,,,
2024,2,8050001,18.0,8050001,macapa,AP,0.0,,,,,,,,,,,,,,,,,,
2024,2,8051010,16.089655172413792,8051010,macapa,AP,0.0,,,,,,,,,,,,,,,,,,
2024,2,8051012,55.15,8051012,porto grande,AP,0.0,,,,,,,,,,,,,,,,,,
2024,2,8052000,5.358620689655172,8052000,serra do navio,AP,0.0,,,,,,,,,,,,,,,,,,
2024,2,8150000,11.549999999999999,8150000,tartarugalzinho,AP,0.0,,,,,,,,,,,,,,,,,,
2024,2,8150001,13.451724137931036,8150001,tartarugalzinho,AP,0.0,,,,,,,,,,,,,,,,,,
2024,2,8151000,7.993103448275862,8151000,tartarugalzinho,AP,0.0,,,,,,,,,,,,,,,,,,
2024,2,8250002,16.06206896551724,8250002,calcoene,AP,0.0,,,,,,,,,,,,,,,,,,
2024,2,8250003,10.648275862068965,8250003,amapa,AP,0.0,,,,,,,,,,,,,,,,,,
2024,2,8251001,4.679166666666666,8251001,calcoene,AP,0.0,,,,,,,,,,,,,,,,,,
2024,2,8251003,6.546428571428572,8251003,calcoene,AP,0.0,,,,,,,,,,,,,,,,,,
2024,2,8251004,8.051724137931034,8251004,oiapoque,AP,0.0,,,,,,,,,,,,,,,,,,
2024,2,8351002,8.957142857142857,8351002,oiapoque,AP,0.0,,,,,,,,,,,,,,,,,,
2024,3,51002,18.830769230769228,51002,mazagao,AP,0.0,,,,,,,,,,,,,,,,,,
2024,3,51004,14.836666666666668,51004,mazagao,AP,0.0,,,,,,,,,,,,,,,,,,
2024,3,52003,13.851612903225808,52003,mazagao,AP,0.0,,,,,,,,,,,,,,,,,,
2024,3,771001,9.425806451612903,771001,tarauaca,AC,45.287562951075046,,,,,,,,,,,,,,,,,,
2024,3,772003,6.2135483870967745,772003,tarauaca,AC,45.287562951075046,,,,,,,,,,,,,,,,,,
2024,3,772004,5.587096774193548,772004,cruzeiro do sul,AC,14.888997338765266,,,,,,,,,,,,,,,,,,
2024,3,773000,8.83548387096774,773000,cruzeiro do sul,AC,14.888997338765266,,,,,,,,,,,,,,,,,,
2024,3,773002,28.374193548387098,773002,cruzeiro do sul,AC,14.888997338765266,,,,,,,,,,,,,,,,,,
2024,3,869000,4.357142857142857,869000,manoel urbano,AC,24.449994950246147,,,,,,,,,,,,,,,,,,
2024,3,870001,18.93548387096774,870001,tarauaca,AC,45.287562951075046,,,,,,,,,,,,,,,,,,
2024,3,870002,9.619354838709677,870002,feijo,AC,75.68581328042136,,,,,,,,,,,,,,,,,,
2024,3,870003,3.3870967741935485,870003,feijo,AC,75.68581328042136,,,,,,,,,,,,,,,,,,
2024,3,872000,0.8896774193548388,872000,marechal thaumaturgo,AC,9.109852680527766,,,,,,,,,,,,,,,,,,
2024,3,872001,3.1561290322580646,872001,porto walter,AC,6.589483663979894,,,,,,,,,,,,,,,,,,
2024,3,967005,5.748387096774194,967005,senador guiomard,AC,7.169648548204812,,,,,,,,,,,,,,,,,,
2024,3,968003,2.035483870967742,968003,sena madureira,AC,43.7463123380297,,,,,,,,,,,,,,,,,,
2024,3,968004,7.935483870967742,968004,bujari,AC,18.791181238843315,,,,,,,,,,,,,,,,,,
2024,3,968005,8.9,968005,sena madureira,AC,43.7463123380297,,,,,,,,,,,,,,,,,,
2024,3,969001,10.631818181818183,969001,sena madureira,AC,43.7463123380297,,,,,,,,,,,,,,,,,,
2024,3,972000,6.741935483870968,972000,marechal thaumaturgo,AC,9.109852680527766,,,,,,,,,,,,,,,,,,
2024,3,1067002,7.290322580645161,1067002,placido de castro,AC,2.036490919277682,,,,,,,,,,,,,,,,,,
2024,3,1067003,4.12258064516129,1067003,capixaba,AC,6.727539717031945,,,,,,,,,,,,,,,,,,
2024,3,1068000,3.351612903225806,1068000,xapuri,AC,22.72450396076147,,,,,,,,,,,,,,,,,,
2024,3,1069000,3.141935483870968,1069000,assis brasil,AC,6.151406532918419,,,,,,,,,,,,,,,,,,
2024,3,1168001,,1168001,brasileia,AC,19.10948109126525,,,,,,,,,,,,,,,,,,
2024,3,8050000,11.719354838709679,8050000,macapa,AP,0.0,,,,,,,,,,,,,,,,,,
2024,3,8050001,20.338709677419356,8050001,macapa,AP,0.0,,,,,,,,,,,,,,,,,,
2024,3,8051010,24.0258064516129,8051010,macapa,AP,0.0,,,,,,,,,,,,,,,,,,
2024,3,8052000,9.13225806451613,8052000,serra do navio,AP,0.0,,,,,,,,,,,,,,,,,,
2024,3,8150000,11.574193548387097,8150000,tartarugalzinho,AP,0.0,,,,,,,,,,,,,,,,,,
2024,3,8150001,15.606451612903227,8150001,tartarugalzinho,AP,0.0,,,,,,,,,,,,,,,,,,
2024,3,8151000,11.803225806451614,8151000,tartarugalzinho,AP,0.0,,,,,,,,,,,,,,,,,,
2024,3,8250002,2.332258064516129,8250002,calcoene,AP,0.0,,,,,,,,,,,,,,,,,,
2024,3,8250003,14.567741935483872,8250003,amapa,AP,0.0,,,,,,,,,,,,,,,,,,
2024,3,8251001,10.35,8251001,calcoene,AP,0.0,,,,,,,,,,,,,,,,,,
2024,3,8251003,10.109677419354838,8251003,calcoene,AP,0.0,,,,,,,,,,,,,,,,,,
2024,3,8251004,9.838709677419354,8251004,oiapoque,AP,0.0,,,,,,,,,,,,,,,,,,
2024,3,8351002,7.951612903225806,8351002,oiapoque,AP,0.0,,,,,,,,,,,,,,,,,,
2024,4,51002,0.62,51002,mazagao,AP,0.0,,,,,,,,,,,,,,,,,,
2024,4,51004,10.163333333333332,51004,mazagao,AP,0.0,,,,,,,,,,,,,,,,,,
2024,4,52003,13.293333333333333,52003,mazagao,AP,0.0,,,,,,,,,,,,,,,,,,
2024,4,771001,6.766666666666667,771001,tarauaca,AC,45.287562951075046,,,,,,,,,,,,,,,,,,
2024,4,772003,7.873333333333333,772003,tarauaca,AC,45.287562951075046,,,,,,,,,,,,,,,,,,
2024,4,772004,5.266666666666667,772004,cruzeiro do sul,AC,14.888997338765266,,,,,,,,,,,,,,,,,,
2024,4,773000,5.98,773000,cruzeiro do sul,AC,14.888997338765266,,,,,,,,,,,,,,,,,,
2024,4,773002,11.873333333333335,773002,cruzeiro do sul,AC,14.888997338765266,,,,,,,,,,,,,,,,,,
2024,4,869000,8.076666666666666,869000,manoel urbano,AC,24.449994950246147,,,,,,,,,,,,,,,,,,
2024,4,870001,1.0533333333333335,870001,tarauaca,AC,45.287562951075046,,,,,,,,,,,,,,,,,,
2024,4,870002,9.741333333333333,870002,feijo,AC,75.68581328042136,,,,,,,,,,,,,,,,,,
2024,4,870003,3.6233333333333335,870003,feijo,AC,75.68581328042136,,,,,,,,,,,,,,,,,,
2024,4,872000,0.7723333333333334,872000,marechal thaumaturgo,AC,9.109852680527766,,,,,,,,,,,,,,,,,,
2024,4,872001,1.3150000000000002,872001,porto walter,AC,6.589483663979894,,,,,,,,,,,,,,,,,,
2024,4,967005,3.993333333333333,967005,senador guiomard,AC,7.169648548204812,,,,,,,,,,,,,,,,,,
2024,4,968003,3.82,968003,sena madureira,AC,43.7463123380297,,,,,,,,,,,,,,,,,,
2024,4,968004,2.8800000000000003,968004,bujari,AC,18.791181238843315,,,,,,,,,,,,,,,,,,
2024,4,968005,4.946666666666667,968005,sena madureira,AC,43.7463123380297,,,,,,,,,,,,,,,,,,
2024,4,969001,6.593333333333334,969001,sena madureira,AC,43.7463123380297,,,,,,,,,,,,,,,,,,
2024,4,972000,3.04,972000,marechal thaumaturgo,AC,9.109852680527766,,,,,,,,,,,,,,,,,,
2024,4,1067002,3.466666666666667,1067002,placido de castro,AC,2.036490919277682,,,,,,,,,,,,,,,,,,
2024,4,1067003,3.39,1067003,capixaba,AC,6.727539717031945,,,,,,,,,,,,,,,,,,
2024,4,1068000,4.06,1068000,xapuri,AC,22.72450396076147,,,,,,,,,,,,,,,,,,
2024,4,1069000,18.71666666666667,1069000,assis brasil,AC,6.151406532918419,,,,,,,,,,,,,,,,,,
2024,4,1168001,0.0,1168001,brasileia,AC,19.10948109126525,,,,,,,,,,,,,,,,,,
2024,4,8050000,15.216666666666667,8050000,macapa,AP,0.0,,,,,,,,,,,,,,,,,,
2024,4,8051010,15.43,8051010,macapa,AP,0.0,,,,,,,,,,,,,,,,,,
2024,4,8051012,8.994736842105263,8051012,porto grande,AP,0.0,,,,,,,,,,,,,,,,,,
2024,4,8150000,12.4,8150000,tartarugalzinho,AP,0.0,,,,,,,,,,,,,,,,,,
2024,4,8150001,15.753333333333334,8150001,tartarugalzinho,AP,0.0,,,,,,,,,,,,,,,,,,
2024,4,8151000,12.333333333333334,8151000,tartarugalzinho,AP,0.0,,,,,,,,,,,,,,,,,,
2024,4,8250002,13.103333333333333,8250002,calcoene,AP,0.0,,,,,,,,,,,,,,,,,,
2024,4,8250003,26.886666666666667,8250003,amapa,AP,0.0,,,,,,,,,,,,,,,,,,
2024,4,8251001,10.546666666666665,8251001,calcoene,AP,0.0,,,,,,,,,,,,,,,,,,
2024,4,8251003,16.136666666666667,8251003,calcoene,AP,0.0,,,,,,,,,,,,,,,,,,
2024,4,8251004,17.990000000000002,8251004,oiapoque,AP,0.0,,,,,,,,,,,,,,,,,,
2024,4,8351002,14.651851851851852,8351002,oiapoque,AP,0.0,,,,,,,,,,,,,,,,,,
2024,5,51002,0.19677419354838707,51002,mazagao,AP,0.0,,,,,,,,,,,,,,,,,,
2024,5,51004,7.577419354838709,51004,mazagao,AP,0.0,,,,,,,,,,,,,,,,,,
2024,5,52003,14.296774193548387,52003,mazagao,AP,0.0,,,,,,,,,,,,,,,,,,
2024,5,771001,2.9741935483870967,771001,tarauaca,AC,45.287562951075046,,,,,,,,,,,,,,,,,,
2024,5,772003,5.696774193548387,772003,tarauaca,AC,45.287562951075046,,,,,,,,,,,,,,,,,,
2024,5,772004,4.374193548387097,772004,cruzeiro do sul,AC,14.888997338765266,,,,,,,,,,,,,,,,,,
2024,5,773000,4.716129032258064,773000,cruzeiro do sul,AC,14.888997338765266,,,,,,,,,,,,,,,,,,
2024,5,773002,3.0064516129032257,773002,cruzeiro do sul,AC,14.888997338765266,,,,,,,,,,,,,,,,,,
2024,5,869000,1.8580645161290323,869000,manoel urbano,AC,24.449994950246147,,,,,,,,,,,,,,,,,,
2024,5,870001,0.8387096774193549,870001,tarauaca,AC,45.287562951075046,,,,,,,,,,,,,,,,,,
2024,5,870002,3.9161290322580644,870002,feijo,AC,75.68581328042136,,,,,,,,,,,,,,,,,,
2024,5,870003,1.664516129032258,870003,feijo,AC,75.68581328042136,,,,,,,,,,,,,,,,,,
2024,5,872000,2.174193548387097,872000,marechal thaumaturgo,AC,9.109852680527766,,,,,,,,,,,,,,,,,,
2024,5,872001,3.806451612903226,872001,porto walter,AC,6.589483663979894,,,,,,,,,,,,,,,,,,
2024,5,967005,3.3580645161290326,967005,senador guiomard,AC,7.169648548204812,,,,,,,,,,,,,,,,,,
2024,5,968003,1.0419354838709676,968003,sena madureira,AC,43.7463123380297,,,,,,,,,,,,,,,,,,
2024,5,968004,3.135483870967742,968004,bujari,AC,18.791181238843315,,,,,,,,,,,,,,,,,,
2024,5,968005,2.9645161290322584,968005,sena madureira,AC,43.7463123380297,,,,,,,,,,,,,,,,,,
2024,5,969001,0.7032258064516129,969001,sena madureira,AC,43.7463123380297,,,,,,,,,,,,,,,,,,
2024,5,972000,2.0870967741935487,972000,marechal thaumaturgo,AC,9.109852680527766,,,,,,,,,,,,,,,,,,
2024,5,1067002,3.893548387096774,1067002,placido de castro,AC,2.036490919277682,,,,,,,,,,,,,,,,,,
2024,5,1067003,1.435483870967742,1067003,capixaba,AC,6.727539717031945,,,,,,,,,,,,,,,,,,
2024,5,1068000,1.0133333333333332,1068000,xapuri,AC,22.72450396076147,,,,,,,,,,,,,,,,,,
2024,5,1069000,,1069000,assis brasil,AC,6.151406532918419,,,,,,,,,,,,,,,,,,
2024,5,1168001,4.087096774193548,1168001,brasileia,AC,19.10948109126525,,,,,,,,,,,,,,,,,,
2024,5,8050000,17.04516129032258,8050000,macapa,AP,0.0,,,,,,,,,,,,,,,,,,
2024,5,8050001,24.896774193548385,8050001,macapa,AP,0.0,,,,,,,,,,,,,,,,,,
2024,5,8051010,19.42258064516129,8051010,macapa,AP,0.0,,,,,,,,,,,,,,,,,,
2024,5,8051012,8.62258064516129,8051012,porto grande,AP,0.0,,,,,,,,,,,,,,,,,,
2024,5,8150000,14.187096774193549,8150000,tartarugalzinho,AP,0.0,,,,,,,,,,,,,,,,,,
2024,5,8150001,13.96774193548387,8150001,tartarugalzinho,AP,0.0,,,,,,,,,,,,,,,,,,
2024,5,8151000,7.329032258064516,8151000,tartarugalzinho,AP,0.0,,,,,,,,,,,,,,,,,,
2024,5,8250002,22.227777777777774,8250002,calcoene,AP,0.0,,,,,,,,,,,,,,,,,,
2024,5,8250003,22.241935483870968,8250003,amapa,AP,0.0,,,,,,,,,,,,,,,,,,
2024,5,8251001,12.351851851851851,8251001,calcoene,AP,0.0,,,,,,,,,,,,,,,,,,
2024,5,8251003,13.496774193548386,8251003,calcoene,AP,0.0,,,,,,,,,,,,,,,,,,
2024,5,8351002,25.54,8351002,oiapoque,AP,0.0,,,,,,,,,,,,,,,,,,
2024,6,51002,0.08666666666666667,51002,mazagao,AP,0.0,,,,,,,,,,,,,,,,,,
2024,6,51004,8.986666666666668,51004,mazagao,AP,0.0,,,,,,,,,,,,,,,,,,
2024,6,52003,13.673333333333334,52003,mazagao,AP,0.0,,,,,,,,,,,,,,,,,,
2024,6,771001,1.7333333333333334,771001,tarauaca,AC,45.287562951075046,,,,,,,,,,,,,,,,,,
2024,6,772003,5.65,772003,tarauaca,AC,45.287562951075046,,,,,,,,,,,,,,,,,,
2024,6,772004,0.06999999999999999,772004,cruzeiro do sul,AC,14.888997338765266,,,,,,,,,,,,,,,,,,
2024,6,773000,0.2733333333333333,773000,cruzeiro do sul,AC,14.888997338765266,,,,,,,,,,,,,,,,,,
2024,6,773002,2.183333333333333,773002,cruzeiro do sul,AC,14.888997338765266,,,,,,,,,,,,,,,,,,
2024,6,869000,0.15666666666666665,869000,manoel urbano,AC,24.449994950246147,,,,,,,,,,,,,,,,,,
2024,6,870001,0.0,870001,tarauaca,AC,45.287562951075046,,,,,,,,,,,,,,,,,,
2024,6,870002,1.365,870002,feijo,AC,75.68581328042136,,,,,,,,,,,,,,,,,,
2024,6,870003,0.0,870003,feijo,AC,75.68581328042136,,,,,,,,,,,,,,,,,,
2024,6,872000,1.6266666666666665,872000,marechal thaumaturgo,AC,9.109852680527766,,,,,,,,,,,,,,,,,,
2024,6,872001,0.23333333333333334,872001,porto walter,AC,6.589483663979894,,,,,,,,,,,,,,,,,,
2024,6,967005,0.0,967005,senador guiomard,AC,7.169648548204812,,,,,,,,,,,,,,,,,,
2024,6,968003,0.55,968003,sena madureira,AC,43.7463123380297,,,,,,,,,,,,,,,,,,
2024,6,968004,0.3266666666666667,968004,bujari,AC,18.791181238843315,,,,,,,,,,,,,,,,,,
2024,6,968005,0.0,968005,sena madureira,AC,43.7463123380297,,,,,,,,,,,,,,,,,,
2024,6,969001,0.33,969001,sena madureira,AC,43.7463123380297,,,,,,,,,,,,,,,,,,
2024,6,972000,1.4400000000000002,972000,marechal thaumaturgo,AC,9.109852680527766,,,,,,,,,,,,,,,,,,
2024,6,1067002,0.3233333333333333,1067002,placido de castro,AC,2.036490919277682,,,,,,,,,,,,,,,,,,
2024,6,1067003,1.6199999999999999,1067003,capixaba,AC,6.727539717031945,,,,,,,,,,,,,,,,,,
2024,6,1068000,0.28,1068000,xapuri,AC,22.72450396076147,,,,,,,,,,,,,,,,,,
2024,6,1069000,3.4,1069000,assis brasil,AC,6.151406532918419,,,,,,,,,,,,,,,,,,
2024,6,8050000,7.1,8050000,macapa,AP,0.0,,,,,,,,,,,,,,,,,,
2024,6,8050001,10.696666666666665,8050001,macapa,AP,0.0,,,,,,,,,,,,,,,,,,
2024,6,8051010,16.496666666666666,8051010,macapa,AP,0.0,,,,,,,,,,,,,,,,,,
2024,6,8051012,10.056666666666667,8051012,porto grande,AP,0.0,,,,,,,,,,,,,,,,,,
2024,6,8150000,7.55,8150000,tartarugalzinho,AP,0.0,,,,,,,,,,,,,,,,,,
2024,6,8150001,4.430000000000001,8150001,tartarugalzinho,AP,0.0,,,,,,,,,,,,,,,,,,
2024,6,8151000,3.38,8151000,tartarugalzinho,AP,0.0,,,,,,,,,,,,,,,,,,
2024,6,8250002,11.396666666666668,8250002,calcoene,AP,0.0,,,,,,,,,,,,,,,,,,
2024,6,8250003,9.3,8250003,amapa,AP,0.0,,,,,,,,,,,,,,,,,,
2024,6,8251001,9.656666666666666,8251001,calcoene,AP,0.0,,,,,,,,,,,,,,,,,,
2024,6,8251003,6.45,8251003,calcoene,AP,0.0,,,,,,,,,,,,,,,,,,
2024,6,8251004,13.58,8251004,oiapoque,AP,0.0,,,,,,,,,,,,,,,,,,
2024,6,8351002,9.564,8351002,oiapoque,AP,0.0,,,,,,,,,,,,,,,,,,
2024,7,51002,0.9903225806451613,51002,mazagao,AP,0.0,,,,,,,,,,,,,,,,,,
2024,7,51004,4.835483870967742,51004,mazagao,AP,0.0,,,,,,,,,,,,,,,,,,
2024,7,771001,1.032258064516129,771001,tarauaca,AC,45.287562951075046,,,,,,,,,,,,,,,,,,
2024,7,772003,0.6096774193548387,772003,tarauaca,AC,45.287562951075046,,,,,,,,,,,,,,,,,,
2024,7,772004,0.08064516129032258,772004,cruzeiro do sul,AC,14.888997338765266,,,,,,,,,,,,,,,,,,
2024,7,773000,0.5516129032258065,773000,cruzeiro do sul,AC,14.888997338765266,,,,,,,,,,,,,,,,,,
2024,7,773002,0.532258064516129,773002,cruzeiro do sul,AC,14.888997338765266,,,,,,,,,,,,,,,,,,
2024,7,869000,0.4161290322580645,869000,manoel urbano,AC,24.449994950246147,,,,,,,,,,,,,,,,,,
2024,7,870001,0.0,870001,tarauaca,AC,45.287562951075046,,,,,,,,,,,,,,,,,,
2024,7,870002,1.3096774193548386,870002,feijo,AC,75.68581328042136,,,,,,,,,,,,,,,,,,
2024,7,870003,0.0,870003,feijo,AC,75.68581328042136,,,,,,,,,,,,,,,,,,
2024,7,872000,1.0806451612903225,872000,marechal thaumaturgo,AC,9.109852680527766,,,,,,,,,,,,,,,,,,
2024,7,872001,0.0,872001,porto walter,AC,6.589483663979894,,,,,,,,,,,,,,,,,,
2024,7,967005,0.0,967005,senador guiomard,AC,7.169648548204812,,,,,,,,,,,,,,,,,,
2024,7,968003,0.5870967741935483,968003,sena madureira,AC,43.7463123380297,,,,,,,,,,,,,,,,,,
2024,7,968004,1.6064516129032258,968004,bujari,AC,18.791181238843315,,,,,,,,,,,,,,,,,,
2024,7,968005,0.7516129032258064,968005,sena madureira,AC,43.7463123380297,,,,,,,,,,,,,,,,,,
2024,7,969001,0.1032258064516129,969001,sena madureira,AC,43.7463123380297,,,,,,,,,,,,,,,,,,
2024,7,972000,1.6032258064516127,972000,marechal thaumaturgo,AC,9.109852680527766,,,,,,,,,,,,,,,,,,
2024,7,1067002,0.9870967741935485,1067002,placido de castro,AC,2.036490919277682,,,,,,,,,,,,,,,,,,
2024,7,1067003,0.21935483870967742,1067003,capixaba,AC,6.727539717031945,,,,,,,,,,,,,,,,,,
2024,7,1068000,0.0,1068000,xapuri,AC,22.72450396076147,,,,,,,,,,,,,,,,,,
2024,7,1069000,5.67,1069000,assis brasil,AC,6.151406532918419,,,,,,,,,,,,,,,,,,
2024,7,1168001,0.0,1168001,brasileia,AC,19.10948109126525,,,,,,,,,,,,,,,,,,
2024,7,8050001,8.303225806451612,8050001,macapa,AP,0.0,,,,,,,,,,,,,,,,,,
2024,7,8052000,3.274193548387097,8052000,serra do navio,AP,0.0,,,,,,,,,,,,,,,,,,
2024,7,8150000,5.264516129032257,8150000,tartarugalzinho,AP,0.0,,,,,,,,,,,,,,,,,,
2024,7,8150001,4.780645161290322,8150001,tartarugalzinho,AP,0.0,,,,,,,,,,,,,,,,,,
2024,7,8151000,2.1548387096774193,8151000,tartarugalzinho,AP,0.0,,,,,,,,,,,,,,,,,,
2024,7,8250002,9.04516129032258,8250002,calcoene,AP,0.0,,,,,,,,,,,,,,,,,,
2024,7,8250003,8.332258064516129,8250003,amapa,AP,0.0,,,,,,,,,,,,,,,,,,
2024,7,8251001,2.0483870967741935,8251001,calcoene,AP,0.0,,,,,,,,,,,,,,,,,,
2024,7,8251004,6.651612903225807,8251004,oiapoque,AP,0.0,,,,,,,,,,,,,,,,,,
2024,7,8351002,5.1,8351002,oiapoque,AP,0.0,,,,,,,,,,,,,,,,,,
2024,8,51002,0.4096774193548387,51002,mazagao,AP,0.0,,,,,,,,,,,,,,,,,,
2024,8,51004,1.238709677419355,51004,mazagao,AP,0.0,,,,,,,,,,,,,,,,,,
2024,8,52003,3.1225806451612903,52003,mazagao,AP,0.0,,,,,,,,,,,,,,,,,,
2024,8,869000,0.25483870967741934,869000,manoel urbano,AC,24.449994950246147,,,,,,,,,,,,,,,,,,
2024,8,870001,0.13548387096774195,870001,tarauaca,AC,45.287562951075046,,,,,,,,,,,,,,,,,,
2024,8,870002,0.9806451612903226,870002,feijo,AC,75.68581328042136,,,,,,,,,,,,,,,,,,
2024,8,870003,0.9516129032258065,870003,feijo,AC,75.68581328042136,,,,,,,,,,,,,,,,,,
2024,8,967005,0.0,967005,senador guiomard,AC,7.169648548204812,,,,,,,,,,,,,,,,,,
2024,8,968003,0.33548387096774196,968003,sena madureira,AC,43.7463123380297,,,,,,,,,,,,,,,,,,
2024,8,968004,0.2709677419354839,968004,bujari,AC,18.791181238843315,,,,,,,,,,,,,,,,,,
2024,8,968005,0.01935483870967742,968005,sena madureira,AC,43.7463123380297,,,,,,,,,,,,,,,,,,
2024,8,969001,1.3451612903225807,969001,sena madureira,AC,43.7463123380297,,,,,,,,,,,,,,,,,,
2024,8,1067002,0.16129032258064516,1067002,placido de castro,AC,2.036490919277682,,,,,,,,,,,,,,,,,,
2024,8,1067003,0.03870967741935484,1067003,capixaba,AC,6.727539717031945,,,,,,,,,,,,,,,,,,
2024,8,1068000,0.5806451612903226,1068000,xapuri,AC,22.72450396076147,,,,,,,,,,,,,,,,,,
2024,8,1069000,22.6,1069000,assis brasil,AC,6.151406532918419,,,,,,,,,,,,,,,,,,
2024,8,1168001,0.0,1168001,brasileia,AC,19.10948109126525,,,,,,,,,,,,,,,,,,
2024,8,8050000,0.6516129032258065,8050000,macapa,AP,0.0,,,,,,,,,,,,,,,,,,
2024,8,8050001,0.0,8050001,macapa,AP,0.0,,,,,,,,,,,,,,,,,,
2024,8,8051010,2.193548387096774,8051010,macapa,AP,0.0,,,,,,,,,,,,,,,,,,
2024,8,8051012,1.5258064516129033,8051012,porto grande,AP,0.0,,,,,,,,,,,,,,,,,,
2024,8,8052000,2.97741935483871,8052000,serra do navio,AP,0.0,,,,,,,,,,,,,,,,,,
2024,8,8150000,1.2741935483870968,8150000,tartarugalzinho,AP,0.0,,,,,,,,,,,,,,,,,,
2024,8,8150001,2.5,8150001,tartarugalzinho,AP,0.0,,,,,,,,,,,,,,,,,,
2024,8,8250002,1.3354838709677421,8250002,calcoene,AP,0.0,,,,,,,,,,,,,,,,,,
2024,8,8250003,2.490322580645161,8250003,amapa,AP,0.0,,,,,,,,,,,,,,,,,,
2024,8,8251003,4.461290322580646,8251003,calcoene,AP,0.0,,,,,,,,,,,,,,,,,,
2024,8,8251004,3.6774193548387095,8251004,oiapoque,AP,0.0,,,,,,,,,,,,,,,,,,
2024,9,51002,0.8766666666666667,51002,mazagao,AP,0.0,,,,,,,,,,,,,,,,,,
2024,9,52003,0.0,52003,mazagao,AP,0.0,,,,,,,,,,,,,,,,,,
2024,9,869000,4.023333333333333,869000,manoel urbano,AC,24.449994950246147,,,,,,,,,,,,,,,,,,
2024,9,870001,0.6533333333333334,870001,tarauaca,AC,45.287562951075046,,,,,,,,,,,,,,,,,,
2024,9,870002,2.6966666666666668,870002,feijo,AC,75.68581328042136,,,,,,,,,,,,,,,,,,
2024,9,870003,1.02,870003,feijo,AC,75.68581328042136,,,,,,,,,,,,,,,,,,
2024,9,968003,0.7066666666666667,968003,sena madureira,AC,43.7463123380297,,,,,,,,,,,,,,,,,,
2024,9,968004,0.9533333333333333,968004,bujari,AC,18.791181238843315,,,,,,,,,,,,,,,,,,
2024,9,968005,0.47333333333333333,968005,sena madureira,AC,43.7463123380297,,,,,,,,,,,,,,,,,,
2024,9,969001,1.03,969001,sena madureira,AC,43.7463123380297,,,,,,,,,,,,,,,,,,
2024,9,1067002,0.016666666666666666,1067002,placido de castro,AC,2.036490919277682,,,,,,,,,,,,,,,,,,
2024,9,1067003,1.2966666666666669,1067003,capixaba,AC,6.727539717031945,,,,,,,,,,,,,,,,,,
2024,9,1068000,1.57,1068000,xapuri,AC,22.72450396076147,,,,,,,,,,,,,,,,,,
2024,9,1069000,2.0046666666666666,1069000,assis brasil,AC,6.151406532918419,,,,,,,,,,,,,,,,,,
2024,9,1168001,0.0,1168001,brasileia,AC,19.10948109126525,,,,,,,,,,,,,,,,,,
2024,9,8050000,0.08666666666666666,8050000,macapa,AP,0.0,,,,,,,,,,,,,,,,,,
2024,9,8050001,0.63,8050001,macapa,AP,0.0,,,,,,,,,,,,,,,,,,
2024,9,8051010,0.7133333333333333,8051010,macapa,AP,0.0,,,,,,,,,,,,,,,,,,
2024,9,8052000,1.5333333333333334,8052000,serra do navio,AP,0.0,,,,,,,,,,,,,,,,,,
2024,9,8150000,0.0,8150000,tartarugalzinho,AP,0.0,,,,,,,,,,,,,,,,,,
2024,9,8150001,0.0,8150001,tartarugalzinho,AP,0.0,,,,,,,,,,,,,,,,,,
2024,9,8250002,0.04666666666666666,8250002,calcoene,AP,0.0,,,,,,,,,,,,,,,,,,
2024,9,8250003,0.22,8250003,amapa,AP,0.0,,,,,,,,,,,,,,,,,,
2024,9,8251003,1.0033333333333332,8251003,calcoene,AP,0.0,,,,,,,,,,,,,,,,,,
2024,9,8251004,0.41333333333333333,8251004,oiapoque,AP,0.0,,,,,,,,,,,,,,,,,,
2024,10,52003,0.03225806451612903,52003,mazagao,AP,0.0,,,,,,,,,,,,,,,,,,
2024,10,869000,9.406451612903227,869000,manoel urbano,AC,24.449994950246147,,,,,,,,,,,,,,,,,,
2024,10,968003,5.709677419354839,968003,sena madureira,AC,43.7463123380297,,,,,,,,,,,,,,,,,,
2024,10,968004,4.041935483870968,968004,bujari,AC,18.791181238843315,,,,,,,,,,,,,,,,,,
2024,10,968005,3.148387096774193,968005,sena madureira,AC,43.7463123380297,,,,,,,,,,,,,,,,,,
2024,10,1067002,4.919354838709677,1067002,placido de castro,AC,2.036490919277682,,,,,,,,,,,,,,,,,,
2024,10,1067003,3.5709677419354837,1067003,capixaba,AC,6.727539717031945,,,,,,,,,,,,,,,,,,
2024,10,1068000,6.590322580645162,1068000,xapuri,AC,22.72450396076147,,,,,,,,,,,,,,,,,,
2024,10,1069000,5.6258064516129025,1069000,assis brasil,AC,6.151406532918419,,,,,,,,,,,,,,,,,,
2024,10,1168001,5.245161290322581,1168001,brasileia,AC,19.10948109126525,,,,,,,,,,,,,,,,,,
2024,10,8050000,0.0,8050000,macapa,AP,0.0,,,,,,,,,,,,,,,,,,
2024,10,8051010,1.2483870967741937,8051010,macapa,AP,0.0,,,,,,,,,,,,,,,,,,
2024,10,8052000,0.6967741935483871,8052000,serra do navio,AP,0.0,,,,,,,,,,,,,,,,,,
2024,10,8150000,0.48709677419354835,8150000,tartarugalzinho,AP,0.0,,,,,,,,,,,,,,,,,,
2024,10,8150001,1.8483870967741935,8150001,tartarugalzinho,AP,0.0,,,,,,,,,,,,,,,,,,
2024,10,8250002,0.30000000000000004,8250002,calcoene,AP,0.0,,,,,,,,,,,,,,,,,,
2024,10,8250003,0.34516129032258064,8250003,amapa,AP,0.0,,,,,,,,,,,,,,,,,,
2024,10,8251003,0.33225806451612905,8251003,calcoene,AP,0.0,,,,,,,,,,,,,,,,,,
2024,11,52003,0.45,52003,mazagao,AP,0.0,,,,,,,,,,,,,,,,,,
2024,11,869000,7.156666666666666,869000,manoel urbano,AC,24.449994950246147,,,,,,,,,,,,,,,,,,
2024,11,1067002,13.645333333333333,1067002,placido de castro,AC,2.036490919277682,,,,,,,,,,,,,,,,,,
2024,11,8050000,0.07,8050000,macapa,AP,0.0,,,,,,,,,,,,,,,,,,
2024,11,8051010,0.0,8051010,macapa,AP,0.0,,,,,,,,,,,,,,,,,,
2024,11,8052000,0.52,8052000,serra do navio,AP,0.0,,,,,,,,,,,,,,,,,,
2024,11,8150000,0.64,8150000,tartarugalzinho,AP,0.0,,,,,,,,,,,,,,,,,,
2024,11,8150001,0.51,8150001,tartarugalzinho,AP,0.0,,,,,,,,,,,,,,,,,,
2024,11,8250003,0.29,8250003,amapa,AP,0.0,,,,,,,,,,,,,,,,,,
2024,11,8251003,2.0033333333333334,8251003,calcoene,AP,0.0,,,,,,,,,,,,,,,,,,
2024,11,8251004,1.0133333333333332,8251004,oiapoque,AP,0.0,,,,,,,,,,,,,,,,,,
2024,12,52003,6.938709677419355,52003,mazagao,AP,0.0,,,,,,,,,,,,,,,,,,
2024,12,869000,11.683870967741935,869000,manoel urbano,AC,24.449994950246147,,,,,,,,,,,,,,,,,,
2024,12,1067002,7.696774193548387,1067002,placido de castro,AC,2.036490919277682,,,,,,,,,,,,,,,,,,
2024,12,8050000,1.9806451612903226,8050000,macapa,AP,0.0,,,,,,,,,,,,,,,,,,
2024,12,8051010,10.345161290322581,8051010,macapa,AP,0.0,,,,,,,,,,,,,,,,,,
2024,12,8150001,7.641935483870968,8150001,tartarugalzinho,AP,0.0,,,,,,,,,,,,,,,,,,
2024,12,8250003,14.848387096774195,8250003,amapa,AP,0.0,,,,,,,,,,,,,,,,,,
2024,12,8251003,6.393548387096774,8251003,calcoene,AP,0.0,,,,,,,,,,,,,,,,,,
